date,transaction_no,symbol,buyer,seller,quantity,rate,amount
2020-03-05,2020030501022362,ADBL,42,13,142,405.0,57510.0
2020-03-05,2020030501022335,ADBL,47,59,356,406.0,144536.0
2020-03-05,2020030501022316,ADBL,47,34,144,406.0,58464.0
2020-03-05,2020030501022315,ADBL,34,34,50,406.0,20300.0
2020-03-05,2020030501022314,ADBL,41,34,53,406.0,21518.0
2020-03-05,2020030501022179,ADBL,14,14,160,407.0,65120.0
2020-03-05,2020030501022133,ADBL,35,14,50,407.0,20350.0
2020-03-05,2020030501022426,AKPL,42,46,110,123.0,13530.0
2020-03-05,2020030501022425,AKPL,38,46,200,123.0,24600.0
2020-03-05,2020030501022424,AKPL,46,46,500,123.0,61500.0
2020-03-05,2020030501022423,AKPL,1,46,100,123.0,12300.0
2020-03-05,2020030501022422,AKPL,45,46,2000,123.0,246000.0
2020-03-05,2020030501022421,AKPL,1,46,500,123.0,61500.0
2020-03-05,2020030501022420,AKPL,37,46,1000,123.0,123000.0
2020-03-05,2020030501022419,AKPL,49,46,90,123.0,11070.0
2020-03-05,2020030501022350,AKPL,41,46,500,124.0,62000.0
2020-03-05,2020030501022265,AKPL,17,53,15,126.0,1890.0
2020-03-05,2020030501022264,AKPL,17,46,25,124.0,3100.0
2020-03-05,2020030501022064,AKPL,34,46,875,124.0,108500.0
2020-03-05,2020030501022279,ALICL,36,47,25,580.0,14500.0
2020-03-05,2020030501022245,ALICL,37,17,150,579.0,86850.0
2020-03-05,2020030501022219,ALICL,59,49,650,576.0,374400.0
2020-03-05,2020030501022218,ALICL,22,49,300,577.0,173100.0
2020-03-05,2020030501022217,ALICL,39,49,50,578.0,28900.0
2020-03-05,2020030501022137,ALICL,48,17,100,579.0,57900.0
2020-03-05,2020030501022286,API,25,17,50,131.0,6550.0
2020-03-05,2020030501022285,API,25,13,150,130.0,19500.0
2020-03-05,2020030501022200,API,29,13,1500,130.0,195000.0
2020-03-05,2020030501022346,BPCL,48,44,22,360.0,7920.0
2020-03-05,2020030501022160,BPCL,42,34,39,363.0,14157.0
2020-03-05,2020030501022464,CBBL,38,38,10,1070.0,10700.0
2020-03-05,2020030501022418,CBBL,10,59,42,1055.0,44310.0
2020-03-05,2020030501022417,CBBL,58,59,58,1055.0,61190.0
2020-03-05,2020030501022308,CBBL,58,42,100,1055.0,105500.0
2020-03-05,2020030501022161,CBBL,58,6,367,1055.0,387185.0
2020-03-05,2020030501022059,CBBL,58,40,384,1055.0,405120.0
2020-03-05,2020030501022331,CBL,36,4,220,149.0,32780.0
2020-03-05,2020030501022330,CBL,36,39,280,149.0,41720.0
2020-03-05,2020030501022307,CBL,43,39,10,149.0,1490.0
2020-03-05,2020030501022232,CBL,17,45,300,148.0,44400.0
2020-03-05,2020030501022492,CCBL,39,22,87,185.0,16095.0
2020-03-05,2020030501022378,CIT,51,7,20,2680.0,53600.0
2020-03-05,2020030501022235,CIT,52,57,30,2675.0,80250.0
2020-03-05,2020030501022110,CIT,33,22,100,2665.0,266500.0
2020-03-05,2020030501022338,CMF1,7,43,3000,9.64,28920.0
2020-03-05,2020030501022181,CMF1,7,4,16900,9.64,162916.0
2020-03-05,2020030501022180,CMF1,1,4,3000,9.64,28920.0
2020-03-05,2020030501022244,CZBIL,39,13,460,204.0,93840.0
2020-03-05,2020030501022243,CZBIL,39,13,480,204.0,97920.0
2020-03-05,2020030501022242,CZBIL,40,13,60,204.0,12240.0
2020-03-05,2020030501022190,CZBIL,40,13,940,204.0,191760.0
2020-03-05,2020030501022189,CZBIL,38,13,100,204.0,20400.0
2020-03-05,2020030501022188,CZBIL,33,13,50,204.0,10200.0
2020-03-05,2020030501022187,CZBIL,42,13,247,204.0,50388.0
2020-03-05,2020030501022186,CZBIL,36,13,88,205.0,18040.0
2020-03-05,2020030501022171,CZBIL,49,50,50,206.0,10300.0
2020-03-05,2020030501022061,CZBIL,36,56,200,205.0,41000.0
2020-03-05,2020030501022060,CZBIL,36,21,212,205.0,43460.0
2020-03-05,2020030501022381,DDBL,34,51,333,856.0,285048.0
2020-03-05,2020030501022380,DDBL,6,51,10,857.0,8570.0
2020-03-05,2020030501022239,DDBL,32,51,50,865.0,43250.0
2020-03-05,2020030501022164,DDBL,21,51,60,865.0,51900.0
2020-03-05,2020030501022163,DDBL,29,51,50,865.0,43250.0
2020-03-05,2020030501022162,DDBL,42,51,10,865.0,8650.0
2020-03-05,2020030501022311,EBL,59,16,515,751.0,386765.0
2020-03-05,2020030501022220,EBL,35,16,50,751.0,37550.0
2020-03-05,2020030501022282,EIC,47,17,660,411.0,271260.0
2020-03-05,2020030501022226,EIC,44,56,50,412.0,20600.0
2020-03-05,2020030501022131,EIC,47,59,100,411.0,41100.0
2020-03-05,2020030501022130,EIC,47,5,69,410.0,28290.0
2020-03-05,2020030501022129,EIC,47,36,150,410.0,61500.0
2020-03-05,2020030501022128,EIC,47,45,20,410.0,8200.0
2020-03-05,2020030501022121,EIC,47,56,158,407.0,64306.0
2020-03-05,2020030501022127,EIC,47,58,40,410.0,16400.0
2020-03-05,2020030501022126,EIC,47,48,304,410.0,124640.0
2020-03-05,2020030501022125,EIC,47,51,125,409.0,51125.0
2020-03-05,2020030501022124,EIC,47,57,150,408.0,61200.0
2020-03-05,2020030501022123,EIC,47,35,124,408.0,50592.0
2020-03-05,2020030501022122,EIC,47,43,100,407.0,40700.0
2020-03-05,2020030501022322,FMDBL,25,51,200,514.0,102800.0
2020-03-05,2020030501022321,FMDBL,25,42,100,513.0,51300.0
2020-03-05,2020030501022192,FMDBL,29,6,300,510.0,153000.0
2020-03-05,2020030501022145,FOWAD,43,42,100,1518.0,151800.0
2020-03-05,2020030501022144,FOWAD,43,45,74,1518.0,112332.0
2020-03-05,2020030501022416,GBBL,58,4,634,257.0,162938.0
2020-03-05,2020030501022415,GBBL,58,32,100,257.0,25700.0
2020-03-05,2020030501022414,GBBL,58,49,50,256.0,12800.0
2020-03-05,2020030501022413,GBBL,58,4,553,256.0,141568.0
2020-03-05,2020030501022412,GBBL,58,11,100,255.0,25500.0
2020-03-05,2020030501022411,GBBL,58,14,63,255.0,16065.0
2020-03-05,2020030501022229,GBBL,58,28,2500,250.0,625000.0
2020-03-05,2020030501022228,GBBL,58,6,500,249.0,124500.0
2020-03-05,2020030501022213,GBBL,48,34,1000,248.0,248000.0
2020-03-05,2020030501022410,GBBL,58,45,100,254.0,25400.0
2020-03-05,2020030501022409,GBBL,58,16,400,253.0,101200.0
2020-03-05,2020030501022341,GBBL,58,35,2500,250.0,625000.0
2020-03-05,2020030501022340,GBBL,58,37,2497,249.0,621753.0
2020-03-05,2020030501022263,GBBL,58,35,1500,250.0,375000.0
2020-03-05,2020030501022262,GBBL,58,28,1500,250.0,375000.0
2020-03-05,2020030501022115,GBIME,28,49,801,286.0,229086.0
2020-03-05,2020030501022104,GBIME,28,32,172,286.0,49192.0
2020-03-05,2020030501022097,GBIME,28,50,27,286.0,7722.0
2020-03-05,2020030501022033,GBIME,28,42,1000,286.0,286000.0
2020-03-05,2020030501022032,GBIME,21,42,152,286.0,43472.0
2020-03-05,2020030501022478,GBLBS,52,16,15,502.0,7530.0
2020-03-05,2020030501022344,GBLBS,52,45,185,510.0,94350.0
2020-03-05,2020030501022343,GBLBS,52,32,15,509.0,7635.0
2020-03-05,2020030501022342,GBLBS,52,29,300,505.0,151500.0
2020-03-05,2020030501022237,GBLBS,34,58,170,501.0,85170.0
2020-03-05,2020030501022142,GBLBS,34,16,15,501.0,7515.0
2020-03-05,2020030501022141,GBLBS,41,58,30,505.0,15150.0
2020-03-05,2020030501022071,GBLBS,34,50,54,501.0,27054.0
2020-03-05,2020030501022070,GBLBS,33,50,96,501.0,48096.0
2020-03-05,2020030501022034,GBLBS,42,58,500,505.0,252500.0
2020-03-05,2020030501022294,GGBSL,21,3,10,810.0,8100.0
2020-03-05,2020030501022293,GGBSL,38,3,60,811.0,48660.0
2020-03-05,2020030501022156,GILB,36,45,100,1364.0,136400.0
2020-03-05,2020030501022112,GLBSL,33,43,27,680.0,18360.0
2020-03-05,2020030501022395,GLICL,26,57,220,494.0,108680.0
2020-03-05,2020030501022303,GLICL,41,32,50,493.0,24650.0
2020-03-05,2020030501022227,GLICL,41,34,35,493.0,17255.0
2020-03-05,2020030501022470,HBL,35,25,50,604.0,30200.0
2020-03-05,2020030501022223,HBL,33,45,82,605.0,49610.0
2020-03-05,2020030501022334,HDL,48,22,15,1616.0,24240.0
2020-03-05,2020030501022310,HDL,54,22,200,1616.0,323200.0
2020-03-05,2020030501022191,HDL,55,19,22,1615.0,35530.0
2020-03-05,2020030501022103,HDL,55,45,10,1615.0,16150.0
2020-03-05,2020030501022102,HDL,4,45,50,1615.0,80750.0
2020-03-05,2020030501022101,HDL,4,45,100,1615.0,161500.0
2020-03-05,2020030501022100,HDL,54,45,260,1616.0,420160.0
2020-03-05,2020030501022037,HDL,4,28,260,1616.0,420160.0
2020-03-05,2020030501022364,HGI,37,10,200,405.0,81000.0
2020-03-05,2020030501022363,HGI,37,45,750,405.0,303750.0
2020-03-05,2020030501022306,HGI,37,17,895,404.0,361580.0
2020-03-05,2020030501022305,HGI,37,45,105,400.0,42000.0
2020-03-05,2020030501022215,HGI,5,45,10,400.0,4000.0
2020-03-05,2020030501022451,ICFC,11,4,1000,188.0,188000.0
2020-03-05,2020030501022485,ILBS,55,14,10,774.0,7740.0
2020-03-05,2020030501022475,JBBL,40,14,1652,189.0,312228.0
2020-03-05,2020030501022474,JBBL,58,14,1080,190.0,205200.0
2020-03-05,2020030501022155,JFL,6,25,200,175.0,35000.0
2020-03-05,2020030501022530,JOSHI,47,44,10,61.0,610.0
2020-03-05,2020030501022529,JOSHI,34,44,10,61.0,610.0
2020-03-05,2020030501022528,JSLBB,34,34,10,1600.0,16000.0
2020-03-05,2020030501022391,JSLBB,41,40,10,1570.0,15700.0
2020-03-05,2020030501022269,JSLBB,13,40,20,1570.0,31400.0
2020-03-05,2020030501022524,KBL,45,36,119,210.0,24990.0
2020-03-05,2020030501022523,KBL,45,29,336,210.0,70560.0
2020-03-05,2020030501022522,KBL,45,36,45,209.0,9405.0
2020-03-05,2020030501022082,KBL,22,36,50,209.0,10450.0
2020-03-05,2020030501022073,KBL,43,4,411,208.0,85488.0
2020-03-05,2020030501022318,KMCDB,7,26,10,905.0,9050.0
2020-03-05,2020030501022292,KMCDB,34,26,10,888.0,8880.0
2020-03-05,2020030501022216,KMCDB,5,26,10,890.0,8900.0
2020-03-05,2020030501022154,KMCDB,5,26,10,890.0,8900.0
2020-03-05,2020030501022098,KMCDB,5,26,10,890.0,8900.0
2020-03-05,2020030501022427,LBL,14,38,50,229.0,11450.0
2020-03-05,2020030501022461,LGIL,58,56,746,480.0,358080.0
2020-03-05,2020030501022460,LGIL,29,56,17,480.0,8160.0
2020-03-05,2020030501022459,LGIL,33,56,200,480.0,96000.0
2020-03-05,2020030501022458,LGIL,5,56,100,481.0,48100.0
2020-03-05,2020030501022457,LGIL,28,56,60,481.0,28860.0
2020-03-05,2020030501022456,LGIL,44,56,100,481.0,48100.0
2020-03-05,2020030501022455,LGIL,43,56,162,481.0,77922.0
2020-03-05,2020030501022236,LGIL,28,38,200,485.0,97000.0
2020-03-05,2020030501022166,LICN,47,6,10,1500.0,15000.0
2020-03-05,2020030501022106,LICN,45,18,180,1483.0,266940.0
2020-03-05,2020030501022105,LICN,57,18,70,1484.0,103880.0
2020-03-05,2020030501022449,LLBS,29,17,27,1050.0,28350.0
2020-03-05,2020030501022353,MDB,58,56,210,464.0,97440.0
2020-03-05,2020030501022352,MDB,58,17,100,464.0,46400.0
2020-03-05,2020030501022327,MDB,43,17,90,461.0,41490.0
2020-03-05,2020030501022234,MDB,58,41,300,464.0,139200.0
2020-03-05,2020030501022233,MDB,58,59,500,464.0,232000.0
2020-03-05,2020030501022208,MDB,58,40,500,463.0,231500.0
2020-03-05,2020030501022088,MDB,58,21,100,455.0,45500.0
2020-03-05,2020030501022087,MDB,58,17,100,455.0,45500.0
2020-03-05,2020030501022086,MDB,58,41,159,455.0,72345.0
2020-03-05,2020030501022094,MDB,58,58,1001,456.0,456456.0
2020-03-05,2020030501022093,MDB,58,7,500,456.0,228000.0
2020-03-05,2020030501022092,MDB,58,4,102,456.0,46512.0
2020-03-05,2020030501022091,MDB,58,58,55,455.0,25025.0
2020-03-05,2020030501022090,MDB,58,48,234,455.0,106470.0
2020-03-05,2020030501022089,MDB,58,45,500,455.0,227500.0
2020-03-05,2020030501022178,MDB,58,21,100,461.0,46100.0
2020-03-05,2020030501022177,MDB,58,37,58,461.0,26738.0
2020-03-05,2020030501022136,MDB,58,56,500,460.0,230000.0
2020-03-05,2020030501022135,MDB,58,35,100,460.0,46000.0
2020-03-05,2020030501022096,MDB,58,45,50,459.0,22950.0
2020-03-05,2020030501022095,MDB,58,40,199,457.0,90943.0
2020-03-05,2020030501022057,MEGA,43,6,75,237.0,17775.0
2020-03-05,2020030501022056,MEGA,43,41,35,237.0,8295.0
2020-03-05,2020030501022055,MEGA,43,56,50,236.0,11800.0
2020-03-05,2020030501022054,MEGA,43,6,500,236.0,118000.0
2020-03-05,2020030501022053,MEGA,43,42,100,236.0,23600.0
2020-03-05,2020030501022052,MEGA,43,14,2000,234.0,468000.0
2020-03-05,2020030501022045,MEGA,43,57,323,233.0,75259.0
2020-03-05,2020030501022044,MEGA,43,45,1358,233.0,316414.0
2020-03-05,2020030501022043,MEGA,43,59,11,233.0,2563.0
2020-03-05,2020030501022042,MEGA,43,50,990,233.0,230670.0
2020-03-05,2020030501022041,MEGA,43,3,100,229.0,22900.0
2020-03-05,2020030501022051,MEGA,43,32,500,234.0,117000.0
2020-03-05,2020030501022050,MEGA,43,6,1000,234.0,234000.0
2020-03-05,2020030501022049,MEGA,43,16,321,234.0,75114.0
2020-03-05,2020030501022048,MEGA,43,32,179,233.0,41707.0
2020-03-05,2020030501022047,MEGA,43,55,512,233.0,119296.0
2020-03-05,2020030501022046,MEGA,43,39,310,233.0,72230.0
2020-03-05,2020030501022392,MERO,45,45,37,664.0,24568.0
2020-03-05,2020030501022266,MERO,34,25,40,665.0,26600.0
2020-03-05,2020030501022214,MLBBL,39,37,23,755.0,17365.0
2020-03-05,2020030501022170,MLBBL,33,37,500,762.0,381000.0
2020-03-05,2020030501022114,MLBBL,58,37,100,763.0,76300.0
2020-03-05,2020030501022113,MLBBL,34,37,100,763.0,76300.0
2020-03-05,2020030501022067,MLBBL,56,37,50,774.0,38700.0
2020-03-05,2020030501022469,MLBL,21,29,81,221.0,17901.0
2020-03-05,2020030501022238,MLBL,34,39,50,220.0,11000.0
2020-03-05,2020030501022038,MLBL,34,17,50,220.0,11000.0
2020-03-05,2020030501022505,MNBBL,48,37,146,340.0,49640.0
2020-03-05,2020030501022504,MNBBL,48,32,47,340.0,15980.0
2020-03-05,2020030501022503,MNBBL,48,35,84,340.0,28560.0
2020-03-05,2020030501022502,MNBBL,48,59,464,339.0,157296.0
2020-03-05,2020030501022501,MNBBL,48,44,57,339.0,19323.0
2020-03-05,2020030501022500,MNBBL,48,42,102,338.0,34476.0
2020-03-05,2020030501022499,MNBBL,48,41,100,337.0,33700.0
2020-03-05,2020030501022490,MNBBL,25,40,455,336.0,152880.0
2020-03-05,2020030501022408,MNBBL,53,40,20,336.0,6720.0
2020-03-05,2020030501022407,MNBBL,59,40,15,337.0,5055.0
2020-03-05,2020030501022526,MSMBS,6,58,50,759.0,37950.0
2020-03-05,2020030501022301,MSMBS,1,58,50,772.0,38600.0
2020-03-05,2020030501022300,MSMBS,42,58,20,774.0,15480.0
2020-03-05,2020030501022299,MSMBS,52,58,10,774.0,7740.0
2020-03-05,2020030501022298,MSMBS,35,58,20,775.0,15500.0
2020-03-05,2020030501022297,MSMBS,1,58,50,775.0,38750.0
2020-03-05,2020030501022296,MSMBS,7,58,20,776.0,15520.0
2020-03-05,2020030501022295,MSMBS,6,58,50,777.0,38850.0
2020-03-05,2020030501022406,NABIL,49,57,500,840.0,420000.0
2020-03-05,2020030501022394,NABIL,49,16,163,840.0,136920.0
2020-03-05,2020030501022379,NABIL,58,25,20,843.0,16860.0
2020-03-05,2020030501022328,NABIL,49,38,100,840.0,84000.0
2020-03-05,2020030501022221,NABIL,34,21,100,841.0,84100.0
2020-03-05,2020030501022212,NABIL,34,29,100,841.0,84100.0
2020-03-05,2020030501022211,NABIL,34,36,703,841.0,591223.0
2020-03-05,2020030501022202,NABIL,48,36,100,841.0,84100.0
2020-03-05,2020030501022193,NABIL,49,34,200,840.0,168000.0
2020-03-05,2020030501022168,NABIL,49,52,163,840.0,136920.0
2020-03-05,2020030501022109,NABIL,49,34,139,840.0,116760.0
2020-03-05,2020030501022063,NABIL,49,1,60,840.0,50400.0
2020-03-05,2020030501022467,NADEP,21,58,50,698.0,34900.0
2020-03-05,2020030501022167,NADEP,40,46,100,689.0,68900.0
2020-03-05,2020030501022442,NBB,49,57,1625,222.0,360750.0
2020-03-05,2020030501022441,NBB,45,57,100,222.0,22200.0
2020-03-05,2020030501022440,NBB,38,57,200,222.0,44400.0
2020-03-05,2020030501022439,NBB,38,57,75,222.0,16650.0
2020-03-05,2020030501022272,NBB,41,50,500,223.0,111500.0
2020-03-05,2020030501022271,NBB,38,50,250,223.0,55750.0
2020-03-05,2020030501022270,NBB,34,50,100,223.0,22300.0
2020-03-05,2020030501022158,NBB,34,3,100,223.0,22300.0
2020-03-05,2020030501022519,NBL,33,25,54,285.0,15390.0
2020-03-05,2020030501022518,NBL,33,41,200,284.0,56800.0
2020-03-05,2020030501022517,NBL,33,28,390,284.0,110760.0
2020-03-05,2020030501022516,NBL,33,28,56,283.0,15848.0
2020-03-05,2020030501022448,NBL,53,28,20,283.0,5660.0
2020-03-05,2020030501022351,NBL,10,28,424,283.0,119992.0
2020-03-05,2020030501022062,NBL,32,28,200,284.0,56800.0
2020-03-05,2020030501022312,NBL,10,28,1000,283.0,283000.0
2020-03-05,2020030501022290,NBL,32,28,200,284.0,56800.0
2020-03-05,2020030501022278,NBL,43,28,10,284.0,2840.0
2020-03-05,2020030501022225,NBL,10,29,576,283.0,163008.0
2020-03-05,2020030501022072,NBL,25,29,50,283.0,14150.0
2020-03-05,2020030501022069,NBL,44,29,374,283.0,105842.0
2020-03-05,2020030501022525,NCCB,56,6,10,199.0,1990.0
2020-03-05,2020030501022515,NCCB,58,58,17,198.0,3366.0
2020-03-05,2020030501022514,NCCB,19,58,50,198.0,9900.0
2020-03-05,2020030501022513,NCCB,6,58,2000,198.0,396000.0
2020-03-05,2020030501022512,NCCB,13,58,100,198.0,19800.0
2020-03-05,2020030501022511,NCCB,32,58,1000,198.0,198000.0
2020-03-05,2020030501022368,NCCB,42,8,100,198.0,19800.0
2020-03-05,2020030501022367,NCCB,21,8,200,198.0,39600.0
2020-03-05,2020030501022366,NCCB,49,8,1363,198.0,269874.0
2020-03-05,2020030501022065,NCCB,50,6,500,199.0,99500.0
2020-03-05,2020030501022383,NCCB,8,57,283,198.0,56034.0
2020-03-05,2020030501022373,NCCB,8,8,717,198.0,141966.0
2020-03-05,2020030501022372,NCCB,55,8,2000,198.0,396000.0
2020-03-05,2020030501022371,NCCB,51,8,100,198.0,19800.0
2020-03-05,2020030501022370,NCCB,21,8,20,198.0,3960.0
2020-03-05,2020030501022369,NCCB,45,8,500,198.0,99000.0
2020-03-05,2020030501022510,NCCB,41,58,50,198.0,9900.0
2020-03-05,2020030501022509,NCCB,56,58,400,198.0,79200.0
2020-03-05,2020030501022508,NCCB,45,58,100,198.0,19800.0
2020-03-05,2020030501022507,NCCB,49,58,2000,198.0,396000.0
2020-03-05,2020030501022506,NCCB,22,58,283,198.0,56034.0
2020-03-05,2020030501022384,NCCB,22,57,17,198.0,3366.0
2020-03-05,2020030501022081,NIB,50,56,200,416.0,83200.0
2020-03-05,2020030501022080,NIB,50,6,100,416.0,41600.0
2020-03-05,2020030501022396,NIBSF1,38,48,3000,10.1,30300.0
2020-03-05,2020030501022402,NICA,32,44,100,575.0,57500.0
2020-03-05,2020030501022313,NICA,50,44,300,575.0,172500.0
2020-03-05,2020030501022288,NICA,34,57,1000,574.0,574000.0
2020-03-05,2020030501022287,NICA,48,44,480,575.0,276000.0
2020-03-05,2020030501022230,NICA,48,35,20,575.0,11500.0
2020-03-05,2020030501022140,NICA,45,21,100,575.0,57500.0
2020-03-05,2020030501022139,NICA,45,40,100,575.0,57500.0
2020-03-05,2020030501022138,NICA,45,58,96,575.0,55200.0
2020-03-05,2020030501022454,NICL,45,34,626,457.0,286082.0
2020-03-05,2020030501022453,NICL,13,34,158,457.0,72206.0
2020-03-05,2020030501022452,NICL,29,34,39,461.0,17979.0
2020-03-05,2020030501022326,NICL,29,3,100,461.0,46100.0
2020-03-05,2020030501022280,NICL,29,25,43,461.0,19823.0
2020-03-05,2020030501022447,NIL,38,4,500,590.0,295000.0
2020-03-05,2020030501022446,NIL,38,44,500,590.0,295000.0
2020-03-05,2020030501022445,NIL,38,32,509,589.0,299801.0
2020-03-05,2020030501022356,NIL,32,32,45,589.0,26505.0
2020-03-05,2020030501022355,NIL,32,14,155,589.0,91295.0
2020-03-05,2020030501022261,NIL,32,42,50,588.0,29400.0
2020-03-05,2020030501022068,NIL,38,29,200,587.0,117400.0
2020-03-05,2020030501022175,NLBBL,58,6,200,766.0,153200.0
2020-03-05,2020030501022273,NLG,46,34,10,647.0,6470.0
2020-03-05,2020030501022484,NLIC,1,33,100,1251.0,125100.0
2020-03-05,2020030501022483,NLIC,38,33,20,1251.0,25020.0
2020-03-05,2020030501022482,NLIC,59,33,250,1251.0,312750.0
2020-03-05,2020030501022481,NLIC,56,33,36,1251.0,45036.0
2020-03-05,2020030501022438,NLIC,25,35,94,1252.0,117688.0
2020-03-05,2020030501022430,NLIC,56,41,164,1251.0,205164.0
2020-03-05,2020030501022184,NLIC,40,16,420,1255.0,527100.0
2020-03-05,2020030501022183,NLIC,45,16,80,1255.0,100400.0
2020-03-05,2020030501022165,NLIC,25,17,200,1257.0,251400.0
2020-03-05,2020030501022116,NLIC,59,17,25,1257.0,31425.0
2020-03-05,2020030501022058,NLIC,45,13,77,1255.0,96635.0
2020-03-05,2020030501022275,NLIC,25,34,200,1255.0,251000.0
2020-03-05,2020030501022274,NLIC,40,34,580,1255.0,727900.0
2020-03-05,2020030501022231,NLIC,45,1,140,1257.0,175980.0
2020-03-05,2020030501022206,NLIC,45,58,50,1257.0,62850.0
2020-03-05,2020030501022205,NLIC,45,25,60,1257.0,75420.0
2020-03-05,2020030501022204,NLIC,45,17,250,1257.0,314250.0
2020-03-05,2020030501022429,NLIC,38,41,58,1251.0,72558.0
2020-03-05,2020030501022337,NLIC,36,33,200,1252.0,250400.0
2020-03-05,2020030501022336,NLIC,41,33,50,1252.0,62600.0
2020-03-05,2020030501022320,NLIC,45,34,30,1255.0,37650.0
2020-03-05,2020030501022277,NLIC,26,34,100,1255.0,125500.0
2020-03-05,2020030501022276,NLIC,39,34,80,1255.0,100400.0
2020-03-05,2020030501022466,NLICL,43,44,10,715.0,7150.0
2020-03-05,2020030501022465,NLICL,43,34,325,710.0,230750.0
2020-03-05,2020030501022185,NLICL,44,34,100,706.0,70600.0
2020-03-05,2020030501022489,NMB,10,52,183,460.0,84180.0
2020-03-05,2020030501022488,NMB,10,33,200,460.0,92000.0
2020-03-05,2020030501022487,NMB,10,40,617,460.0,283820.0
2020-03-05,2020030501022476,NMB,28,40,20,460.0,9200.0
2020-03-05,2020030501022462,NMB,34,53,1000,459.0,459000.0
2020-03-05,2020030501022365,NMB,34,56,50,459.0,22950.0
2020-03-05,2020030501022075,NMB,34,5,16,460.0,7360.0
2020-03-05,2020030501022074,NMB,34,34,98,460.0,45080.0
2020-03-05,2020030501022339,NMB,45,40,40,460.0,18400.0
2020-03-05,2020030501022317,NMB,34,16,126,459.0,57834.0
2020-03-05,2020030501022079,NMB,34,52,131,460.0,60260.0
2020-03-05,2020030501022078,NMB,34,6,2000,460.0,920000.0
2020-03-05,2020030501022077,NMB,34,45,500,460.0,230000.0
2020-03-05,2020030501022076,NMB,34,37,92,460.0,42320.0
2020-03-05,2020030501022498,NMBMF,41,22,300,823.0,246900.0
2020-03-05,2020030501022359,NMBMF,41,43,30,823.0,24690.0
2020-03-05,2020030501022358,NMBMF,59,43,45,823.0,37035.0
2020-03-05,2020030501022319,NTC,52,45,20,658.0,13160.0
2020-03-05,2020030501022134,NTC,58,45,10,658.0,6580.0
2020-03-05,2020030501022174,NTC,28,37,80,650.0,52000.0
2020-03-05,2020030501022173,NTC,25,37,50,651.0,32550.0
2020-03-05,2020030501022172,NTC,13,37,20,651.0,13020.0
2020-03-05,2020030501022289,NUBL,49,50,100,1015.0,101500.0
2020-03-05,2020030501022108,NUBL,22,11,50,1015.0,50750.0
2020-03-05,2020030501022107,NUBL,35,11,50,1016.0,50800.0
2020-03-05,2020030501022377,OHL,10,41,80,435.0,34800.0
2020-03-05,2020030501022201,OHL,45,34,10,436.0,4360.0
2020-03-05,2020030501022376,OHL,49,41,20,436.0,8720.0
2020-03-05,2020030501022375,OHL,25,41,30,436.0,13080.0
2020-03-05,2020030501022374,OHL,45,41,20,436.0,8720.0
2020-03-05,2020030501022491,PCBL,13,46,217,301.0,65317.0
2020-03-05,2020030501022405,PCBL,5,42,10,302.0,3020.0
2020-03-05,2020030501022159,PCBL,11,42,500,302.0,151000.0
2020-03-05,2020030501022428,PIC,8,44,10,600.0,6000.0
2020-03-05,2020030501022309,PIC,32,16,200,597.0,119400.0
2020-03-05,2020030501022203,PIC,17,44,100,600.0,60000.0
2020-03-05,2020030501022176,PIC,19,16,100,600.0,60000.0
2020-03-05,2020030501022111,PIC,11,16,200,600.0,120000.0
2020-03-05,2020030501022099,PIC,8,1,11,602.0,6622.0
2020-03-05,2020030501022486,PLIC,42,42,10,597.0,5970.0
2020-03-05,2020030501022333,PLIC,42,17,45,595.0,26775.0
2020-03-05,2020030501022332,PLIC,42,7,25,594.0,14850.0
2020-03-05,2020030501022329,PLIC,42,21,12,593.0,7116.0
2020-03-05,2020030501022281,PLIC,5,7,175,594.0,103950.0
2020-03-05,2020030501022240,PLIC,5,56,25,594.0,14850.0
2020-03-05,2020030501022194,PLIC,41,17,100,595.0,59500.0
2020-03-05,2020030501022493,PRIN,43,19,482,448.0,215936.0
2020-03-05,2020030501022382,PRIN,36,19,18,450.0,8100.0
2020-03-05,2020030501022182,PRIN,36,57,100,450.0,45000.0
2020-03-05,2020030501022085,PRIN,44,57,200,452.0,90400.0
2020-03-05,2020030501022496,PRVU,17,13,602,252.0,151704.0
2020-03-05,2020030501022495,PRVU,52,13,200,253.0,50600.0
2020-03-05,2020030501022494,PRVU,55,13,951,253.0,240603.0
2020-03-05,2020030501022386,PRVU,55,45,49,253.0,12397.0
2020-03-05,2020030501022385,PRVU,43,45,183,253.0,46299.0
2020-03-05,2020030501022117,PRVU,47,50,252,253.0,63756.0
2020-03-05,2020030501022066,PRVU,59,50,2000,254.0,508000.0
2020-03-05,2020030501022199,PRVU,43,42,117,253.0,29601.0
2020-03-05,2020030501022198,PRVU,19,42,151,253.0,38203.0
2020-03-05,2020030501022197,PRVU,44,42,432,253.0,109296.0
2020-03-05,2020030501022119,PRVU,44,50,68,253.0,17204.0
2020-03-05,2020030501022118,PRVU,4,50,2000,253.0,506000.0
2020-03-05,2020030501022349,PRVU,48,50,300,254.0,76200.0
2020-03-05,2020030501022268,PRVU,43,57,700,253.0,177100.0
2020-03-05,2020030501022267,PRVU,57,57,300,253.0,75900.0
2020-03-05,2020030501022389,RHPL,16,56,410,161.0,66010.0
2020-03-05,2020030501022388,RHPL,16,48,30,161.0,4830.0
2020-03-05,2020030501022387,RHPL,16,14,60,161.0,9660.0
2020-03-05,2020030501022083,RHPL,17,14,10,161.0,1610.0
2020-03-05,2020030501022444,RMDC,56,46,100,728.0,72800.0
2020-03-05,2020030501022443,RMDC,56,47,50,728.0,36400.0
2020-03-05,2020030501022393,RMDC,41,47,50,728.0,36400.0
2020-03-05,2020030501022463,RSDC,21,57,30,510.0,15300.0
2020-03-05,2020030501022450,RSDC,52,57,100,510.0,51000.0
2020-03-05,2020030501022132,SABSL,53,19,11,804.0,8844.0
2020-03-05,2020030501022480,SANIMA,34,36,100,364.0,36400.0
2020-03-05,2020030501022479,SANIMA,55,36,32,364.0,11648.0
2020-03-05,2020030501022361,SANIMA,55,49,140,364.0,50960.0
2020-03-05,2020030501022360,SANIMA,55,33,328,364.0,119392.0
2020-03-05,2020030501022283,SANIMA,14,33,50,364.0,18200.0
2020-03-05,2020030501022152,SANIMA,33,42,30,362.0,10860.0
2020-03-05,2020030501022036,SANIMA,44,33,50,364.0,18200.0
2020-03-05,2020030501022151,SANIMA,25,42,50,363.0,18150.0
2020-03-05,2020030501022150,SANIMA,44,42,55,363.0,19965.0
2020-03-05,2020030501022149,SANIMA,32,42,30,363.0,10890.0
2020-03-05,2020030501022148,SANIMA,44,42,500,363.0,181500.0
2020-03-05,2020030501022147,SANIMA,35,42,10,363.0,3630.0
2020-03-05,2020030501022146,SANIMA,45,42,320,363.0,116160.0
2020-03-05,2020030501022521,SBI,48,56,164,465.0,76260.0
2020-03-05,2020030501022520,SBI,28,56,600,465.0,279000.0
2020-03-05,2020030501022401,SBI,35,56,100,466.0,46600.0
2020-03-05,2020030501022400,SBI,47,56,300,466.0,139800.0
2020-03-05,2020030501022399,SBI,38,56,100,467.0,46700.0
2020-03-05,2020030501022398,SBI,52,56,100,467.0,46700.0
2020-03-05,2020030501022397,SBI,57,56,500,467.0,233500.0
2020-03-05,2020030501022241,SBL,38,50,300,328.0,98400.0
2020-03-05,2020030501022291,SCB,41,56,10,700.0,7000.0
2020-03-05,2020030501022246,SDESI,5,16,10,936.0,9360.0
2020-03-05,2020030501022035,SHINE,20,38,10,305.0,3050.0
2020-03-05,2020030501022531,SHIVM,22,14,120,590.0,70800.0
2020-03-05,2020030501022472,SHIVM,56,7,10,594.0,5940.0
2020-03-05,2020030501022437,SHIVM,49,34,94,590.0,55460.0
2020-03-05,2020030501022436,SHIVM,49,34,100,590.0,59000.0
2020-03-05,2020030501022435,SHIVM,45,34,100,590.0,59000.0
2020-03-05,2020030501022434,SHIVM,29,34,20,590.0,11800.0
2020-03-05,2020030501022157,SHIVM,25,16,150,594.0,89100.0
2020-03-05,2020030501022256,SHIVM,7,46,10,593.0,5930.0
2020-03-05,2020030501022255,SHIVM,1,46,604,593.0,358172.0
2020-03-05,2020030501022222,SHIVM,45,7,50,594.0,29700.0
2020-03-05,2020030501022207,SHIVM,1,34,70,592.0,41440.0
2020-03-05,2020030501022196,SHIVM,45,34,330,592.0,195360.0
2020-03-05,2020030501022195,SHIVM,47,34,100,593.0,59300.0
2020-03-05,2020030501022433,SHIVM,57,34,122,590.0,71980.0
2020-03-05,2020030501022432,SHIVM,33,34,50,591.0,29550.0
2020-03-05,2020030501022431,SHIVM,22,34,14,591.0,8274.0
2020-03-05,2020030501022259,SHIVM,22,46,186,591.0,109926.0
2020-03-05,2020030501022258,SHIVM,35,46,100,591.0,59100.0
2020-03-05,2020030501022257,SHIVM,35,46,100,591.0,59100.0
2020-03-05,2020030501022345,SHL,25,34,500,179.0,89500.0
2020-03-05,2020030501022284,SHPC,38,16,50,221.0,11050.0
2020-03-05,2020030501022084,SHPC,41,6,200,219.0,43800.0
2020-03-05,2020030501022390,SIC,58,45,27,716.0,19332.0
2020-03-05,2020030501022357,SKBBL,38,43,300,1130.0,339000.0
2020-03-05,2020030501022169,SKBBL,36,58,50,1148.0,57400.0
2020-03-05,2020030501022527,SLICL,25,28,200,466.0,93200.0
2020-03-05,2020030501022471,SLICL,39,4,100,470.0,47000.0
2020-03-05,2020030501022348,SLICL,28,4,311,470.0,146170.0
2020-03-05,2020030501022347,SLICL,28,22,40,470.0,18800.0
2020-03-05,2020030501022302,SLICL,28,34,149,469.0,69881.0
2020-03-05,2020030501022209,SLICL,50,34,100,469.0,46900.0
2020-03-05,2020030501022143,SPDL,32,29,11,100.0,1100.0
2020-03-05,2020030501022473,SRBL,46,55,200,262.0,52400.0
2020-03-05,2020030501022260,SRBL,34,6,100,261.0,26100.0
2020-03-05,2020030501022354,TMDBL,22,22,140,204.0,28560.0
2020-03-05,2020030501022304,TMDBL,41,22,75,204.0,15300.0
2020-03-05,2020030501022477,TRH,37,6,10,267.0,2670.0
2020-03-05,2020030501022497,UIC,34,48,20,377.0,7540.0
2020-03-05,2020030501022254,UIC,46,57,50,372.0,18600.0
2020-03-05,2020030501022253,UIC,34,57,200,372.0,74400.0
2020-03-05,2020030501022252,UIC,26,57,100,372.0,37200.0
2020-03-05,2020030501022251,UIC,42,57,40,373.0,14920.0
2020-03-05,2020030501022250,UIC,46,57,300,373.0,111900.0
2020-03-05,2020030501022249,UIC,29,57,10,373.0,3730.0
2020-03-05,2020030501022248,UIC,26,57,200,374.0,74800.0
2020-03-05,2020030501022247,UIC,47,57,100,374.0,37400.0
2020-03-05,2020030501022325,UPCL,34,29,290,76.0,22040.0
2020-03-05,2020030501022324,UPCL,34,29,720,76.0,54720.0
2020-03-05,2020030501022323,UPCL,4,29,100,77.0,7700.0
2020-03-05,2020030501022210,UPPER,39,16,50,235.0,11750.0
2020-03-05,2020030501022468,WOMI,13,22,109,1051.0,114559.0
2020-03-05,2020030501022404,WOMI,33,22,75,1051.0,78825.0
2020-03-05,2020030501022403,WOMI,33,55,25,1051.0,26275.0
2020-03-05,2020030501022224,WOMI,50,22,16,1051.0,16816.0
2020-03-05,2020030501022153,WOMI,10,58,10,1072.0,10720.0
2020-03-05,2020030501022120,WOMI,52,58,20,1072.0,21440.0
2020-03-05,2020030501022040,WOMI,50,38,12,1051.0,12612.0
2020-03-05,2020030501022039,WOMI,13,38,50,1052.0,52600.0
2020-03-05,2020030501019439,ADBL,14,35,409,407.0,166463.0
2020-03-05,2020030501019438,ADBL,14,35,49,407.0,19943.0
2020-03-05,2020030501019433,ADBL,45,54,30,408.0,12240.0
2020-03-05,2020030501019375,ADBL,14,41,114,407.0,46398.0
2020-03-05,2020030501019261,ADBL,14,1,50,407.0,20350.0
2020-03-05,2020030501019253,ADBL,14,41,200,407.0,81400.0
2020-03-05,2020030501019123,ADBL,14,41,300,407.0,122100.0
2020-03-05,2020030501019103,ADBL,14,41,287,407.0,116809.0
2020-03-05,2020030501019102,ADBL,17,41,121,407.0,49247.0
2020-03-05,2020030501019124,AKJCL,42,7,10,53.0,530.0
2020-03-05,2020030501019080,AKJCL,42,35,20,53.0,1060.0
2020-03-05,2020030501019527,AKPL,29,46,200,125.0,25000.0
2020-03-05,2020030501019154,AKPL,43,46,500,125.0,62500.0
2020-03-05,2020030501019153,AKPL,8,46,264,125.0,33000.0
2020-03-05,2020030501019424,ALBSL,48,44,10,696.0,6960.0
2020-03-05,2020030501019340,ALICL,37,47,150,580.0,87000.0
2020-03-05,2020030501019132,ALICL,37,36,200,580.0,116000.0
2020-03-05,2020030501019087,ALICL,34,36,100,580.0,58000.0
2020-03-05,2020030501019086,ALICL,16,36,200,580.0,116000.0
2020-03-05,2020030501019076,ALICL,49,6,500,580.0,290000.0
2020-03-05,2020030501019422,API,40,45,29,131.0,3799.0
2020-03-05,2020030501019399,API,40,44,18,131.0,2358.0
2020-03-05,2020030501019317,API,41,50,1350,130.0,175500.0
2020-03-05,2020030501019316,API,42,50,50,130.0,6500.0
2020-03-05,2020030501019315,API,22,50,100,130.0,13000.0
2020-03-05,2020030501019137,API,6,50,15,131.0,1965.0
2020-03-05,2020030501019088,API,5,35,15,129.0,1935.0
2020-03-05,2020030501019245,BARUN,22,54,100,95.0,9500.0
2020-03-05,2020030501019244,BARUN,22,56,10,95.0,950.0
2020-03-05,2020030501019492,BOKL,6,44,120,247.0,29640.0
2020-03-05,2020030501019491,BOKL,6,44,100,248.0,24800.0
2020-03-05,2020030501019490,BOKL,47,44,500,248.0,124000.0
2020-03-05,2020030501019489,BOKL,22,44,280,248.0,69440.0
2020-03-05,2020030501019463,BOKL,22,5,20,248.0,4960.0
2020-03-05,2020030501019462,BOKL,42,5,180,248.0,44640.0
2020-03-05,2020030501019118,BOKL,42,57,80,249.0,19920.0
2020-03-05,2020030501019115,BOKL,13,57,500,249.0,124500.0
2020-03-05,2020030501019321,CBBL,58,38,100,1083.0,108300.0
2020-03-05,2020030501019289,CBBL,33,38,100,1083.0,108300.0
2020-03-05,2020030501019246,CBBL,52,38,200,1083.0,216600.0
2020-03-05,2020030501019314,CBL,48,34,16,149.0,2384.0
2020-03-05,2020030501019285,CBL,48,1,100,149.0,14900.0
2020-03-05,2020030501019170,CBL,48,49,79,149.0,11771.0
2020-03-05,2020030501019169,CBL,32,49,921,149.0,137229.0
2020-03-05,2020030501019164,CBL,38,38,1,150.0,150.0
2020-03-05,2020030501019114,CBL,32,35,15,149.0,2235.0
2020-03-05,2020030501019426,CCBL,26,34,49,185.0,9065.0
2020-03-05,2020030501019370,CCBL,26,44,28,185.0,5180.0
2020-03-05,2020030501019364,CCBL,26,37,1600,185.0,296000.0
2020-03-05,2020030501019264,CCBL,55,48,300,186.0,55800.0
2020-03-05,2020030501019188,CCBL,26,50,496,185.0,91760.0
2020-03-05,2020030501019524,CHCL,33,50,300,415.0,124500.0
2020-03-05,2020030501019396,CHCL,28,41,55,407.0,22385.0
2020-03-05,2020030501019395,CHCL,29,41,57,408.0,23256.0
2020-03-05,2020030501019379,CHCL,29,57,243,408.0,99144.0
2020-03-05,2020030501019378,CHCL,14,57,214,408.0,87312.0
2020-03-05,2020030501019377,CHCL,43,57,100,409.0,40900.0
2020-03-05,2020030501019376,CHCL,59,57,90,410.0,36900.0
2020-03-05,2020030501019341,CHCL,59,14,210,410.0,86100.0
2020-03-05,2020030501019324,CHCL,22,14,200,409.0,81800.0
2020-03-05,2020030501019176,CHCL,36,39,200,410.0,82000.0
2020-03-05,2020030501019175,CHCL,45,39,600,410.0,246000.0
2020-03-05,2020030501019174,CHCL,17,39,50,410.0,20500.0
2020-03-05,2020030501019525,CZBIL,45,46,500,205.0,102500.0
2020-03-05,2020030501019520,CZBIL,47,46,200,205.0,41000.0
2020-03-05,2020030501019501,CZBIL,17,45,41,204.0,8364.0
2020-03-05,2020030501019403,CZBIL,17,46,2888,204.0,589152.0
2020-03-05,2020030501019402,CZBIL,56,46,101,204.0,20604.0
2020-03-05,2020030501019401,CZBIL,29,46,11,204.0,2244.0
2020-03-05,2020030501019303,CZBIL,29,44,92,204.0,18768.0
2020-03-05,2020030501019301,CZBIL,29,25,103,204.0,21012.0
2020-03-05,2020030501019212,CZBIL,17,46,90,205.0,18450.0
2020-03-05,2020030501019187,CZBIL,17,46,1500,205.0,307500.0
2020-03-05,2020030501019400,DDBL,5,6,10,890.0,8900.0
2020-03-05,2020030501019252,DDBL,45,44,13,873.0,11349.0
2020-03-05,2020030501019251,DDBL,50,44,10,874.0,8740.0
2020-03-05,2020030501019393,EBL,54,4,26,757.0,19682.0
2020-03-05,2020030501019221,EDBL,47,32,500,397.0,198500.0
2020-03-05,2020030501019358,FMDBL,6,19,50,519.0,25950.0
2020-03-05,2020030501019239,FMDBL,29,19,10,519.0,5190.0
2020-03-05,2020030501019079,FMDBL,45,44,73,518.0,37814.0
2020-03-05,2020030501019420,GBBL,58,39,440,248.0,109120.0
2020-03-05,2020030501019268,GBBL,58,44,37,248.0,9176.0
2020-03-05,2020030501019216,GBBL,58,41,350,248.0,86800.0
2020-03-05,2020030501019215,GBBL,58,58,989,248.0,245272.0
2020-03-05,2020030501019485,GBIME,34,36,100,288.0,28800.0
2020-03-05,2020030501019456,GBIME,33,36,528,288.0,152064.0
2020-03-05,2020030501019368,GBIME,38,58,4,288.0,1152.0
2020-03-05,2020030501019336,GBIME,8,20,556,287.0,159572.0
2020-03-05,2020030501019335,GBIME,37,20,35,287.0,10045.0
2020-03-05,2020030501019334,GBIME,4,20,325,287.0,93275.0
2020-03-05,2020030501019037,GBIME,4,45,550,287.0,157850.0
2020-03-05,2020030501019320,GBIME,33,58,196,288.0,56448.0
2020-03-05,2020030501019319,GBIME,33,50,55,288.0,15840.0
2020-03-05,2020030501019318,GBIME,33,36,719,288.0,207072.0
2020-03-05,2020030501019304,GBIME,4,1,100,287.0,28700.0
2020-03-05,2020030501019260,GBIME,4,58,200,287.0,57400.0
2020-03-05,2020030501019046,GBIME,4,41,20,287.0,5740.0
2020-03-05,2020030501019529,GBLBS,34,34,500,506.0,253000.0
2020-03-05,2020030501019528,GBLBS,34,34,500,506.0,253000.0
2020-03-05,2020030501019357,GBLBS,53,45,10,514.0,5140.0
2020-03-05,2020030501019235,GBLBS,58,44,30,507.0,15210.0
2020-03-05,2020030501019220,GBLBS,58,45,137,507.0,69459.0
2020-03-05,2020030501019084,GILB,13,44,41,1350.0,55350.0
2020-03-05,2020030501019499,GLICL,57,19,278,492.0,136776.0
2020-03-05,2020030501019498,GLICL,1,19,313,492.0,153996.0
2020-03-05,2020030501019497,GLICL,25,19,100,492.0,49200.0
2020-03-05,2020030501019496,GLICL,7,19,20,492.0,9840.0
2020-03-05,2020030501019363,GLICL,57,10,100,495.0,49500.0
2020-03-05,2020030501019362,GLICL,33,10,60,495.0,29700.0
2020-03-05,2020030501019361,GLICL,26,10,200,495.0,99000.0
2020-03-05,2020030501019360,GLICL,45,10,30,496.0,14880.0
2020-03-05,2020030501019224,GLICL,33,45,40,495.0,19800.0
2020-03-05,2020030501019523,GMFBS,57,50,90,830.0,74700.0
2020-03-05,2020030501019493,GMFBS,57,14,100,830.0,83000.0
2020-03-05,2020030501019073,GMFBS,57,44,10,830.0,8300.0
2020-03-05,2020030501019300,HBL,33,57,102,603.0,61506.0
2020-03-05,2020030501019299,HBL,34,57,50,603.0,30150.0
2020-03-05,2020030501019298,HBL,38,57,50,604.0,30200.0
2020-03-05,2020030501019297,HBL,38,57,50,604.0,30200.0
2020-03-05,2020030501019296,HBL,38,57,50,604.0,30200.0
2020-03-05,2020030501019146,HDHPC,22,6,40,107.0,4280.0
2020-03-05,2020030501019145,HDHPC,22,47,50,107.0,5350.0
2020-03-05,2020030501019144,HDHPC,22,34,10,107.0,1070.0
2020-03-05,2020030501019441,HDL,48,19,100,1623.0,162300.0
2020-03-05,2020030501019286,HDL,14,35,10,1623.0,16230.0
2020-03-05,2020030501019249,HDL,19,54,20,1630.0,32600.0
2020-03-05,2020030501019136,HDL,50,26,100,1622.0,162200.0
2020-03-05,2020030501019068,HGI,11,45,10,400.0,4000.0
2020-03-05,2020030501019052,HGI,45,17,100,404.0,40400.0
2020-03-05,2020030501019515,HIDCL,35,34,31,137.0,4247.0
2020-03-05,2020030501019369,HIDCL,44,34,31,138.0,4278.0
2020-03-05,2020030501019210,HPPL,13,44,20,145.0,2900.0
2020-03-05,2020030501019168,HPPL,13,41,10,145.0,1450.0
2020-03-05,2020030501019113,HURJA,45,41,10,103.0,1030.0
2020-03-05,2020030501019105,HURJA,17,54,500,104.0,52000.0
2020-03-05,2020030501019051,HURJA,45,38,20,103.0,2060.0
2020-03-05,2020030501019428,ICFC,49,4,50,193.0,9650.0
2020-03-05,2020030501019473,IGI,44,57,60,415.0,24900.0
2020-03-05,2020030501019436,IGI,34,57,300,415.0,124500.0
2020-03-05,2020030501019435,IGI,14,57,50,418.0,20900.0
2020-03-05,2020030501019398,IGI,10,57,100,420.0,42000.0
2020-03-05,2020030501019397,IGI,22,57,70,420.0,29400.0
2020-03-05,2020030501019374,IGI,45,57,30,425.0,12750.0
2020-03-05,2020030501019373,IGI,43,57,100,426.0,42600.0
2020-03-05,2020030501019372,IGI,44,57,20,430.0,8600.0
2020-03-05,2020030501019371,IGI,45,57,170,430.0,73100.0
2020-03-05,2020030501019218,ILBS,14,35,10,761.0,7610.0
2020-03-05,2020030501019255,JBBL,22,16,267,191.0,50997.0
2020-03-05,2020030501019186,JBBL,22,44,233,191.0,44503.0
2020-03-05,2020030501019131,JOSHI,25,35,20,60.0,1200.0
2020-03-05,2020030501019503,KBL,49,33,50,211.0,10550.0
2020-03-05,2020030501019406,KBL,57,33,19,211.0,4009.0
2020-03-05,2020030501019327,KBL,45,1,300,210.0,63000.0
2020-03-05,2020030501019055,KBL,45,41,40,210.0,8400.0
2020-03-05,2020030501019257,KMCDB,52,47,10,900.0,9000.0
2020-03-05,2020030501019256,KMCDB,52,42,160,900.0,144000.0
2020-03-05,2020030501019047,KMCDB,49,5,10,890.0,8900.0
2020-03-05,2020030501019182,KPCL,57,41,10,108.0,1080.0
2020-03-05,2020030501019181,KPCL,57,40,10,108.0,1080.0
2020-03-05,2020030501019138,KPCL,4,35,10,107.0,1070.0
2020-03-05,2020030501019345,KPCL,25,4,10,110.0,1100.0
2020-03-05,2020030501019344,KPCL,25,4,10,110.0,1100.0
2020-03-05,2020030501019343,KPCL,25,4,10,110.0,1100.0
2020-03-05,2020030501019342,KPCL,25,52,10,109.0,1090.0
2020-03-05,2020030501019351,KPCL,25,38,10,112.0,1120.0
2020-03-05,2020030501019350,KPCL,25,49,10,111.0,1110.0
2020-03-05,2020030501019349,KPCL,25,49,10,111.0,1110.0
2020-03-05,2020030501019348,KPCL,25,14,10,110.0,1100.0
2020-03-05,2020030501019347,KPCL,25,38,10,110.0,1100.0
2020-03-05,2020030501019346,KPCL,25,4,10,110.0,1100.0
2020-03-05,2020030501019135,KSBBL,45,44,259,168.0,43512.0
2020-03-05,2020030501019386,LBBL,13,25,929,195.0,181155.0
2020-03-05,2020030501019322,LBBL,6,25,1071,195.0,208845.0
2020-03-05,2020030501019330,LBL,13,49,72,230.0,16560.0
2020-03-05,2020030501019117,LBL,13,44,26,230.0,5980.0
2020-03-05,2020030501019250,LGIL,52,47,10,485.0,4850.0
2020-03-05,2020030501019505,LICN,26,17,151,1490.0,224990.0
2020-03-05,2020030501019504,LICN,26,28,49,1490.0,73010.0
2020-03-05,2020030501019284,MBL,35,14,8907,245.0,2182215.0
2020-03-05,2020030501019283,MBL,40,14,1000,245.0,245000.0
2020-03-05,2020030501019282,MBL,59,14,300,245.0,73500.0
2020-03-05,2020030501019281,MBL,11,14,100,245.0,24500.0
2020-03-05,2020030501019280,MBL,42,14,300,245.0,73500.0
2020-03-05,2020030501019279,MBL,32,14,50,245.0,12250.0
2020-03-05,2020030501019272,MBL,5,14,200,246.0,49200.0
2020-03-05,2020030501019271,MBL,48,14,371,247.0,91637.0
2020-03-05,2020030501019270,MBL,25,14,100,247.0,24700.0
2020-03-05,2020030501019269,MBL,22,14,429,247.0,105963.0
2020-03-05,2020030501019141,MBL,28,51,50,248.0,12400.0
2020-03-05,2020030501019119,MBL,28,51,200,248.0,49600.0
2020-03-05,2020030501019278,MBL,46,14,200,246.0,49200.0
2020-03-05,2020030501019277,MBL,59,14,300,246.0,73800.0
2020-03-05,2020030501019276,MBL,52,14,200,246.0,49200.0
2020-03-05,2020030501019275,MBL,14,14,200,246.0,49200.0
2020-03-05,2020030501019274,MBL,43,14,100,246.0,24600.0
2020-03-05,2020030501019273,MBL,32,14,200,246.0,49200.0
2020-03-05,2020030501019494,MDB,58,43,75,450.0,33750.0
2020-03-05,2020030501019514,MEGA,47,33,200,229.0,45800.0
2020-03-05,2020030501019231,MEGA,48,6,70,228.0,15960.0
2020-03-05,2020030501019230,MEGA,43,6,930,228.0,212040.0
2020-03-05,2020030501019162,MEGA,43,50,1000,228.0,228000.0
2020-03-05,2020030501019101,MEGA,28,44,146,228.0,33288.0
2020-03-05,2020030501019075,MEGA,16,33,150,229.0,34350.0
2020-03-05,2020030501019036,MEGA,26,33,406,229.0,92974.0
2020-03-05,2020030501019035,MEGA,26,44,94,229.0,21526.0
2020-03-05,2020030501019155,MEGA,43,35,19,228.0,4332.0
2020-03-05,2020030501019140,MEGA,43,14,800,228.0,182400.0
2020-03-05,2020030501019121,MEGA,10,33,100,229.0,22900.0
2020-03-05,2020030501019112,MEGA,43,34,7251,228.0,1653228.0
2020-03-05,2020030501019111,MEGA,28,34,749,228.0,170772.0
2020-03-05,2020030501019266,MERO,21,6,40,666.0,26640.0
2020-03-05,2020030501019265,MERO,22,6,14,666.0,9324.0
2020-03-05,2020030501019199,MERO,26,25,57,677.0,38589.0
2020-03-05,2020030501019198,MERO,26,58,300,677.0,203100.0
2020-03-05,2020030501019197,MERO,26,34,43,676.0,29068.0
2020-03-05,2020030501019196,MERO,26,41,100,676.0,67600.0
2020-03-05,2020030501019178,MFIL,32,26,100,319.0,31900.0
2020-03-05,2020030501019445,MLBBL,22,57,30,778.0,23340.0
2020-03-05,2020030501019082,MLBL,14,44,60,220.0,13200.0
2020-03-05,2020030501019081,MLBL,49,44,162,224.0,36288.0
2020-03-05,2020030501019043,MNBBL,38,42,33,335.0,11055.0
2020-03-05,2020030501019065,MSMBS,58,44,22,787.0,17314.0
2020-03-05,2020030501019530,NABIL,44,11,12,841.0,10092.0
2020-03-05,2020030501019228,NABIL,28,40,60,840.0,50400.0
2020-03-05,2020030501019208,NABIL,58,49,50,843.0,42150.0
2020-03-05,2020030501019179,NABIL,58,55,50,843.0,42150.0
2020-03-05,2020030501019152,NABIL,28,58,655,840.0,550200.0
2020-03-05,2020030501019151,NABIL,25,58,12,840.0,10080.0
2020-03-05,2020030501019150,NABIL,34,58,191,840.0,160440.0
2020-03-05,2020030501019149,NABIL,47,58,50,841.0,42050.0
2020-03-05,2020030501019148,NABIL,34,58,92,842.0,77464.0
2020-03-05,2020030501019133,NABIL,22,57,300,844.0,253200.0
2020-03-05,2020030501019392,NBB,57,52,50,224.0,11200.0
2020-03-05,2020030501019380,NBB,57,16,425,224.0,95200.0
2020-03-05,2020030501019367,NBB,57,8,135,224.0,30240.0
2020-03-05,2020030501019366,NBB,43,8,913,224.0,204512.0
2020-03-05,2020030501019359,NBB,43,1,57,224.0,12768.0
2020-03-05,2020030501019258,NBB,43,7,30,224.0,6720.0
2020-03-05,2020030501019254,NBB,43,49,1000,224.0,224000.0
2020-03-05,2020030501019233,NBB,34,50,500,224.0,112000.0
2020-03-05,2020030501019038,NBB,13,8,500,225.0,112500.0
2020-03-05,2020030501019522,NBL,54,36,200,284.0,56800.0
2020-03-05,2020030501019461,NBL,17,8,267,283.0,75561.0
2020-03-05,2020030501019460,NBL,36,8,200,283.0,56600.0
2020-03-05,2020030501019459,NBL,45,8,200,283.0,56600.0
2020-03-05,2020030501019458,NBL,5,8,633,283.0,179139.0
2020-03-05,2020030501019404,NBL,45,36,30,284.0,8520.0
2020-03-05,2020030501019089,NBL,6,47,1478,283.0,418274.0
2020-03-05,2020030501019070,NBL,45,36,700,284.0,198800.0
2020-03-05,2020030501019069,NBL,6,52,100,283.0,28300.0
2020-03-05,2020030501019053,NBL,16,21,375,284.0,106500.0
2020-03-05,2020030501019095,NBL,17,47,55,283.0,15565.0
2020-03-05,2020030501019094,NBL,6,47,50,283.0,14150.0
2020-03-05,2020030501019093,NBL,19,47,100,283.0,28300.0
2020-03-05,2020030501019092,NBL,19,47,500,283.0,141500.0
2020-03-05,2020030501019091,NBL,13,47,200,283.0,56600.0
2020-03-05,2020030501019090,NBL,32,47,50,283.0,14150.0
2020-03-05,2020030501019326,NBL,29,36,1000,284.0,284000.0
2020-03-05,2020030501019161,NBL,5,36,500,284.0,142000.0
2020-03-05,2020030501019139,NBL,5,51,300,283.0,84900.0
2020-03-05,2020030501019099,NBL,16,36,125,284.0,35500.0
2020-03-05,2020030501019097,NBL,5,47,4067,283.0,1150961.0
2020-03-05,2020030501019096,NBL,26,47,1000,283.0,283000.0
2020-03-05,2020030501019531,NCCB,42,8,200,200.0,40000.0
2020-03-05,2020030501019384,NCCB,55,34,1000,201.0,201000.0
2020-03-05,2020030501019383,NCCB,6,34,48,201.0,9648.0
2020-03-05,2020030501019325,NCCB,6,6,332,201.0,66732.0
2020-03-05,2020030501019100,NCCB,6,22,120,201.0,24120.0
2020-03-05,2020030501019518,NHDL,33,17,10,151.0,1510.0
2020-03-05,2020030501019481,NHPC,42,13,4090,58.0,237220.0
2020-03-05,2020030501019430,NIB,22,44,84,420.0,35280.0
2020-03-05,2020030501019385,NIB,22,1,39,420.0,16380.0
2020-03-05,2020030501019071,NIB,43,38,153,420.0,64260.0
2020-03-05,2020030501019519,NICA,33,58,90,576.0,51840.0
2020-03-05,2020030501019443,NICA,22,58,510,576.0,293760.0
2020-03-05,2020030501019442,NICA,22,47,290,576.0,167040.0
2020-03-05,2020030501019431,NICA,34,1,67,575.0,38525.0
2020-03-05,2020030501019388,NICA,47,47,100,576.0,57600.0
2020-03-05,2020030501019387,NICA,47,47,10,576.0,5760.0
2020-03-05,2020030501019329,NICA,47,57,140,576.0,80640.0
2020-03-05,2020030501019328,NICA,47,57,30,576.0,17280.0
2020-03-05,2020030501019147,NICA,47,17,120,576.0,69120.0
2020-03-05,2020030501019059,NICA,49,36,372,576.0,214272.0
2020-03-05,2020030501019486,NICL,45,26,90,459.0,41310.0
2020-03-05,2020030501019394,NICL,45,34,15,459.0,6885.0
2020-03-05,2020030501019288,NICL,43,58,206,460.0,94760.0
2020-03-05,2020030501019287,NICL,46,58,44,460.0,20240.0
2020-03-05,2020030501019248,NICL,43,16,65,461.0,29965.0
2020-03-05,2020030501019110,NICL,5,4,14,462.0,6468.0
2020-03-05,2020030501019109,NICL,5,4,50,462.0,23100.0
2020-03-05,2020030501019488,NIL,57,6,74,587.0,43438.0
2020-03-05,2020030501019487,NIL,43,6,94,587.0,55178.0
2020-03-05,2020030501019455,NIL,43,6,500,587.0,293500.0
2020-03-05,2020030501019259,NIL,43,21,50,587.0,29350.0
2020-03-05,2020030501019195,NIL,43,47,33,587.0,19371.0
2020-03-05,2020030501019158,NIL,43,45,100,589.0,58900.0
2020-03-05,2020030501019049,NIL,43,17,323,587.0,189601.0
2020-03-05,2020030501019516,NLIC,14,38,22,1253.0,27566.0
2020-03-05,2020030501019451,NLIC,18,58,150,1256.0,188400.0
2020-03-05,2020030501019432,NLIC,14,38,22,1253.0,27566.0
2020-03-05,2020030501019427,NLIC,14,42,50,1253.0,62650.0
2020-03-05,2020030501019421,NLIC,14,28,90,1253.0,112770.0
2020-03-05,2020030501019267,NLIC,52,14,15,1253.0,18795.0
2020-03-05,2020030501019238,NLIC,57,14,100,1253.0,125300.0
2020-03-05,2020030501019237,NLIC,57,14,185,1253.0,231805.0
2020-03-05,2020030501019234,NLIC,57,5,15,1253.0,18795.0
2020-03-05,2020030501019130,NLIC,48,17,50,1252.0,62600.0
2020-03-05,2020030501019125,NLIC,19,48,22,1257.0,27654.0
2020-03-05,2020030501019482,NLICL,35,7,18,707.0,12726.0
2020-03-05,2020030501019437,NLICL,20,44,90,708.0,63720.0
2020-03-05,2020030501019310,NLICL,5,32,200,709.0,141800.0
2020-03-05,2020030501019309,NLICL,5,32,100,709.0,70900.0
2020-03-05,2020030501019308,NLICL,38,32,100,709.0,70900.0
2020-03-05,2020030501019307,NLICL,44,32,197,709.0,139673.0
2020-03-05,2020030501019306,NLICL,32,32,250,710.0,177500.0
2020-03-05,2020030501019453,NMB,34,14,231,460.0,106260.0
2020-03-05,2020030501019446,NMB,38,32,100,459.0,45900.0
2020-03-05,2020030501019419,NMB,16,14,250,460.0,115000.0
2020-03-05,2020030501019418,NMB,57,14,100,460.0,46000.0
2020-03-05,2020030501019417,NMB,44,14,50,460.0,23000.0
2020-03-05,2020030501019416,NMB,48,14,300,460.0,138000.0
2020-03-05,2020030501019042,NMB,34,16,1000,461.0,461000.0
2020-03-05,2020030501019409,NMB,29,14,10,461.0,4610.0
2020-03-05,2020030501019408,NMB,42,14,10,461.0,4610.0
2020-03-05,2020030501019407,NMB,34,14,41,461.0,18901.0
2020-03-05,2020030501019333,NMB,34,58,100,461.0,46100.0
2020-03-05,2020030501019247,NMB,19,4,19,462.0,8778.0
2020-03-05,2020030501019066,NMB,34,14,354,461.0,163194.0
2020-03-05,2020030501019415,NMB,38,14,500,460.0,230000.0
2020-03-05,2020030501019414,NMB,13,14,100,460.0,46000.0
2020-03-05,2020030501019413,NMB,47,14,108,460.0,49680.0
2020-03-05,2020030501019412,NMB,14,14,500,460.0,230000.0
2020-03-05,2020030501019411,NMB,49,14,400,460.0,184000.0
2020-03-05,2020030501019410,NMB,52,14,100,461.0,46100.0
2020-03-05,2020030501019263,NMBMF,14,45,40,839.0,33560.0
2020-03-05,2020030501019454,NMFBS,33,49,10,1764.0,17640.0
2020-03-05,2020030501019465,NTC,37,8,520,659.0,342680.0
2020-03-05,2020030501019464,NTC,37,8,480,659.0,316320.0
2020-03-05,2020030501019227,NUBL,52,40,50,1015.0,50750.0
2020-03-05,2020030501019226,NUBL,52,14,30,1015.0,30450.0
2020-03-05,2020030501019225,NUBL,52,44,50,1015.0,50750.0
2020-03-05,2020030501019450,OHL,22,39,314,443.0,139102.0
2020-03-05,2020030501019449,OHL,25,39,210,443.0,93030.0
2020-03-05,2020030501019448,OHL,45,39,30,444.0,13320.0
2020-03-05,2020030501019214,OHL,45,6,40,445.0,17800.0
2020-03-05,2020030501019213,OHL,37,6,210,446.0,93660.0
2020-03-05,2020030501019173,OHL,37,6,290,446.0,129340.0
2020-03-05,2020030501019172,OHL,39,6,100,446.0,44600.0
2020-03-05,2020030501019171,OHL,25,6,100,450.0,45000.0
2020-03-05,2020030501019242,OHL,25,6,290,443.0,128470.0
2020-03-05,2020030501019241,OHL,10,6,200,444.0,88800.0
2020-03-05,2020030501019240,OHL,45,6,10,445.0,4450.0
2020-03-05,2020030501019365,PCBL,4,37,80,303.0,24240.0
2020-03-05,2020030501019223,PCBL,4,4,10449,303.0,3166047.0
2020-03-05,2020030501019222,PCBL,4,4,151,303.0,45753.0
2020-03-05,2020030501019062,PCBL,4,57,200,303.0,60600.0
2020-03-05,2020030501019061,PCBL,4,47,50,303.0,15150.0
2020-03-05,2020030501019060,PCBL,4,44,99,303.0,29997.0
2020-03-05,2020030501019160,PIC,42,33,111,598.0,66378.0
2020-03-05,2020030501019159,PIC,16,33,389,598.0,232622.0
2020-03-05,2020030501019058,PIC,16,17,111,598.0,66378.0
2020-03-05,2020030501019057,PIC,13,17,50,600.0,30000.0
2020-03-05,2020030501019056,PIC,56,17,39,600.0,23400.0
2020-03-05,2020030501019104,PLIC,32,38,500,595.0,297500.0
2020-03-05,2020030501019526,PRVU,17,51,1500,255.0,382500.0
2020-03-05,2020030501019382,PRVU,17,51,561,255.0,143055.0
2020-03-05,2020030501019381,PRVU,35,51,439,255.0,111945.0
2020-03-05,2020030501019120,PRVU,4,19,1000,256.0,256000.0
2020-03-05,2020030501019167,PRVU,28,19,200,256.0,51200.0
2020-03-05,2020030501019313,PRVU,35,34,9561,255.0,2438055.0
2020-03-05,2020030501019312,PRVU,6,34,1300,255.0,331500.0
2020-03-05,2020030501019311,PRVU,57,34,139,255.0,35445.0
2020-03-05,2020030501019434,RBCLPO,22,38,20,8800.0,176000.0
2020-03-05,2020030501019294,RBCLPO,49,38,20,8800.0,176000.0
2020-03-05,2020030501019339,RHPL,51,48,30,159.0,4770.0
2020-03-05,2020030501019338,RHPL,51,48,30,159.0,4770.0
2020-03-05,2020030501019337,RHPL,4,48,170,159.0,27030.0
2020-03-05,2020030501019165,RHPL,4,35,30,159.0,4770.0
2020-03-05,2020030501019484,RMDC,38,59,18,706.0,12708.0
2020-03-05,2020030501019480,RMDC,38,59,132,706.0,93192.0
2020-03-05,2020030501019295,RMDC,38,6,200,706.0,141200.0
2020-03-05,2020030501019232,RMDC,38,59,100,706.0,70600.0
2020-03-05,2020030501019177,RMDC,38,6,50,706.0,35300.0
2020-03-05,2020030501019108,RMDC,38,6,68,706.0,48008.0
2020-03-05,2020030501019107,RMDC,6,6,20,707.0,14140.0
2020-03-05,2020030501019106,RMDC,38,6,12,708.0,8496.0
2020-03-05,2020030501019447,RRHP,48,44,10,98.0,980.0
2020-03-05,2020030501019389,SADBL,6,6,300,169.0,50700.0
2020-03-05,2020030501019517,SANIMA,13,42,420,365.0,153300.0
2020-03-05,2020030501019440,SANIMA,45,44,21,369.0,7749.0
2020-03-05,2020030501019323,SANIMA,33,57,24,370.0,8880.0
2020-03-05,2020030501019156,SANIMA,13,39,10,365.0,3650.0
2020-03-05,2020030501019134,SANIMA,13,57,50,365.0,18250.0
2020-03-05,2020030501019116,SANIMA,13,17,220,365.0,80300.0
2020-03-05,2020030501019033,SANIMA,13,10,300,365.0,109500.0
2020-03-05,2020030501019032,SANIMA,7,10,200,365.0,73000.0
2020-03-05,2020030501019045,SBI,25,14,10,480.0,4800.0
2020-03-05,2020030501019044,SBI,25,51,45,479.0,21555.0
2020-03-05,2020030501019457,SBL,45,48,30,330.0,9900.0
2020-03-05,2020030501019163,SBL,25,48,20,330.0,6600.0
2020-03-05,2020030501019122,SBL,33,57,130,327.0,42510.0
2020-03-05,2020030501019072,SBL,50,36,1000,328.0,328000.0
2020-03-05,2020030501019405,SCB,39,32,30,705.0,21150.0
2020-03-05,2020030501019305,SCB,39,49,100,705.0,70500.0
2020-03-05,2020030501019166,SCB,19,51,35,707.0,24745.0
2020-03-05,2020030501019444,SDESI,57,48,12,958.0,11496.0
2020-03-05,2020030501019229,SDESI,49,35,50,943.0,47150.0
2020-03-05,2020030501019202,SDESI,38,35,27,942.0,25434.0
2020-03-05,2020030501019083,SDESI,52,40,20,942.0,18840.0
2020-03-05,2020030501019074,SEF,6,4,20000,9.64,192800.0
2020-03-05,2020030501019521,SHINE,41,18,100,303.0,30300.0
2020-03-05,2020030501019429,SHINE,41,32,100,303.0,30300.0
2020-03-05,2020030501019207,SHINE,38,6,1000,305.0,305000.0
2020-03-05,2020030501019206,SHINE,38,32,180,305.0,54900.0
2020-03-05,2020030501019064,SHINE,38,57,95,303.0,28785.0
2020-03-05,2020030501019063,SHINE,38,29,105,303.0,31815.0
2020-03-05,2020030501019050,SHINE,37,57,45,303.0,13635.0
2020-03-05,2020030501019205,SHINE,38,57,301,305.0,91805.0
2020-03-05,2020030501019204,SHINE,38,38,230,304.0,69920.0
2020-03-05,2020030501019129,SHINE,38,57,163,305.0,49715.0
2020-03-05,2020030501019128,SHINE,38,42,477,304.0,145008.0
2020-03-05,2020030501019127,SHINE,38,42,500,303.0,151500.0
2020-03-05,2020030501019126,SHINE,38,57,360,303.0,109080.0
2020-03-05,2020030501019513,SHIVM,38,50,100,600.0,60000.0
2020-03-05,2020030501019512,SHIVM,4,50,200,600.0,120000.0
2020-03-05,2020030501019511,SHIVM,14,50,50,600.0,30000.0
2020-03-05,2020030501019510,SHIVM,40,50,50,600.0,30000.0
2020-03-05,2020030501019509,SHIVM,25,50,50,600.0,30000.0
2020-03-05,2020030501019508,SHIVM,35,50,350,600.0,210000.0
2020-03-05,2020030501019217,SHIVM,33,55,20,601.0,12020.0
2020-03-05,2020030501019471,SHIVM,35,56,150,600.0,90000.0
2020-03-05,2020030501019470,SHIVM,59,56,50,600.0,30000.0
2020-03-05,2020030501019469,SHIVM,25,56,500,600.0,300000.0
2020-03-05,2020030501019468,SHIVM,17,56,50,600.0,30000.0
2020-03-05,2020030501019467,SHIVM,19,56,50,601.0,30050.0
2020-03-05,2020030501019039,SHL,51,5,200,182.0,36400.0
2020-03-05,2020030501019495,SHPC,7,17,39,217.0,8463.0
2020-03-05,2020030501019185,SHPC,7,45,72,217.0,15624.0
2020-03-05,2020030501019184,SHPC,14,45,100,218.0,21800.0
2020-03-05,2020030501019183,SHPC,6,45,17,218.0,3706.0
2020-03-05,2020030501019157,SIC,25,16,72,717.0,51624.0
2020-03-05,2020030501019203,SICL,38,16,40,980.0,39200.0
2020-03-05,2020030501019211,SIL,34,45,10,563.0,5630.0
2020-03-05,2020030501019034,SIL,34,17,59,563.0,33217.0
2020-03-05,2020030501019189,SJCL,6,44,20,153.0,3060.0
2020-03-05,2020030501019180,SJCL,6,35,20,153.0,3060.0
2020-03-05,2020030501019142,SJCL,6,44,10,153.0,1530.0
2020-03-05,2020030501019143,SLBBL,34,33,115,912.0,104880.0
2020-03-05,2020030501019243,SLBBL,38,38,152,923.0,140296.0
2020-03-05,2020030501019472,SLBSL,22,44,10,890.0,8900.0
2020-03-05,2020030501019190,SLBSL,37,39,10,895.0,8950.0
2020-03-05,2020030501019466,SLICL,36,21,255,470.0,119850.0
2020-03-05,2020030501019423,SLICL,36,28,500,470.0,235000.0
2020-03-05,2020030501019098,SLICL,19,21,100,474.0,47400.0
2020-03-05,2020030501019502,SMB,45,44,10,933.0,9330.0
2020-03-05,2020030501019193,SMFBS,45,34,40,1000.0,40000.0
2020-03-05,2020030501019192,SMFBS,57,34,50,1001.0,50050.0
2020-03-05,2020030501019191,SMFBS,47,34,10,1010.0,10100.0
2020-03-05,2020030501019302,SPDL,14,45,29,101.0,2929.0
2020-03-05,2020030501019507,SRBL,34,48,64,261.0,16704.0
2020-03-05,2020030501019506,SRBL,25,48,19,261.0,4959.0
2020-03-05,2020030501019500,SRBL,34,42,1000,262.0,262000.0
2020-03-05,2020030501019262,SRBL,25,45,500,261.0,130500.0
2020-03-05,2020030501019078,SRBL,25,57,481,261.0,125541.0
2020-03-05,2020030501019077,SRBL,34,57,69,261.0,18009.0
2020-03-05,2020030501019067,SRBL,34,41,1000,261.0,261000.0
2020-03-05,2020030501019356,TRH,17,36,900,263.0,236700.0
2020-03-05,2020030501019355,TRH,17,36,1000,264.0,264000.0
2020-03-05,2020030501019354,TRH,44,36,1000,264.0,264000.0
2020-03-05,2020030501019353,TRH,17,36,1000,265.0,265000.0
2020-03-05,2020030501019352,TRH,52,36,100,266.0,26600.0
2020-03-05,2020030501019332,TRH,52,6,400,266.0,106400.0
2020-03-05,2020030501019331,TRH,51,6,100,267.0,26700.0
2020-03-05,2020030501019425,UIC,57,14,71,382.0,27122.0
2020-03-05,2020030501019290,UIC,57,49,33,382.0,12606.0
2020-03-05,2020030501019219,UIC,46,58,200,382.0,76400.0
2020-03-05,2020030501019483,UPPER,34,1,20,237.0,4740.0
2020-03-05,2020030501019041,UPPER,43,56,20,236.0,4720.0
2020-03-05,2020030501019040,UPPER,43,35,610,236.0,143960.0
2020-03-05,2020030501019194,UPPER,8,35,40,235.0,9400.0
2020-03-05,2020030501019048,UPPER,34,1,20,237.0,4740.0
2020-03-05,2020030501019209,UPPER,17,44,50,236.0,11800.0
2020-03-05,2020030501019391,UPPER,52,48,120,235.0,28200.0
2020-03-05,2020030501019390,UPPER,8,48,30,235.0,7050.0
2020-03-05,2020030501019293,VLBS,52,45,102,1043.0,106386.0
2020-03-05,2020030501019292,VLBS,52,55,10,1040.0,10400.0
2020-03-05,2020030501019291,VLBS,52,22,13,1040.0,13520.0
2020-03-05,2020030501019085,VLBS,6,45,10,1035.0,10350.0
2020-03-05,2020030501019054,VLBS,29,44,13,1023.0,13299.0
2020-03-05,2020030501019452,VLBS,52,14,10,1043.0,10430.0
2020-03-05,2020030501019479,WOMI,51,55,51,1060.0,54060.0
2020-03-05,2020030501019478,WOMI,41,55,100,1060.0,106000.0
2020-03-05,2020030501019477,WOMI,21,55,100,1060.0,106000.0
2020-03-05,2020030501019476,WOMI,41,55,133,1061.0,141113.0
2020-03-05,2020030501019475,WOMI,41,55,66,1062.0,70092.0
2020-03-05,2020030501019474,WOMI,34,55,50,1063.0,53150.0
2020-03-05,2020030501019236,WOMI,6,55,40,1074.0,42960.0
2020-03-05,2020030501019201,WOMI,52,17,10,1073.0,10730.0
2020-03-05,2020030501019200,WOMI,52,55,100,1073.0,107300.0
2020-03-05,2020030501012393,ADBL,25,33,280,410.0,114800.0
2020-03-05,2020030501012327,ADBL,13,33,60,410.0,24600.0
2020-03-05,2020030501012326,ADBL,13,38,40,410.0,16400.0
2020-03-05,2020030501012098,ADBL,17,13,108,409.0,44172.0
2020-03-05,2020030501012097,ADBL,17,32,12,409.0,4908.0
2020-03-05,2020030501012063,ADBL,53,11,11,408.0,4488.0
2020-03-05,2020030501012099,ADBL,17,38,880,410.0,360800.0
2020-03-05,2020030501012504,ALBSL,57,34,35,703.0,24605.0
2020-03-05,2020030501012503,ALBSL,57,39,22,703.0,15466.0
2020-03-05,2020030501012367,ALBSL,22,51,22,700.0,15400.0
2020-03-05,2020030501012355,ALBSL,22,51,78,700.0,54600.0
2020-03-05,2020030501012354,ALBSL,22,49,11,699.0,7689.0
2020-03-05,2020030501012319,ALBSL,50,10,72,698.0,50256.0
2020-03-05,2020030501012318,ALBSL,50,40,42,698.0,29316.0
2020-03-05,2020030501012222,ALBSL,34,21,11,695.0,7645.0
2020-03-05,2020030501012221,ALBSL,34,6,11,695.0,7645.0
2020-03-05,2020030501012220,ALBSL,34,45,11,692.0,7612.0
2020-03-05,2020030501012529,ALICL,16,14,300,589.0,176700.0
2020-03-05,2020030501012363,ALICL,34,6,500,587.0,293500.0
2020-03-05,2020030501012131,ALICL,41,45,30,586.0,17580.0
2020-03-05,2020030501012130,ALICL,41,5,100,586.0,58600.0
2020-03-05,2020030501012129,ALICL,41,26,202,586.0,118372.0
2020-03-05,2020030501012111,ALICL,38,34,200,586.0,117200.0
2020-03-05,2020030501012078,ALICL,41,34,50,585.0,29250.0
2020-03-05,2020030501012235,BFC,32,41,300,105.0,31500.0
2020-03-05,2020030501012424,BOKL,29,50,500,248.0,124000.0
2020-03-05,2020030501012519,BPCL,48,43,16,363.0,5808.0
2020-03-05,2020030501012518,BPCL,48,59,50,362.0,18100.0
2020-03-05,2020030501012517,BPCL,48,7,22,362.0,7964.0
2020-03-05,2020030501012516,BPCL,48,35,12,362.0,4344.0
2020-03-05,2020030501012193,BPCL,41,35,488,362.0,176656.0
2020-03-05,2020030501012192,BPCL,41,34,22,362.0,7964.0
2020-03-05,2020030501012091,BPCL,34,34,22,361.0,7942.0
2020-03-05,2020030501012090,BPCL,34,54,100,361.0,36100.0
2020-03-05,2020030501012498,CBBL,25,58,12,1101.0,13212.0
2020-03-05,2020030501012187,CBBL,53,14,200,1118.0,223600.0
2020-03-05,2020030501012171,CBBL,53,6,100,1118.0,111800.0
2020-03-05,2020030501012302,CBBL,34,1,100,1122.0,112200.0
2020-03-05,2020030501012301,CBBL,34,57,56,1120.0,62720.0
2020-03-05,2020030501012300,CBBL,34,33,350,1120.0,392000.0
2020-03-05,2020030501012299,CBBL,34,57,28,1120.0,31360.0
2020-03-05,2020030501012298,CBBL,34,28,250,1119.0,279750.0
2020-03-05,2020030501012297,CBBL,34,57,70,1118.0,78260.0
2020-03-05,2020030501012305,CBBL,34,21,36,1123.0,40428.0
2020-03-05,2020030501012304,CBBL,34,48,100,1123.0,112300.0
2020-03-05,2020030501012303,CBBL,34,57,10,1123.0,11230.0
2020-03-05,2020030501012511,CBL,39,49,2000,149.0,298000.0
2020-03-05,2020030501012285,CBL,58,5,66,148.0,9768.0
2020-03-05,2020030501012116,CBL,58,5,330,148.0,48840.0
2020-03-05,2020030501012284,CCBL,45,59,200,185.0,37000.0
2020-03-05,2020030501012283,CCBL,45,52,500,185.0,92500.0
2020-03-05,2020030501012282,CCBL,45,17,548,185.0,101380.0
2020-03-05,2020030501012062,CCBL,35,17,152,185.0,28120.0
2020-03-05,2020030501012061,CCBL,35,7,108,185.0,19980.0
2020-03-05,2020030501012060,CCBL,35,52,240,185.0,44400.0
2020-03-05,2020030501012488,CFCL,4,45,10,139.0,1390.0
2020-03-05,2020030501012461,CFCL,4,45,10,137.0,1370.0
2020-03-05,2020030501012527,CHCL,14,51,114,414.0,47196.0
2020-03-05,2020030501012526,CHCL,14,42,12,413.0,4956.0
2020-03-05,2020030501012449,CIT,10,7,100,2714.0,271400.0
2020-03-05,2020030501012347,CIT,58,25,100,2700.0,270000.0
2020-03-05,2020030501012346,CIT,58,42,10,2700.0,27000.0
2020-03-05,2020030501012345,CIT,58,34,20,2700.0,54000.0
2020-03-05,2020030501012344,CIT,58,50,17,2699.0,45883.0
2020-03-05,2020030501012323,CIT,5,50,43,2699.0,116057.0
2020-03-05,2020030501012156,CIT,58,51,58,2697.0,156426.0
2020-03-05,2020030501012155,CIT,58,7,19,2697.0,51243.0
2020-03-05,2020030501012154,CIT,58,25,300,2695.0,808500.0
2020-03-05,2020030501012095,CIT,38,7,100,2694.0,269400.0
2020-03-05,2020030501012322,CIT,5,45,115,2699.0,310385.0
2020-03-05,2020030501012321,CIT,5,7,47,2699.0,126853.0
2020-03-05,2020030501012268,CIT,11,7,30,2699.0,80970.0
2020-03-05,2020030501012159,CIT,58,7,23,2699.0,62077.0
2020-03-05,2020030501012158,CIT,58,41,50,2698.0,134900.0
2020-03-05,2020030501012157,CIT,58,41,50,2698.0,134900.0
2020-03-05,2020030501012531,CZBIL,25,5,200,205.0,41000.0
2020-03-05,2020030501012263,CZBIL,43,45,10,206.0,2060.0
2020-03-05,2020030501012214,CZBIL,43,46,123,205.0,25215.0
2020-03-05,2020030501012520,DDBL,35,51,200,910.0,182000.0
2020-03-05,2020030501012483,DDBL,49,51,300,910.0,273000.0
2020-03-05,2020030501012482,DDBL,49,10,100,905.0,90500.0
2020-03-05,2020030501012357,DDBL,49,10,400,905.0,362000.0
2020-03-05,2020030501012065,EBL,21,45,100,753.0,75300.0
2020-03-05,2020030501012045,EBL,35,45,100,753.0,75300.0
2020-03-05,2020030501012493,EIC,57,21,200,403.0,80600.0
2020-03-05,2020030501012492,EIC,57,45,20,403.0,8060.0
2020-03-05,2020030501012392,EIC,34,6,100,402.0,40200.0
2020-03-05,2020030501012203,EIC,45,5,100,401.0,40100.0
2020-03-05,2020030501012127,EIC,19,19,1000,400.0,400000.0
2020-03-05,2020030501012454,FMDBL,39,57,100,539.0,53900.0
2020-03-05,2020030501012373,FMDBL,18,57,100,539.0,53900.0
2020-03-05,2020030501012358,FMDBL,18,58,100,539.0,53900.0
2020-03-05,2020030501012293,FMDBL,53,18,150,529.0,79350.0
2020-03-05,2020030501012246,FMDBL,26,18,50,529.0,26450.0
2020-03-05,2020030501012227,FMDBL,57,43,100,529.0,52900.0
2020-03-05,2020030501012160,FMDBL,1,43,100,529.0,52900.0
2020-03-05,2020030501012048,FMDBL,38,14,31,519.0,16089.0
2020-03-05,2020030501012448,FOWAD,21,42,38,1610.0,61180.0
2020-03-05,2020030501012374,FOWAD,34,58,50,1591.0,79550.0
2020-03-05,2020030501012270,FOWAD,58,52,10,1560.0,15600.0
2020-03-05,2020030501012198,FOWAD,25,46,35,1552.0,54320.0
2020-03-05,2020030501012195,FOWAD,57,46,265,1552.0,411280.0
2020-03-05,2020030501012194,FOWAD,57,14,35,1552.0,54320.0
2020-03-05,2020030501012089,FOWAD,25,14,65,1552.0,100880.0
2020-03-05,2020030501012133,GBBL,58,6,410,243.0,99630.0
2020-03-05,2020030501012132,GBBL,58,35,80,243.0,19440.0
2020-03-05,2020030501012444,GBIME,51,6,50,288.0,14400.0
2020-03-05,2020030501012189,GBIME,1,6,74,287.0,21238.0
2020-03-05,2020030501012128,GBIME,1,6,74,287.0,21238.0
2020-03-05,2020030501012087,GBIME,1,6,74,287.0,21238.0
2020-03-05,2020030501012085,GBIME,41,6,300,288.0,86400.0
2020-03-05,2020030501012084,GBIME,41,59,300,288.0,86400.0
2020-03-05,2020030501012472,GBLBS,53,28,500,520.0,260000.0
2020-03-05,2020030501012389,GBLBS,1,28,100,520.0,52000.0
2020-03-05,2020030501012296,GBLBS,55,28,100,520.0,52000.0
2020-03-05,2020030501012269,GBLBS,45,59,15,515.0,7725.0
2020-03-05,2020030501012183,GBLBS,53,44,200,515.0,103000.0
2020-03-05,2020030501012077,GBLBS,53,44,300,515.0,154500.0
2020-03-05,2020030501012066,GBLBS,3,38,50,515.0,25750.0
2020-03-05,2020030501012058,GBLBS,55,51,100,513.0,51300.0
2020-03-05,2020030501012057,GBLBS,55,6,200,513.0,102600.0
2020-03-05,2020030501012044,GBLBS,50,36,100,510.0,51000.0
2020-03-05,2020030501012162,GILB,13,6,50,1366.0,68300.0
2020-03-05,2020030501012161,GILB,13,5,25,1365.0,34125.0
2020-03-05,2020030501012102,GILB,57,45,20,1360.0,27200.0
2020-03-05,2020030501012101,GILB,57,6,40,1360.0,54400.0
2020-03-05,2020030501012100,GILB,57,35,45,1355.0,60975.0
2020-03-05,2020030501012108,GLBSL,49,53,10,632.0,6320.0
2020-03-05,2020030501012107,GLBSL,49,45,10,632.0,6320.0
2020-03-05,2020030501012381,GLICL,36,16,20,491.0,9820.0
2020-03-05,2020030501012380,GLICL,36,45,50,491.0,24550.0
2020-03-05,2020030501012379,GLICL,36,13,30,491.0,14730.0
2020-03-05,2020030501012243,GLICL,49,53,130,490.0,63700.0
2020-03-05,2020030501012377,HBL,52,36,35,610.0,21350.0
2020-03-05,2020030501012470,HDL,48,51,90,1640.0,147600.0
2020-03-05,2020030501012469,HDL,48,41,100,1640.0,164000.0
2020-03-05,2020030501012428,HDL,1,51,10,1640.0,16400.0
2020-03-05,2020030501012427,HDL,1,49,200,1640.0,328000.0
2020-03-05,2020030501012426,HDL,1,48,190,1640.0,311600.0
2020-03-05,2020030501012398,HDL,59,48,200,1640.0,328000.0
2020-03-05,2020030501012361,HDL,38,48,10,1640.0,16400.0
2020-03-05,2020030501012294,HDL,56,45,50,1639.0,81950.0
2020-03-05,2020030501012213,HDL,42,26,150,1635.0,245250.0
2020-03-05,2020030501012144,HDL,45,10,430,1630.0,700900.0
2020-03-05,2020030501012067,HDL,16,10,50,1630.0,81500.0
2020-03-05,2020030501012474,HGI,38,5,500,400.0,200000.0
2020-03-05,2020030501012396,HGI,33,21,50,399.0,19950.0
2020-03-05,2020030501012196,HIDCL,48,5,135,136.0,18360.0
2020-03-05,2020030501012122,HIDCL,48,34,422,136.0,57392.0
2020-03-05,2020030501012121,HIDCL,25,34,440,136.0,59840.0
2020-03-05,2020030501012120,HIDCL,54,34,378,137.0,51786.0
2020-03-05,2020030501012117,ICFC,57,55,11,195.0,2145.0
2020-03-05,2020030501012237,IGI,42,13,324,428.0,138672.0
2020-03-05,2020030501012236,IGI,42,19,200,425.0,85000.0
2020-03-05,2020030501012368,JOSHI,34,32,20,59.0,1180.0
2020-03-05,2020030501012386,KBL,54,5,104,208.0,21632.0
2020-03-05,2020030501012291,KMCDB,7,39,10,902.0,9020.0
2020-03-05,2020030501012290,KMCDB,7,7,50,902.0,45100.0
2020-03-05,2020030501012289,KMCDB,7,47,50,902.0,45100.0
2020-03-05,2020030501012138,KMCDB,58,6,21,880.0,18480.0
2020-03-05,2020030501012137,KMCDB,58,22,10,879.0,8790.0
2020-03-05,2020030501012136,KMCDB,58,51,10,878.0,8780.0
2020-03-05,2020030501012135,KMCDB,58,51,10,878.0,8780.0
2020-03-05,2020030501012134,KMCDB,58,51,10,878.0,8780.0
2020-03-05,2020030501012176,KMCDB,58,1,10,882.0,8820.0
2020-03-05,2020030501012175,KMCDB,58,38,10,882.0,8820.0
2020-03-05,2020030501012142,KMCDB,58,48,10,881.0,8810.0
2020-03-05,2020030501012141,KMCDB,58,19,100,881.0,88100.0
2020-03-05,2020030501012140,KMCDB,58,19,34,881.0,29954.0
2020-03-05,2020030501012139,KMCDB,58,52,10,880.0,8800.0
2020-03-05,2020030501012288,KMCDB,7,41,20,899.0,17980.0
2020-03-05,2020030501012287,KMCDB,7,58,100,899.0,89900.0
2020-03-05,2020030501012286,KMCDB,7,52,10,886.0,8860.0
2020-03-05,2020030501012179,KMCDB,58,41,10,885.0,8850.0
2020-03-05,2020030501012178,KMCDB,58,1,10,883.0,8830.0
2020-03-05,2020030501012177,KMCDB,58,1,10,883.0,8830.0
2020-03-05,2020030501012356,KSBBL,45,38,82,172.0,14104.0
2020-03-05,2020030501012202,KSBBL,45,36,125,171.0,21375.0
2020-03-05,2020030501012201,KSBBL,43,36,43,171.0,7353.0
2020-03-05,2020030501012491,LGIL,7,5,200,490.0,98000.0
2020-03-05,2020030501012334,LGIL,34,5,420,490.0,205800.0
2020-03-05,2020030501012333,LGIL,34,13,180,489.0,88020.0
2020-03-05,2020030501012079,LGIL,45,10,670,488.0,326960.0
2020-03-05,2020030501012033,LGIL,50,1,50,487.0,24350.0
2020-03-05,2020030501012350,LICN,14,14,50,1510.0,75500.0
2020-03-05,2020030501012349,LICN,14,28,100,1509.0,150900.0
2020-03-05,2020030501012348,LICN,14,14,100,1505.0,150500.0
2020-03-05,2020030501012314,LICN,14,17,500,1500.0,750000.0
2020-03-05,2020030501012313,LICN,14,50,100,1500.0,150000.0
2020-03-05,2020030501012312,LICN,14,21,50,1499.0,74950.0
2020-03-05,2020030501012306,LLBS,45,21,100,1110.0,111000.0
2020-03-05,2020030501012278,LLBS,45,34,115,1100.0,126500.0
2020-03-05,2020030501012277,LLBS,45,7,115,1100.0,126500.0
2020-03-05,2020030501012276,LLBS,45,47,50,1100.0,55000.0
2020-03-05,2020030501012275,LLBS,45,11,16,1099.0,17584.0
2020-03-05,2020030501012274,LLBS,45,43,100,1095.0,109500.0
2020-03-05,2020030501012081,LLBS,22,48,200,1080.0,216000.0
2020-03-05,2020030501012080,LLBS,22,17,50,1080.0,54000.0
2020-03-05,2020030501012273,LLBS,45,8,27,1090.0,29430.0
2020-03-05,2020030501012272,LLBS,45,38,34,1089.0,37026.0
2020-03-05,2020030501012271,LLBS,45,45,17,1089.0,18513.0
2020-03-05,2020030501012172,LLBS,26,45,10,1089.0,10890.0
2020-03-05,2020030501012083,LLBS,22,18,100,1088.0,108800.0
2020-03-05,2020030501012082,LLBS,22,32,12,1088.0,13056.0
2020-03-05,2020030501012434,MBL,29,14,43,247.0,10621.0
2020-03-05,2020030501012369,MDB,43,13,185,452.0,83620.0
2020-03-05,2020030501012317,MDB,58,11,500,451.0,225500.0
2020-03-05,2020030501012292,MDB,4,48,239,450.0,107550.0
2020-03-05,2020030501012072,MDB,58,48,11,450.0,4950.0
2020-03-05,2020030501012502,MEGA,13,40,46,231.0,10626.0
2020-03-05,2020030501012501,MEGA,13,45,54,231.0,12474.0
2020-03-05,2020030501012423,MEGA,16,28,500,230.0,115000.0
2020-03-05,2020030501012422,MEGA,16,48,250,230.0,57500.0
2020-03-05,2020030501012421,MEGA,16,45,2000,230.0,460000.0
2020-03-05,2020030501012420,MEGA,16,7,72,230.0,16560.0
2020-03-05,2020030501012419,MEGA,16,7,72,230.0,16560.0
2020-03-05,2020030501012418,MEGA,16,43,526,230.0,120980.0
2020-03-05,2020030501012417,MEGA,16,1,30,229.0,6870.0
2020-03-05,2020030501012352,MEGA,28,1,970,229.0,222130.0
2020-03-05,2020030501012191,MEGA,28,22,30,229.0,6870.0
2020-03-05,2020030501012190,MEGA,51,22,70,229.0,16030.0
2020-03-05,2020030501012462,MERO,41,8,10,669.0,6690.0
2020-03-05,2020030501012372,MERO,17,45,100,665.0,66500.0
2020-03-05,2020030501012371,MERO,17,11,43,665.0,28595.0
2020-03-05,2020030501012366,MERO,38,49,200,658.0,131600.0
2020-03-05,2020030501012351,MERO,38,41,300,659.0,197700.0
2020-03-05,2020030501012153,MERO,18,5,68,652.0,44336.0
2020-03-05,2020030501012152,MERO,18,21,279,651.0,181629.0
2020-03-05,2020030501012151,MERO,18,17,100,651.0,65100.0
2020-03-05,2020030501012262,MERO,49,48,50,654.0,32700.0
2020-03-05,2020030501012505,MFIL,38,25,202,319.0,64438.0
2020-03-05,2020030501012440,MFIL,38,41,61,319.0,19459.0
2020-03-05,2020030501012439,MFIL,38,41,46,319.0,14674.0
2020-03-05,2020030501012324,MFIL,38,25,800,319.0,255200.0
2020-03-05,2020030501012265,MFIL,38,47,154,319.0,49126.0
2020-03-05,2020030501012264,MFIL,52,47,999,319.0,318681.0
2020-03-05,2020030501012076,MFIL,52,13,321,319.0,102399.0
2020-03-05,2020030501012530,MLBBL,34,48,50,777.0,38850.0
2020-03-05,2020030501012320,MLBBL,39,46,27,762.0,20574.0
2020-03-05,2020030501012445,MLBL,14,5,54,220.0,11880.0
2020-03-05,2020030501012471,MNBBL,47,7,40,335.0,13400.0
2020-03-05,2020030501012209,MNBBL,56,35,27,335.0,9045.0
2020-03-05,2020030501012208,MNBBL,56,37,709,335.0,237515.0
2020-03-05,2020030501012207,MNBBL,56,16,158,334.0,52772.0
2020-03-05,2020030501012170,MNBBL,45,16,300,334.0,100200.0
2020-03-05,2020030501012118,MNBBL,55,16,200,334.0,66800.0
2020-03-05,2020030501012113,MNBBL,36,16,42,334.0,14028.0
2020-03-05,2020030501012242,MSMBS,29,7,11,774.0,8514.0
2020-03-05,2020030501012241,MSMBS,29,32,60,774.0,46440.0
2020-03-05,2020030501012047,MSMBS,16,32,40,774.0,30960.0
2020-03-05,2020030501012046,MSMBS,16,39,10,774.0,7740.0
2020-03-05,2020030501012467,NABIL,36,56,20,840.0,16800.0
2020-03-05,2020030501012339,NABIL,37,56,13,840.0,10920.0
2020-03-05,2020030501012338,NABIL,37,41,112,840.0,94080.0
2020-03-05,2020030501012337,NABIL,37,35,200,840.0,168000.0
2020-03-05,2020030501012336,NABIL,37,51,126,840.0,105840.0
2020-03-05,2020030501012335,NABIL,37,1,49,839.0,41111.0
2020-03-05,2020030501012311,NADEP,34,39,100,699.0,69900.0
2020-03-05,2020030501012310,NADEP,34,43,11,699.0,7689.0
2020-03-05,2020030501012309,NADEP,34,52,13,698.0,9074.0
2020-03-05,2020030501012218,NADEP,49,43,100,698.0,69800.0
2020-03-05,2020030501012507,NBB,58,45,224,226.0,50624.0
2020-03-05,2020030501012506,NBB,58,46,360,226.0,81360.0
2020-03-05,2020030501012466,NBB,58,45,1105,225.0,248625.0
2020-03-05,2020030501012465,NBB,58,45,1331,225.0,299475.0
2020-03-05,2020030501012446,NBB,57,45,700,225.0,157500.0
2020-03-05,2020030501012248,NBB,57,45,1000,225.0,225000.0
2020-03-05,2020030501012238,NBB,56,45,200,225.0,45000.0
2020-03-05,2020030501012197,NBB,58,41,600,224.0,134400.0
2020-03-05,2020030501012489,NCCB,32,5,86,201.0,17286.0
2020-03-05,2020030501012399,NCCB,38,33,57,202.0,11514.0
2020-03-05,2020030501012219,NICA,34,3,1500,576.0,864000.0
2020-03-05,2020030501012043,NICA,11,22,90,578.0,52020.0
2020-03-05,2020030501012042,NICA,11,17,110,578.0,63580.0
2020-03-05,2020030501012515,NICL,28,50,21,463.0,9723.0
2020-03-05,2020030501012460,NICL,26,50,471,463.0,218073.0
2020-03-05,2020030501012459,NICL,26,22,14,462.0,6468.0
2020-03-05,2020030501012458,NICL,26,59,15,462.0,6930.0
2020-03-05,2020030501012432,NICL,32,59,30,462.0,13860.0
2020-03-05,2020030501012431,NICL,32,40,70,462.0,32340.0
2020-03-05,2020030501012430,NICL,32,21,100,462.0,46200.0
2020-03-05,2020030501012378,NICL,4,21,900,462.0,415800.0
2020-03-05,2020030501012510,NIL,36,45,240,588.0,141120.0
2020-03-05,2020030501012438,NIL,36,45,760,588.0,446880.0
2020-03-05,2020030501012437,NIL,36,1,1520,587.0,892240.0
2020-03-05,2020030501012436,NIL,36,43,20,587.0,11740.0
2020-03-05,2020030501012413,NIL,41,51,60,586.0,35160.0
2020-03-05,2020030501012342,NIL,45,51,140,586.0,82040.0
2020-03-05,2020030501012143,NIL,48,35,250,583.0,145750.0
2020-03-05,2020030501012104,NIL,7,35,250,583.0,145750.0
2020-03-05,2020030501012103,NIL,7,5,500,582.0,291000.0
2020-03-05,2020030501012341,NIL,45,45,290,586.0,169940.0
2020-03-05,2020030501012340,NIL,45,43,70,585.0,40950.0
2020-03-05,2020030501012247,NIL,48,43,130,585.0,76050.0
2020-03-05,2020030501012200,NIL,48,57,100,585.0,58500.0
2020-03-05,2020030501012199,NIL,48,57,170,585.0,99450.0
2020-03-05,2020030501012184,NIL,58,49,500,584.0,292000.0
2020-03-05,2020030501012328,NLG,45,21,100,642.0,64200.0
2020-03-05,2020030501012295,NLG,38,26,350,641.0,224350.0
2020-03-05,2020030501012508,NLIC,16,34,100,1249.0,124900.0
2020-03-05,2020030501012473,NLIC,55,34,50,1249.0,62450.0
2020-03-05,2020030501012443,NLIC,57,34,30,1249.0,37470.0
2020-03-05,2020030501012435,NLIC,46,34,20,1249.0,24980.0
2020-03-05,2020030501012407,NLIC,41,37,13,1250.0,16250.0
2020-03-05,2020030501012406,NLIC,41,6,22,1250.0,27500.0
2020-03-05,2020030501012211,NLIC,39,47,22,1250.0,27500.0
2020-03-05,2020030501012210,NLIC,39,16,1922,1250.0,2402500.0
2020-03-05,2020030501012188,NLIC,39,49,440,1249.0,549560.0
2020-03-05,2020030501012106,NLIC,55,49,10,1249.0,12490.0
2020-03-05,2020030501012074,NLIC,14,49,600,1249.0,749400.0
2020-03-05,2020030501012051,NLIC,5,49,300,1249.0,374700.0
2020-03-05,2020030501012280,NLIC,1,44,100,1248.0,124800.0
2020-03-05,2020030501012279,NLIC,44,44,193,1248.0,240864.0
2020-03-05,2020030501012267,NLIC,49,34,50,1249.0,62450.0
2020-03-05,2020030501012245,NLIC,17,34,300,1249.0,374700.0
2020-03-05,2020030501012244,NLIC,43,34,200,1249.0,249800.0
2020-03-05,2020030501012212,NLIC,39,6,56,1250.0,70000.0
2020-03-05,2020030501012388,NLIC,19,33,56,1250.0,70000.0
2020-03-05,2020030501012387,NLIC,19,6,44,1250.0,55000.0
2020-03-05,2020030501012364,NLIC,39,34,250,1249.0,312250.0
2020-03-05,2020030501012362,NLIC,19,34,200,1249.0,249800.0
2020-03-05,2020030501012360,NLIC,33,34,1000,1249.0,1249000.0
2020-03-05,2020030501012329,NLIC,16,44,207,1248.0,258336.0
2020-03-05,2020030501012405,NLIC,41,6,22,1250.0,27500.0
2020-03-05,2020030501012404,NLIC,41,6,22,1250.0,27500.0
2020-03-05,2020030501012403,NLIC,41,41,177,1250.0,221250.0
2020-03-05,2020030501012402,NLIC,41,33,144,1250.0,180000.0
2020-03-05,2020030501012397,NLIC,16,33,50,1250.0,62500.0
2020-03-05,2020030501012395,NLIC,39,33,250,1250.0,312500.0
2020-03-05,2020030501012479,NLICL,22,55,1000,718.0,718000.0
2020-03-05,2020030501012514,NMB,14,3,158,462.0,72996.0
2020-03-05,2020030501012496,NMB,45,3,622,462.0,287364.0
2020-03-05,2020030501012495,NMB,37,29,760,463.0,351880.0
2020-03-05,2020030501012494,NMB,37,28,12,463.0,5556.0
2020-03-05,2020030501012385,NMB,45,48,10,462.0,4620.0
2020-03-05,2020030501012384,NMB,45,13,100,462.0,46200.0
2020-03-05,2020030501012383,NMB,45,33,1000,462.0,462000.0
2020-03-05,2020030501012382,NMB,45,59,268,462.0,123816.0
2020-03-05,2020030501012093,NMB,45,59,531,462.0,245322.0
2020-03-05,2020030501012092,NMB,45,45,469,462.0,216678.0
2020-03-05,2020030501012316,NMBMF,41,56,10,872.0,8720.0
2020-03-05,2020030501012239,NMBMF,28,28,2,850.0,1700.0
2020-03-05,2020030501012513,NMFBS,19,56,30,1730.0,51900.0
2020-03-05,2020030501012512,NMFBS,19,19,50,1730.0,86500.0
2020-03-05,2020030501012415,NMFBS,33,17,25,1728.0,43200.0
2020-03-05,2020030501012414,NMFBS,33,56,50,1702.0,85100.0
2020-03-05,2020030501012521,NSEWA,58,22,125,712.0,89000.0
2020-03-05,2020030501012497,NSEWA,58,22,100,712.0,71200.0
2020-03-05,2020030501012433,NUBL,57,44,64,1038.0,66432.0
2020-03-05,2020030501012412,NUBL,20,44,25,1038.0,25950.0
2020-03-05,2020030501012411,NUBL,20,6,25,1038.0,25950.0
2020-03-05,2020030501012370,NUBL,53,21,50,1035.0,51750.0
2020-03-05,2020030501012217,NUBL,1,55,440,1018.0,447920.0
2020-03-05,2020030501012216,NUBL,7,55,10,1018.0,10180.0
2020-03-05,2020030501012215,NUBL,45,55,50,1020.0,51000.0
2020-03-05,2020030501012528,PCBL,4,17,300,304.0,91200.0
2020-03-05,2020030501012453,PCBL,36,52,770,303.0,233310.0
2020-03-05,2020030501012452,PCBL,36,11,80,303.0,24240.0
2020-03-05,2020030501012451,PCBL,36,14,300,303.0,90900.0
2020-03-05,2020030501012450,PCBL,36,48,90,303.0,27270.0
2020-03-05,2020030501012234,PCBL,37,14,100,302.0,30200.0
2020-03-05,2020030501012233,PCBL,37,51,828,302.0,250056.0
2020-03-05,2020030501012075,PCBL,26,51,20,302.0,6040.0
2020-03-05,2020030501012525,PFL,57,50,371,165.0,61215.0
2020-03-05,2020030501012524,PFL,57,47,67,165.0,11055.0
2020-03-05,2020030501012487,PFL,57,7,11,164.0,1804.0
2020-03-05,2020030501012186,PIC,36,33,100,598.0,59800.0
2020-03-05,2020030501012050,PIC,8,19,950,597.0,567150.0
2020-03-05,2020030501012049,PIC,54,19,50,597.0,29850.0
2020-03-05,2020030501012394,PMHPL,25,46,10,84.0,840.0
2020-03-05,2020030501012185,PRIN,45,50,40,439.0,17560.0
2020-03-05,2020030501012150,PRIN,44,42,144,444.0,63936.0
2020-03-05,2020030501012096,PRIN,47,42,400,444.0,177600.0
2020-03-05,2020030501012148,PRVU,58,41,47,256.0,12032.0
2020-03-05,2020030501012147,PRVU,51,41,450,257.0,115650.0
2020-03-05,2020030501012146,PRVU,51,41,100,257.0,25700.0
2020-03-05,2020030501012145,PRVU,58,41,655,257.0,168335.0
2020-03-05,2020030501012163,RBCL,7,39,10,10150.0,101500.0
2020-03-05,2020030501012332,RSDC,38,52,50,520.0,26000.0
2020-03-05,2020030501012206,RSDC,48,52,150,520.0,78000.0
2020-03-05,2020030501012125,RSDC,45,47,153,515.0,78795.0
2020-03-05,2020030501012401,SABSL,44,34,68,822.0,55896.0
2020-03-05,2020030501012064,SABSL,28,58,11,806.0,8866.0
2020-03-05,2020030501012478,SANIMA,13,59,57,366.0,20862.0
2020-03-05,2020030501012477,SANIMA,13,35,1262,366.0,461892.0
2020-03-05,2020030501012476,SANIMA,13,34,100,366.0,36600.0
2020-03-05,2020030501012475,SANIMA,13,38,181,365.0,66065.0
2020-03-05,2020030501012400,SANIMA,19,38,150,365.0,54750.0
2020-03-05,2020030501012149,SBI,44,14,10,482.0,4820.0
2020-03-05,2020030501012119,SBI,44,43,100,482.0,48200.0
2020-03-05,2020030501012442,SBL,13,11,16,328.0,5248.0
2020-03-05,2020030501012261,SBL,35,52,100,330.0,33000.0
2020-03-05,2020030501012260,SBL,35,35,12,330.0,3960.0
2020-03-05,2020030501012259,SBL,35,46,22,330.0,7260.0
2020-03-05,2020030501012258,SBL,35,14,56,330.0,18480.0
2020-03-05,2020030501012257,SBL,35,47,10,330.0,3300.0
2020-03-05,2020030501012250,SBL,35,19,285,329.0,93765.0
2020-03-05,2020030501012249,SBL,35,13,70,329.0,23030.0
2020-03-05,2020030501012256,SBL,35,6,166,330.0,54780.0
2020-03-05,2020030501012255,SBL,35,6,166,330.0,54780.0
2020-03-05,2020030501012254,SBL,35,6,166,330.0,54780.0
2020-03-05,2020030501012253,SBL,35,6,166,330.0,54780.0
2020-03-05,2020030501012252,SBL,35,1,500,330.0,165000.0
2020-03-05,2020030501012251,SBL,35,45,1102,330.0,363660.0
2020-03-05,2020030501012410,SCB,21,7,20,695.0,13900.0
2020-03-05,2020030501012409,SCB,21,35,201,695.0,139695.0
2020-03-05,2020030501012124,SCB,48,35,71,695.0,49345.0
2020-03-05,2020030501012123,SCB,48,37,129,695.0,89655.0
2020-03-05,2020030501012457,SDESI,37,56,20,970.0,19400.0
2020-03-05,2020030501012456,SDESI,37,57,20,970.0,19400.0
2020-03-05,2020030501012455,SDESI,37,6,23,970.0,22310.0
2020-03-05,2020030501012408,SDESI,37,35,10,965.0,9650.0
2020-03-05,2020030501012073,SDESI,45,39,27,947.0,25569.0
2020-03-05,2020030501012059,SDESI,45,25,190,944.0,179360.0
2020-03-05,2020030501012034,SDESI,45,4,27,940.0,25380.0
2020-03-05,2020030501012307,SFCL,22,50,10,100.0,1000.0
2020-03-05,2020030501012391,SHINE,56,38,525,304.0,159600.0
2020-03-05,2020030501012315,SHINE,52,38,500,304.0,152000.0
2020-03-05,2020030501012359,SHIVM,6,50,50,609.0,30450.0
2020-03-05,2020030501012266,SHIVM,21,40,100,608.0,60800.0
2020-03-05,2020030501012226,SHIVM,21,6,50,607.0,30350.0
2020-03-05,2020030501012105,SHIVM,57,32,50,601.0,30050.0
2020-03-05,2020030501012110,SHL,44,49,100,179.0,17900.0
2020-03-05,2020030501012056,SHL,14,49,500,179.0,89500.0
2020-03-05,2020030501012055,SHL,10,49,300,179.0,53700.0
2020-03-05,2020030501012174,SHPC,56,45,600,219.0,131400.0
2020-03-05,2020030501012165,SICL,11,10,500,975.0,487500.0
2020-03-05,2020030501012240,SICL,48,38,10,978.0,9780.0
2020-03-05,2020030501012205,SICL,3,10,429,975.0,418275.0
2020-03-05,2020030501012204,SICL,37,10,71,975.0,69225.0
2020-03-05,2020030501012167,SICL,37,10,429,975.0,418275.0
2020-03-05,2020030501012166,SICL,33,10,71,975.0,69225.0
2020-03-05,2020030501012112,SIL,50,41,103,560.0,57680.0
2020-03-05,2020030501012509,SKBBL,36,45,50,1173.0,58650.0
2020-03-05,2020030501012447,SKBBL,45,45,50,1173.0,58650.0
2020-03-05,2020030501012126,SKBBL,53,6,10,1187.0,11870.0
2020-03-05,2020030501012068,SKBBL,53,45,200,1173.0,234600.0
2020-03-05,2020030501012041,SKBBL,28,43,100,1165.0,116500.0
2020-03-05,2020030501012040,SKBBL,28,49,100,1164.0,116400.0
2020-03-05,2020030501012486,SLBBL,19,58,100,915.0,91500.0
2020-03-05,2020030501012485,SLBBL,14,58,100,915.0,91500.0
2020-03-05,2020030501012484,SLBBL,14,58,100,915.0,91500.0
2020-03-05,2020030501012223,SLBBL,38,58,100,915.0,91500.0
2020-03-05,2020030501012180,SLBBL,19,44,100,914.0,91400.0
2020-03-05,2020030501012499,SLBSL,34,6,50,859.0,42950.0
2020-03-05,2020030501012441,SLBSL,48,48,50,855.0,42750.0
2020-03-05,2020030501012390,SLBSL,47,17,50,845.0,42250.0
2020-03-05,2020030501012365,SLBSL,38,35,285,843.0,240255.0
2020-03-05,2020030501012325,SLBSL,34,39,10,836.0,8360.0
2020-03-05,2020030501012308,SLBSL,29,32,10,827.0,8270.0
2020-03-05,2020030501012036,SLBSL,38,45,50,830.0,41500.0
2020-03-05,2020030501012035,SLBSL,38,45,10,828.0,8280.0
2020-03-05,2020030501012425,SLICL,49,42,100,475.0,47500.0
2020-03-05,2020030501012376,SLICL,32,40,75,474.0,35550.0
2020-03-05,2020030501012231,SLICL,56,6,50,472.0,23600.0
2020-03-05,2020030501012230,SLICL,56,6,100,472.0,47200.0
2020-03-05,2020030501012229,SLICL,56,41,100,472.0,47200.0
2020-03-05,2020030501012228,SLICL,56,1,100,472.0,47200.0
2020-03-05,2020030501012182,SLICL,49,5,300,470.0,141000.0
2020-03-05,2020030501012164,SLICL,38,5,200,470.0,94000.0
2020-03-05,2020030501012088,SLICL,25,39,200,470.0,94000.0
2020-03-05,2020030501012343,SMATA,49,17,100,721.0,72100.0
2020-03-05,2020030501012173,SMB,17,17,10,925.0,9250.0
2020-03-05,2020030501012490,SMFBS,34,34,10,1040.0,10400.0
2020-03-05,2020030501012429,SMFBS,34,34,10,1020.0,10200.0
2020-03-05,2020030501012375,SPDL,47,32,15,99.0,1485.0
2020-03-05,2020030501012523,SRBL,36,45,189,263.0,49707.0
2020-03-05,2020030501012522,SRBL,36,44,200,263.0,52600.0
2020-03-05,2020030501012353,TMDBL,46,58,40,208.0,8320.0
2020-03-05,2020030501012181,TMDBL,40,50,500,208.0,104000.0
2020-03-05,2020030501012094,TMDBL,40,28,500,208.0,104000.0
2020-03-05,2020030501012464,UIC,34,51,150,382.0,57300.0
2020-03-05,2020030501012463,UIC,34,48,50,382.0,19100.0
2020-03-05,2020030501012416,UIC,43,41,80,378.0,30240.0
2020-03-05,2020030501012225,UIC,59,25,54,380.0,20520.0
2020-03-05,2020030501012224,UIC,45,25,46,380.0,17480.0
2020-03-05,2020030501012169,UIC,45,34,34,380.0,12920.0
2020-03-05,2020030501012168,UIC,45,51,20,378.0,7560.0
2020-03-05,2020030501012054,UIC,57,51,48,377.0,18096.0
2020-03-05,2020030501012053,UIC,57,53,47,377.0,17719.0
2020-03-05,2020030501012052,UIC,57,53,50,376.0,18800.0
2020-03-05,2020030501012032,UIC,29,6,40,374.0,14960.0
2020-03-05,2020030501012468,UMHL,34,32,14,107.0,1498.0
2020-03-05,2020030501012500,UPCL,4,32,50,76.0,3800.0
2020-03-05,2020030501012481,WOMI,42,33,200,1086.0,217200.0
2020-03-05,2020030501012480,WOMI,42,57,10,1085.0,10850.0
2020-03-05,2020030501012281,WOMI,47,47,50,1065.0,53250.0
2020-03-05,2020030501012232,WOMI,52,33,100,1063.0,106300.0
2020-03-05,2020030501012069,WOMI,16,39,25,1060.0,26500.0
2020-03-05,2020030501011994,ADBL,53,45,400,408.0,163200.0
2020-03-05,2020030501011911,ADBL,58,45,100,408.0,40800.0
2020-03-05,2020030501011872,ADBL,50,29,947,407.0,385429.0
2020-03-05,2020030501011807,ADBL,37,29,1000,406.0,406000.0
2020-03-05,2020030501011806,ADBL,45,29,50,406.0,20300.0
2020-03-05,2020030501011805,ADBL,37,29,736,407.0,299552.0
2020-03-05,2020030501011717,ADBL,37,5,61,407.0,24827.0
2020-03-05,2020030501011878,AHPC,25,35,200,101.0,20200.0
2020-03-05,2020030501011841,AHPC,26,35,490,100.0,49000.0
2020-03-05,2020030501011840,AHPC,26,6,55,100.0,5500.0
2020-03-05,2020030501011839,AHPC,26,43,210,100.0,21000.0
2020-03-05,2020030501011792,AHPC,13,5,379,99.0,37521.0
2020-03-05,2020030501011686,AKPL,52,29,500,124.0,62000.0
2020-03-05,2020030501011682,AKPL,52,29,500,124.0,62000.0
2020-03-05,2020030501011599,AKPL,52,13,1000,124.0,124000.0
2020-03-05,2020030501011688,AKPL,52,32,1500,125.0,187500.0
2020-03-05,2020030501011687,AKPL,52,42,1053,125.0,131625.0
2020-03-05,2020030501011935,ALBSL,29,1,100,689.0,68900.0
2020-03-05,2020030501011934,ALBSL,29,58,40,689.0,27560.0
2020-03-05,2020030501011933,ALBSL,29,53,11,689.0,7579.0
2020-03-05,2020030501011932,ALBSL,29,16,30,685.0,20550.0
2020-03-05,2020030501011931,ALBSL,29,22,11,684.0,7524.0
2020-03-05,2020030501011818,ALBSL,50,56,11,680.0,7480.0
2020-03-05,2020030501011582,ALBSL,22,54,11,669.0,7359.0
2020-03-05,2020030501011817,ALBSL,50,44,11,680.0,7480.0
2020-03-05,2020030501011816,ALBSL,50,44,11,680.0,7480.0
2020-03-05,2020030501011793,ALBSL,17,44,11,680.0,7480.0
2020-03-05,2020030501011725,ALBSL,7,6,50,679.0,33950.0
2020-03-05,2020030501012030,ALICL,1,5,21,582.0,12222.0
2020-03-05,2020030501012009,ALICL,37,5,450,582.0,261900.0
2020-03-05,2020030501011978,ALICL,37,5,298,582.0,173436.0
2020-03-05,2020030501011977,ALICL,37,56,202,582.0,117564.0
2020-03-05,2020030501011701,ALICL,51,56,245,581.0,142345.0
2020-03-05,2020030501011691,ALICL,57,14,100,580.0,58000.0
2020-03-05,2020030501011578,ALICL,50,56,20,581.0,11620.0
2020-03-05,2020030501011827,API,42,44,348,130.0,45240.0
2020-03-05,2020030501011591,API,14,44,180,130.0,23400.0
2020-03-05,2020030501011590,API,14,29,120,130.0,15600.0
2020-03-05,2020030501011589,API,1,48,11,129.0,1419.0
2020-03-05,2020030501011651,BARUN,33,48,10,93.0,930.0
2020-03-05,2020030501011644,BBC,1,37,50,1793.0,89650.0
2020-03-05,2020030501011643,BBC,1,51,50,1790.0,89500.0
2020-03-05,2020030501011642,BBC,1,37,30,1788.0,53640.0
2020-03-05,2020030501011612,BFC,58,41,100,105.0,10500.0
2020-03-05,2020030501011602,BFC,35,55,100,104.0,10400.0
2020-03-05,2020030501012025,BNT,58,14,10,6997.0,69970.0
2020-03-05,2020030501012022,BOKL,39,50,300,248.0,74400.0
2020-03-05,2020030501011851,BOKL,57,50,38,248.0,9424.0
2020-03-05,2020030501011850,BOKL,57,59,112,247.0,27664.0
2020-03-05,2020030501011849,BOKL,57,25,300,247.0,74100.0
2020-03-05,2020030501011848,BOKL,57,6,50,247.0,12350.0
2020-03-05,2020030501011690,BPCL,41,48,11,359.0,3949.0
2020-03-05,2020030501011983,CBBL,45,28,50,1119.0,55950.0
2020-03-05,2020030501011927,CBBL,5,6,100,1118.0,111800.0
2020-03-05,2020030501011926,CBBL,5,49,100,1118.0,111800.0
2020-03-05,2020030501011623,CBBL,49,21,100,1115.0,111500.0
2020-03-05,2020030501011819,CBBL,5,49,100,1118.0,111800.0
2020-03-05,2020030501011624,CBBL,49,49,200,1118.0,223600.0
2020-03-05,2020030501011733,CCBL,46,48,161,184.0,29624.0
2020-03-05,2020030501012004,CIT,45,26,100,2690.0,269000.0
2020-03-05,2020030501011558,CIT,52,52,93,2671.0,248403.0
2020-03-05,2020030501011981,CZBIL,29,46,442,205.0,90610.0
2020-03-05,2020030501011980,CZBIL,29,45,58,205.0,11890.0
2020-03-05,2020030501011889,CZBIL,57,45,387,205.0,79335.0
2020-03-05,2020030501011888,CZBIL,57,14,40,205.0,8200.0
2020-03-05,2020030501011887,CZBIL,57,40,73,205.0,14965.0
2020-03-05,2020030501011783,CZBIL,57,48,10,204.0,2040.0
2020-03-05,2020030501011650,CZBIL,49,40,10,205.0,2050.0
2020-03-05,2020030501012026,DDBL,25,39,100,902.0,90200.0
2020-03-05,2020030501011963,DDBL,58,55,100,885.0,88500.0
2020-03-05,2020030501011962,DDBL,58,46,50,885.0,44250.0
2020-03-05,2020030501011961,DDBL,58,39,150,884.0,132600.0
2020-03-05,2020030501011960,DDBL,58,52,10,881.0,8810.0
2020-03-05,2020030501011890,DDBL,32,14,100,880.0,88000.0
2020-03-05,2020030501011692,DDBL,29,1,11,867.0,9537.0
2020-03-05,2020030501011652,DDBL,36,51,530,865.0,458450.0
2020-03-05,2020030501011639,DDBL,36,51,470,865.0,406550.0
2020-03-05,2020030501011638,DDBL,36,16,30,865.0,25950.0
2020-03-05,2020030501011748,DDBL,28,32,30,871.0,26130.0
2020-03-05,2020030501011747,DDBL,28,54,100,869.0,86900.0
2020-03-05,2020030501011746,DDBL,28,13,40,868.0,34720.0
2020-03-05,2020030501011721,DDBL,48,13,100,868.0,86800.0
2020-03-05,2020030501011694,DDBL,29,59,31,867.0,26877.0
2020-03-05,2020030501011693,DDBL,29,34,47,867.0,40749.0
2020-03-05,2020030501011820,DDBL,5,45,50,875.0,43750.0
2020-03-05,2020030501011812,DDBL,49,45,20,875.0,17500.0
2020-03-05,2020030501011785,DDBL,53,57,150,872.0,130800.0
2020-03-05,2020030501011772,DDBL,17,57,100,872.0,87200.0
2020-03-05,2020030501011750,DDBL,28,35,200,871.0,174200.0
2020-03-05,2020030501011749,DDBL,28,51,10,871.0,8710.0
2020-03-05,2020030501011581,DHPL,28,6,10,51.0,510.0
2020-03-05,2020030501012006,EBL,21,58,160,752.0,120320.0
2020-03-05,2020030501011834,EBL,45,35,310,750.0,232500.0
2020-03-05,2020030501011833,EBL,45,25,50,750.0,37500.0
2020-03-05,2020030501011832,EBL,45,4,40,750.0,30000.0
2020-03-05,2020030501011831,EBL,45,51,100,749.0,74900.0
2020-03-05,2020030501011745,EBL,58,22,60,748.0,44880.0
2020-03-05,2020030501011744,EBL,58,13,39,748.0,29172.0
2020-03-05,2020030501011615,EBL,45,17,91,745.0,67795.0
2020-03-05,2020030501011614,EBL,48,17,50,745.0,37250.0
2020-03-05,2020030501011695,EIC,28,28,474,400.0,189600.0
2020-03-05,2020030501011655,EIC,28,36,26,400.0,10400.0
2020-03-05,2020030501012010,FMDBL,38,58,74,517.0,38258.0
2020-03-05,2020030501011997,FMDBL,41,10,217,511.0,110887.0
2020-03-05,2020030501011996,FMDBL,41,6,483,511.0,246813.0
2020-03-05,2020030501011975,FMDBL,57,6,17,511.0,8687.0
2020-03-05,2020030501011974,FMDBL,57,14,50,511.0,25550.0
2020-03-05,2020030501011973,FMDBL,57,39,83,510.0,42330.0
2020-03-05,2020030501011972,FMDBL,57,39,50,509.0,25450.0
2020-03-05,2020030501011936,FMDBL,5,16,20,505.0,10100.0
2020-03-05,2020030501011902,FMDBL,50,16,10,505.0,5050.0
2020-03-05,2020030501011835,FOWAD,25,33,50,1530.0,76500.0
2020-03-05,2020030501011795,FOWAD,53,33,50,1530.0,76500.0
2020-03-05,2020030501011775,FOWAD,53,17,19,1522.0,28918.0
2020-03-05,2020030501011574,FOWAD,18,40,10,1522.0,15220.0
2020-03-05,2020030501011573,FOWAD,18,54,19,1522.0,28918.0
2020-03-05,2020030501011572,FOWAD,18,39,40,1519.0,60760.0
2020-03-05,2020030501011571,FOWAD,18,45,250,1514.0,378500.0
2020-03-05,2020030501011550,FOWAD,17,7,19,1497.0,28443.0
2020-03-05,2020030501011979,GBIME,1,36,85,287.0,24395.0
2020-03-05,2020030501011838,GBIME,1,48,142,287.0,40754.0
2020-03-05,2020030501011608,GBIME,59,39,1500,287.0,430500.0
2020-03-05,2020030501011607,GBIME,59,42,37,287.0,10619.0
2020-03-05,2020030501011606,GBIME,59,36,115,287.0,33005.0
2020-03-05,2020030501011605,GBIME,59,10,2969,287.0,852103.0
2020-03-05,2020030501011604,GBIME,59,29,170,287.0,48790.0
2020-03-05,2020030501011603,GBIME,59,4,1437,287.0,412419.0
2020-03-05,2020030501012019,GBLBS,50,34,400,510.0,204000.0
2020-03-05,2020030501012018,GBLBS,50,45,15,510.0,7650.0
2020-03-05,2020030501012017,GBLBS,50,46,100,510.0,51000.0
2020-03-05,2020030501012016,GBLBS,50,28,15,510.0,7650.0
2020-03-05,2020030501011854,GBLBS,58,39,900,505.0,454500.0
2020-03-05,2020030501011853,GBLBS,45,39,100,505.0,50500.0
2020-03-05,2020030501011618,GBLBS,16,48,234,495.0,115830.0
2020-03-05,2020030501011632,GBLBS,58,51,50,499.0,24950.0
2020-03-05,2020030501011631,GBLBS,58,52,400,498.0,199200.0
2020-03-05,2020030501011630,GBLBS,58,58,1000,498.0,498000.0
2020-03-05,2020030501011629,GBLBS,58,56,225,497.0,111825.0
2020-03-05,2020030501011628,GBLBS,58,39,30,497.0,14910.0
2020-03-05,2020030501011619,GBLBS,16,6,200,495.0,99000.0
2020-03-05,2020030501011751,GBLBS,45,36,100,505.0,50500.0
2020-03-05,2020030501011689,GBLBS,19,51,200,501.0,100200.0
2020-03-05,2020030501011636,GBLBS,58,45,47,500.0,23500.0
2020-03-05,2020030501011635,GBLBS,58,41,300,500.0,150000.0
2020-03-05,2020030501011634,GBLBS,58,45,15,500.0,7500.0
2020-03-05,2020030501011633,GBLBS,58,35,15,500.0,7500.0
2020-03-05,2020030501011982,GILB,46,51,140,1342.0,187880.0
2020-03-05,2020030501011957,GILB,46,41,10,1341.0,13410.0
2020-03-05,2020030501011956,GILB,46,47,200,1341.0,268200.0
2020-03-05,2020030501011970,GLBSL,49,45,10,628.0,6280.0
2020-03-05,2020030501011969,GLBSL,49,34,10,627.0,6270.0
2020-03-05,2020030501011968,GLBSL,49,36,10,625.0,6250.0
2020-03-05,2020030501011967,GLBSL,49,51,36,624.0,22464.0
2020-03-05,2020030501011966,GLBSL,49,56,10,623.0,6230.0
2020-03-05,2020030501012015,GLICL,49,33,150,490.0,73500.0
2020-03-05,2020030501012014,GLICL,49,1,220,490.0,107800.0
2020-03-05,2020030501011877,GLICL,50,1,50,490.0,24500.0
2020-03-05,2020030501011799,GLICL,48,1,100,490.0,49000.0
2020-03-05,2020030501011720,GMFBS,28,29,10,800.0,8000.0
2020-03-05,2020030501011719,GMFBS,28,6,10,800.0,8000.0
2020-03-05,2020030501011718,GMFBS,28,48,10,800.0,8000.0
2020-03-05,2020030501011726,HDL,45,10,20,1626.0,32520.0
2020-03-05,2020030501011564,HDL,45,10,10,1625.0,16250.0
2020-03-05,2020030501011563,HDL,45,45,15,1624.0,24360.0
2020-03-05,2020030501011899,HGI,43,21,50,399.0,19950.0
2020-03-05,2020030501011922,HIDCL,54,48,61,137.0,8357.0
2020-03-05,2020030501011696,HIDCL,54,56,561,137.0,76857.0
2020-03-05,2020030501011965,HPPL,52,48,10,145.0,1450.0
2020-03-05,2020030501011867,HURJA,32,45,20,104.0,2080.0
2020-03-05,2020030501011866,HURJA,32,7,20,104.0,2080.0
2020-03-05,2020030501011865,HURJA,32,45,20,104.0,2080.0
2020-03-05,2020030501011864,HURJA,32,14,20,104.0,2080.0
2020-03-05,2020030501011863,HURJA,32,14,20,104.0,2080.0
2020-03-05,2020030501011704,HURJA,32,48,20,102.0,2040.0
2020-03-05,2020030501011707,ICFC,57,55,89,192.0,17088.0
2020-03-05,2020030501011611,ICFC,21,19,431,190.0,81890.0
2020-03-05,2020030501011755,IGI,52,36,200,425.0,85000.0
2020-03-05,2020030501011907,ILBS,13,16,100,760.0,76000.0
2020-03-05,2020030501011906,ILBS,13,8,10,750.0,7500.0
2020-03-05,2020030501011905,ILBS,13,57,20,750.0,15000.0
2020-03-05,2020030501011892,ILBS,34,52,10,746.0,7460.0
2020-03-05,2020030501011791,ILBS,59,57,30,750.0,22500.0
2020-03-05,2020030501011790,ILBS,59,34,10,748.0,7480.0
2020-03-05,2020030501011789,ILBS,59,34,10,748.0,7480.0
2020-03-05,2020030501011788,ILBS,59,39,10,748.0,7480.0
2020-03-05,2020030501011787,ILBS,59,52,30,747.0,22410.0
2020-03-05,2020030501011786,ILBS,59,36,10,745.0,7450.0
2020-03-05,2020030501011924,JSLBB,56,50,50,1570.0,78500.0
2020-03-05,2020030501011903,JSLBB,56,47,100,1560.0,156000.0
2020-03-05,2020030501011797,JSLBB,25,10,154,1550.0,238700.0
2020-03-05,2020030501011716,JSLBB,25,6,22,1540.0,33880.0
2020-03-05,2020030501011715,JSLBB,25,37,100,1540.0,154000.0
2020-03-05,2020030501011714,JSLBB,25,59,50,1540.0,77000.0
2020-03-05,2020030501011767,KMCDB,5,51,10,878.0,8780.0
2020-03-05,2020030501011766,KMCDB,5,51,10,878.0,8780.0
2020-03-05,2020030501011765,KMCDB,5,51,10,878.0,8780.0
2020-03-05,2020030501011764,KMCDB,5,51,10,878.0,8780.0
2020-03-05,2020030501011763,KMCDB,5,34,10,878.0,8780.0
2020-03-05,2020030501011928,LBL,57,26,500,229.0,114500.0
2020-03-05,2020030501011995,LGIL,19,1,30,487.0,14610.0
2020-03-05,2020030501011917,LGIL,59,1,200,487.0,97400.0
2020-03-05,2020030501011598,MEGA,41,43,474,230.0,109020.0
2020-03-05,2020030501011597,MEGA,41,35,335,230.0,77050.0
2020-03-05,2020030501011596,MEGA,41,37,200,229.0,45800.0
2020-03-05,2020030501011595,MEGA,41,35,501,229.0,114729.0
2020-03-05,2020030501012029,MERO,22,42,98,650.0,63700.0
2020-03-05,2020030501012028,MERO,22,8,43,650.0,27950.0
2020-03-05,2020030501011898,MERO,34,45,425,647.0,274975.0
2020-03-05,2020030501011810,MERO,56,45,75,647.0,48525.0
2020-03-05,2020030501011706,MERO,16,42,20,640.0,12800.0
2020-03-05,2020030501011705,MERO,16,26,275,640.0,176000.0
2020-03-05,2020030501011674,MERO,38,49,500,639.0,319500.0
2020-03-05,2020030501011673,MERO,38,17,20,638.0,12760.0
2020-03-05,2020030501011809,MERO,56,39,125,647.0,80875.0
2020-03-05,2020030501011781,MERO,56,39,157,647.0,101579.0
2020-03-05,2020030501011780,MERO,56,7,43,645.0,27735.0
2020-03-05,2020030501011729,MERO,58,35,200,642.0,128400.0
2020-03-05,2020030501011728,MERO,58,48,500,641.0,320500.0
2020-03-05,2020030501011727,MERO,58,34,103,640.0,65920.0
2020-03-05,2020030501012027,MFIL,52,21,221,319.0,70499.0
2020-03-05,2020030501011584,MFIL,52,49,1459,319.0,465421.0
2020-03-05,2020030501011583,MFIL,40,49,541,319.0,172579.0
2020-03-05,2020030501011541,MFIL,40,43,1000,319.0,319000.0
2020-03-05,2020030501011540,MFIL,40,38,459,319.0,146421.0
2020-03-05,2020030501011549,MLBBL,33,48,250,748.0,187000.0
2020-03-05,2020030501011984,MLBL,21,45,81,221.0,17901.0
2020-03-05,2020030501011837,MNBBL,26,37,20,335.0,6700.0
2020-03-05,2020030501011796,MNBBL,38,42,2850,334.0,951900.0
2020-03-05,2020030501011711,MNBBL,36,42,100,334.0,33400.0
2020-03-05,2020030501011675,MNBBL,36,49,18,332.0,5976.0
2020-03-05,2020030501011622,MNBBL,47,49,92,332.0,30544.0
2020-03-05,2020030501011874,NABIL,45,10,112,839.0,93968.0
2020-03-05,2020030501011756,NABIL,57,1,30,839.0,25170.0
2020-03-05,2020030501011732,NABIL,57,1,70,839.0,58730.0
2020-03-05,2020030501011672,NABIL,58,58,1000,838.0,838000.0
2020-03-05,2020030501011671,NABIL,58,4,400,837.0,334800.0
2020-03-05,2020030501011670,NABIL,58,4,500,837.0,418500.0
2020-03-05,2020030501011669,NABIL,58,28,100,837.0,83700.0
2020-03-05,2020030501011668,NABIL,58,51,100,837.0,83700.0
2020-03-05,2020030501011667,NABIL,58,14,105,836.0,87780.0
2020-03-05,2020030501011666,NABIL,58,1,300,835.0,250500.0
2020-03-05,2020030501011830,NADEP,34,43,100,698.0,69800.0
2020-03-05,2020030501011539,NADEP,18,42,50,677.0,33850.0
2020-03-05,2020030501011538,NADEP,18,34,23,676.0,15548.0
2020-03-05,2020030501011537,NADEP,18,7,23,676.0,15548.0
2020-03-05,2020030501011536,NADEP,18,51,65,675.0,43875.0
2020-03-05,2020030501011710,NADEP,18,48,50,698.0,34900.0
2020-03-05,2020030501011709,NADEP,18,41,10,698.0,6980.0
2020-03-05,2020030501011708,NADEP,18,38,100,698.0,69800.0
2020-03-05,2020030501011620,NADEP,43,34,100,688.0,68800.0
2020-03-05,2020030501011580,NADEP,18,42,23,686.0,15778.0
2020-03-05,2020030501011547,NBL,39,16,270,284.0,76680.0
2020-03-05,2020030501011910,NCCB,32,36,18,201.0,3618.0
2020-03-05,2020030501011842,NCCB,56,33,10,202.0,2020.0
2020-03-05,2020030501011542,NCCB,58,54,350,200.0,70000.0
2020-03-05,2020030501012013,NGPL,22,25,237,117.0,27729.0
2020-03-05,2020030501012012,NGPL,10,25,250,117.0,29250.0
2020-03-05,2020030501012011,NGPL,45,25,13,117.0,1521.0
2020-03-05,2020030501012024,NHPC,42,43,3450,59.0,203550.0
2020-03-05,2020030501012001,NIB,5,36,50,415.0,20750.0
2020-03-05,2020030501011930,NIB,38,36,50,415.0,20750.0
2020-03-05,2020030501011929,NIB,32,36,200,415.0,83000.0
2020-03-05,2020030501011985,NICA,4,17,300,578.0,173400.0
2020-03-05,2020030501011942,NICA,4,17,590,578.0,341020.0
2020-03-05,2020030501011941,NICA,4,17,750,577.0,432750.0
2020-03-05,2020030501011940,NICA,4,38,200,577.0,115400.0
2020-03-05,2020030501011939,NICA,4,49,11,577.0,6347.0
2020-03-05,2020030501011938,NICA,4,17,649,577.0,374473.0
2020-03-05,2020030501011554,NICA,54,42,200,575.0,115000.0
2020-03-05,2020030501011553,NICA,54,28,100,575.0,57500.0
2020-03-05,2020030501011552,NICA,54,7,20,575.0,11500.0
2020-03-05,2020030501011551,NICA,54,1,134,575.0,77050.0
2020-03-05,2020030501011875,NICA,34,42,100,576.0,57600.0
2020-03-05,2020030501011869,NICA,34,56,200,576.0,115200.0
2020-03-05,2020030501011868,NICA,34,51,65,576.0,37440.0
2020-03-05,2020030501011557,NICA,54,51,135,576.0,77760.0
2020-03-05,2020030501011556,NICA,54,28,990,576.0,570240.0
2020-03-05,2020030501011555,NICA,54,57,421,576.0,242496.0
2020-03-05,2020030501012020,NICL,16,42,31,460.0,14260.0
2020-03-05,2020030501011871,NICL,52,42,100,460.0,46000.0
2020-03-05,2020030501011870,NICL,52,35,200,460.0,92000.0
2020-03-05,2020030501011829,NICL,52,21,500,460.0,230000.0
2020-03-05,2020030501011802,NICL,16,41,200,459.0,91800.0
2020-03-05,2020030501011801,NICL,16,43,200,459.0,91800.0
2020-03-05,2020030501011800,NICL,16,49,425,458.0,194650.0
2020-03-05,2020030501011855,NIL,45,21,50,581.0,29050.0
2020-03-05,2020030501011617,NIL,42,36,660,580.0,382800.0
2020-03-05,2020030501011616,NIL,42,36,250,580.0,145000.0
2020-03-05,2020030501011586,NIL,6,36,50,580.0,29000.0
2020-03-05,2020030501011761,NLBBL,14,51,100,765.0,76500.0
2020-03-05,2020030501011760,NLBBL,14,44,90,765.0,68850.0
2020-03-05,2020030501011759,NLBBL,14,59,60,765.0,45900.0
2020-03-05,2020030501011758,NLBBL,14,43,70,765.0,53550.0
2020-03-05,2020030501011757,NLBBL,14,33,100,765.0,76500.0
2020-03-05,2020030501011684,NLBBL,34,39,197,760.0,149720.0
2020-03-05,2020030501011567,NLBBL,36,36,100,749.0,74900.0
2020-03-05,2020030501011533,NLBBL,44,35,50,745.0,37250.0
2020-03-05,2020030501011532,NLBBL,53,35,150,745.0,111750.0
2020-03-05,2020030501011649,NLBBL,33,51,60,759.0,45540.0
2020-03-05,2020030501011594,NLBBL,17,36,20,750.0,15000.0
2020-03-05,2020030501011593,NLBBL,17,28,165,750.0,123750.0
2020-03-05,2020030501011588,NLBBL,55,28,180,750.0,135000.0
2020-03-05,2020030501011587,NLBBL,55,5,20,750.0,15000.0
2020-03-05,2020030501011568,NLBBL,36,36,100,749.0,74900.0
2020-03-05,2020030501011955,NLG,45,35,65,640.0,41600.0
2020-03-05,2020030501011954,NLG,33,35,25,640.0,16000.0
2020-03-05,2020030501011953,NLG,22,35,10,640.0,6400.0
2020-03-05,2020030501012023,NLIC,44,56,200,1248.0,249600.0
2020-03-05,2020030501011971,NLIC,56,49,100,1249.0,124900.0
2020-03-05,2020030501011923,NLIC,44,14,107,1248.0,133536.0
2020-03-05,2020030501011916,NLIC,16,14,300,1248.0,374400.0
2020-03-05,2020030501011914,NLIC,17,14,100,1248.0,124800.0
2020-03-05,2020030501011894,NLIC,53,14,200,1248.0,249600.0
2020-03-05,2020030501011773,NLIC,29,55,400,1247.0,498800.0
2020-03-05,2020030501011657,NLIC,29,34,100,1246.0,124600.0
2020-03-05,2020030501011601,NLIC,45,34,1000,1245.0,1245000.0
2020-03-05,2020030501011600,NLIC,45,38,21,1244.0,26124.0
2020-03-05,2020030501011884,NLIC,49,34,504,1247.0,628488.0
2020-03-05,2020030501011883,NLIC,58,34,100,1247.0,124700.0
2020-03-05,2020030501011882,NLIC,49,34,396,1247.0,493812.0
2020-03-05,2020030501011879,NLIC,49,45,10,1247.0,12470.0
2020-03-05,2020030501011784,NLIC,49,51,40,1247.0,49880.0
2020-03-05,2020030501011774,NLIC,49,55,1112,1247.0,1386664.0
2020-03-05,2020030501012008,NLICL,11,44,1000,715.0,715000.0
2020-03-05,2020030501011943,NLICL,43,35,85,714.0,60690.0
2020-03-05,2020030501011859,NLICL,43,39,50,714.0,35700.0
2020-03-05,2020030501011858,NLICL,43,52,143,712.0,101816.0
2020-03-05,2020030501011857,NLICL,43,14,200,711.0,142200.0
2020-03-05,2020030501011856,NLICL,43,16,22,710.0,15620.0
2020-03-05,2020030501011896,NMB,41,45,31,462.0,14322.0
2020-03-05,2020030501011895,NMB,41,38,176,462.0,81312.0
2020-03-05,2020030501011846,NMB,56,38,824,462.0,380688.0
2020-03-05,2020030501011845,NMB,56,6,26,461.0,11986.0
2020-03-05,2020030501011826,NMB,34,6,474,461.0,218514.0
2020-03-05,2020030501011825,NMB,34,10,550,461.0,253550.0
2020-03-05,2020030501011824,NMB,34,45,400,460.0,184000.0
2020-03-05,2020030501011823,NMB,34,40,476,460.0,218960.0
2020-03-05,2020030501011679,NMB,53,40,524,460.0,241040.0
2020-03-05,2020030501011625,NMB,53,1,126,460.0,57960.0
2020-03-05,2020030501011570,NMB,58,10,450,461.0,207450.0
2020-03-05,2020030501011569,NMB,58,56,50,461.0,23050.0
2020-03-05,2020030501011904,NMBMF,18,41,16,855.0,13680.0
2020-03-05,2020030501011822,NMBMF,41,35,50,839.0,41950.0
2020-03-05,2020030501011821,NMBMF,41,5,50,839.0,41950.0
2020-03-05,2020030501011794,NMBMF,41,43,50,825.0,41250.0
2020-03-05,2020030501011886,NMFBS,33,17,15,1700.0,25500.0
2020-03-05,2020030501011885,NMFBS,33,45,15,1700.0,25500.0
2020-03-05,2020030501011754,NSEWA,43,51,10,700.0,7000.0
2020-03-05,2020030501011724,NSEWA,43,37,10,690.0,6900.0
2020-03-05,2020030501011723,NSEWA,43,56,10,690.0,6900.0
2020-03-05,2020030501011700,OHL,42,41,30,450.0,13500.0
2020-03-05,2020030501011699,OHL,42,10,500,450.0,225000.0
2020-03-05,2020030501011698,OHL,42,56,300,450.0,135000.0
2020-03-05,2020030501011697,OHL,42,10,100,449.0,44900.0
2020-03-05,2020030501011685,PICL,43,14,50,474.0,23700.0
2020-03-05,2020030501011546,PMHPL,59,32,10,83.0,830.0
2020-03-05,2020030501011585,PPCL,38,32,10,117.0,1170.0
2020-03-05,2020030501012002,PRIN,57,42,500,444.0,222000.0
2020-03-05,2020030501011613,PRIN,45,32,52,439.0,22828.0
2020-03-05,2020030501011925,PRVU,58,38,2345,257.0,602665.0
2020-03-05,2020030501011909,PRVU,51,28,100,258.0,25800.0
2020-03-05,2020030501011901,PRVU,39,28,100,258.0,25800.0
2020-03-05,2020030501011900,PRVU,39,28,400,258.0,103200.0
2020-03-05,2020030501011743,PRVU,58,16,100,257.0,25700.0
2020-03-05,2020030501011742,PRVU,58,51,116,257.0,29812.0
2020-03-05,2020030501011735,PRVU,58,58,200,257.0,51400.0
2020-03-05,2020030501011734,PRVU,58,33,784,257.0,201488.0
2020-03-05,2020030501011741,PRVU,58,57,1000,257.0,257000.0
2020-03-05,2020030501011740,PRVU,58,45,92,257.0,23644.0
2020-03-05,2020030501011739,PRVU,58,19,175,257.0,44975.0
2020-03-05,2020030501011738,PRVU,58,45,200,257.0,51400.0
2020-03-05,2020030501011737,PRVU,58,51,100,257.0,25700.0
2020-03-05,2020030501011736,PRVU,58,14,400,257.0,102800.0
2020-03-05,2020030501011656,RADHI,38,32,12,169.0,2028.0
2020-03-05,2020030501011897,RBCL,7,45,30,10000.0,300000.0
2020-03-05,2020030501011753,RBCL,35,45,10,10000.0,100000.0
2020-03-05,2020030501011722,RBCL,28,45,10,10000.0,100000.0
2020-03-05,2020030501011873,RHPL,39,29,80,159.0,12720.0
2020-03-05,2020030501011535,RHPL,38,10,30,158.0,4740.0
2020-03-05,2020030501011534,RHPL,38,10,10,159.0,1590.0
2020-03-05,2020030501012007,RMDC,53,46,10,744.0,7440.0
2020-03-05,2020030501011579,RMDC,43,46,10,730.0,7300.0
2020-03-05,2020030501011952,RRHP,7,38,10,97.0,970.0
2020-03-05,2020030501011768,RRHP,7,32,10,97.0,970.0
2020-03-05,2020030501011912,RSDC,33,41,494,510.0,251940.0
2020-03-05,2020030501011893,RSDC,14,58,63,507.0,31941.0
2020-03-05,2020030501011658,RSDC,58,45,470,495.0,232650.0
2020-03-05,2020030501011654,RSDC,35,45,80,495.0,39600.0
2020-03-05,2020030501011653,RSDC,35,10,20,495.0,9900.0
2020-03-05,2020030501011577,RSDC,38,36,176,494.0,86944.0
2020-03-05,2020030501011576,RSDC,38,52,500,494.0,247000.0
2020-03-05,2020030501011664,RSDC,58,51,150,499.0,74850.0
2020-03-05,2020030501011663,RSDC,58,39,63,499.0,31437.0
2020-03-05,2020030501011662,RSDC,58,56,63,499.0,31437.0
2020-03-05,2020030501011661,RSDC,58,52,442,499.0,220558.0
2020-03-05,2020030501011660,RSDC,58,17,250,499.0,124750.0
2020-03-05,2020030501011659,RSDC,58,41,78,499.0,38922.0
2020-03-05,2020030501011703,RSDC,57,35,100,503.0,50300.0
2020-03-05,2020030501011702,RSDC,57,51,80,503.0,40240.0
2020-03-05,2020030501011677,RSDC,39,42,100,500.0,50000.0
2020-03-05,2020030501011676,RSDC,39,49,39,500.0,19500.0
2020-03-05,2020030501011665,RSDC,58,6,100,499.0,49900.0
2020-03-05,2020030501012031,SABSL,28,14,67,792.0,53064.0
2020-03-05,2020030501012021,SABSL,56,36,13,790.0,10270.0
2020-03-05,2020030501012005,SABSL,28,42,11,787.0,8657.0
2020-03-05,2020030501011808,SANIMA,13,36,145,364.0,52780.0
2020-03-05,2020030501011641,SANIMA,13,28,676,365.0,246740.0
2020-03-05,2020030501011640,SANIMA,13,28,500,365.0,182500.0
2020-03-05,2020030501011548,SANIMA,59,28,200,365.0,73000.0
2020-03-05,2020030501011881,SBI,21,14,10,484.0,4840.0
2020-03-05,2020030501011681,SBI,45,28,100,482.0,48200.0
2020-03-05,2020030501011680,SBI,45,28,500,482.0,241000.0
2020-03-05,2020030501011891,SBL,13,49,250,328.0,82000.0
2020-03-05,2020030501011847,SBL,47,13,10,329.0,3290.0
2020-03-05,2020030501011771,SBL,13,37,200,328.0,65600.0
2020-03-05,2020030501011770,SBL,13,52,150,328.0,49200.0
2020-03-05,2020030501011769,SBL,13,42,49,328.0,16072.0
2020-03-05,2020030501011626,SBL,57,13,290,327.0,94830.0
2020-03-05,2020030501011948,SCB,52,37,160,695.0,111200.0
2020-03-05,2020030501011947,SCB,52,34,20,694.0,13880.0
2020-03-05,2020030501011946,SCB,52,48,20,692.0,13840.0
2020-03-05,2020030501011919,SCB,42,50,100,690.0,69000.0
2020-03-05,2020030501011828,SCB,42,32,20,690.0,13800.0
2020-03-05,2020030501011782,SCB,51,17,50,692.0,34600.0
2020-03-05,2020030501012003,SDESI,45,7,23,935.0,21505.0
2020-03-05,2020030501011844,SHINE,41,14,14,303.0,4242.0
2020-03-05,2020030501011843,SHINE,41,40,300,303.0,90900.0
2020-03-05,2020030501011627,SHINE,51,17,178,301.0,53578.0
2020-03-05,2020030501011944,SHPC,39,45,300,219.0,65700.0
2020-03-05,2020030501011951,SICL,48,38,10,978.0,9780.0
2020-03-05,2020030501011908,SIL,7,49,138,560.0,77280.0
2020-03-05,2020030501011575,SJCL,6,10,20,153.0,3060.0
2020-03-05,2020030501011562,SJCL,22,48,20,154.0,3080.0
2020-03-05,2020030501011561,SJCL,22,34,20,154.0,3080.0
2020-03-05,2020030501011560,SJCL,22,36,180,154.0,27720.0
2020-03-05,2020030501011559,SJCL,22,45,760,154.0,117040.0
2020-03-05,2020030501011993,SKBBL,5,49,200,1164.0,232800.0
2020-03-05,2020030501011949,SKBBL,17,41,100,1161.0,116100.0
2020-03-05,2020030501011862,SKBBL,58,45,100,1160.0,116000.0
2020-03-05,2020030501011861,SKBBL,58,56,100,1160.0,116000.0
2020-03-05,2020030501011860,SKBBL,58,39,500,1159.0,579500.0
2020-03-05,2020030501011815,SKBBL,17,14,500,1150.0,575000.0
2020-03-05,2020030501011814,SKBBL,17,37,292,1150.0,335800.0
2020-03-05,2020030501011813,SKBBL,17,25,50,1149.0,57450.0
2020-03-05,2020030501011779,SKBBL,53,37,13,1150.0,14950.0
2020-03-05,2020030501011778,SKBBL,53,41,100,1144.0,114400.0
2020-03-05,2020030501011777,SKBBL,53,39,355,1143.0,405765.0
2020-03-05,2020030501011566,SKBBL,38,39,35,1143.0,40005.0
2020-03-05,2020030501011991,SLBBL,58,58,100,898.0,89800.0
2020-03-05,2020030501011990,SLBBL,58,50,100,897.0,89700.0
2020-03-05,2020030501011989,SLBBL,58,48,60,897.0,53820.0
2020-03-05,2020030501011988,SLBBL,58,40,10,897.0,8970.0
2020-03-05,2020030501011987,SLBBL,58,45,525,897.0,470925.0
2020-03-05,2020030501011986,SLBBL,58,44,106,892.0,94552.0
2020-03-05,2020030501011731,SLBBL,38,49,100,880.0,88000.0
2020-03-05,2020030501011730,SLBBL,38,17,188,879.0,165252.0
2020-03-05,2020030501011610,SLBBL,38,34,60,865.0,51900.0
2020-03-05,2020030501011609,SLBBL,16,34,200,866.0,173200.0
2020-03-05,2020030501011959,SLBBL,21,44,100,892.0,89200.0
2020-03-05,2020030501011958,SLBBL,29,44,50,892.0,44600.0
2020-03-05,2020030501011950,SLBBL,33,44,100,892.0,89200.0
2020-03-05,2020030501011945,SLBBL,59,44,500,892.0,446000.0
2020-03-05,2020030501011913,SLBBL,32,44,300,890.0,267000.0
2020-03-05,2020030501012000,SLBSL,29,51,10,827.0,8270.0
2020-03-05,2020030501011992,SLICL,16,17,1000,468.0,468000.0
2020-03-05,2020030501011921,SLICL,56,54,105,467.0,49035.0
2020-03-05,2020030501011920,SLICL,56,41,100,466.0,46600.0
2020-03-05,2020030501011918,SLICL,34,35,50,465.0,23250.0
2020-03-05,2020030501011880,SLICL,17,35,50,465.0,23250.0
2020-03-05,2020030501011852,SLICL,17,35,100,465.0,46500.0
2020-03-05,2020030501011762,SMATA,48,21,60,720.0,43200.0
2020-03-05,2020030501011544,SPARS,6,42,100,803.0,80300.0
2020-03-05,2020030501011543,SPARS,6,51,90,797.0,71730.0
2020-03-05,2020030501011752,SRBL,34,17,35,262.0,9170.0
2020-03-05,2020030501011876,TMDBL,34,36,173,206.0,35638.0
2020-03-05,2020030501011804,TMDBL,34,26,254,206.0,52324.0
2020-03-05,2020030501011803,TMDBL,6,26,55,206.0,11330.0
2020-03-05,2020030501011648,TMDBL,53,26,100,207.0,20700.0
2020-03-05,2020030501011647,TMDBL,32,26,200,207.0,41400.0
2020-03-05,2020030501011678,UIC,7,26,1000,375.0,375000.0
2020-03-05,2020030501011683,UMHL,34,45,11,107.0,1177.0
2020-03-05,2020030501011798,UPCL,4,45,100,76.0,7600.0
2020-03-05,2020030501011646,UPPER,41,34,10,237.0,2370.0
2020-03-05,2020030501011645,UPPER,41,45,40,237.0,9480.0
2020-03-05,2020030501011998,VLBS,51,45,50,1050.0,52500.0
2020-03-05,2020030501011964,VLBS,49,45,50,1050.0,52500.0
2020-03-05,2020030501011637,VLBS,41,49,10,1037.0,10370.0
2020-03-05,2020030501011776,WOMI,19,45,50,1046.0,52300.0
2020-03-05,2020030501011713,WOMI,19,13,100,1045.0,104500.0
2020-03-05,2020030501013483,ADBL,57,33,100,410.0,41000.0
2020-03-05,2020030501013471,ADBL,44,11,11,409.0,4499.0
2020-03-05,2020030501013153,ADBL,44,26,111,409.0,45399.0
2020-03-05,2020030501013101,ADBL,57,33,1000,410.0,410000.0
2020-03-05,2020030501013102,AHPC,26,22,200,100.0,20000.0
2020-03-05,2020030501013407,AKPL,7,13,972,125.0,121500.0
2020-03-05,2020030501013313,AKPL,58,13,1000,125.0,125000.0
2020-03-05,2020030501013164,ALBSL,26,39,10,728.0,7280.0
2020-03-05,2020030501013159,ALICL,21,35,200,596.0,119200.0
2020-03-05,2020030501013116,API,42,1,4000,131.0,524000.0
2020-03-05,2020030501013115,API,42,51,400,131.0,52400.0
2020-03-05,2020030501013114,API,42,39,28,131.0,3668.0
2020-03-05,2020030501013113,API,42,39,660,131.0,86460.0
2020-03-05,2020030501013309,BFC,34,16,1250,105.0,131250.0
2020-03-05,2020030501013193,BOKL,16,50,50,249.0,12450.0
2020-03-05,2020030501013150,BOKL,6,50,100,249.0,24900.0
2020-03-05,2020030501013103,BOKL,25,50,200,249.0,49800.0
2020-03-05,2020030501013481,BPCL,1,58,11,365.0,4015.0
2020-03-05,2020030501013480,BPCL,1,43,989,365.0,360985.0
2020-03-05,2020030501013464,BPCL,40,45,91,364.0,33124.0
2020-03-05,2020030501013048,BPCL,45,45,100,364.0,36400.0
2020-03-05,2020030501013528,CBBL,40,54,50,1119.0,55950.0
2020-03-05,2020030501013381,CBBL,57,6,100,1120.0,112000.0
2020-03-05,2020030501013326,CBBL,57,45,100,1120.0,112000.0
2020-03-05,2020030501013377,CBL,25,36,589,149.0,87761.0
2020-03-05,2020030501013126,CBL,25,52,274,149.0,40826.0
2020-03-05,2020030501013125,CBL,26,52,76,149.0,11324.0
2020-03-05,2020030501013124,CBL,26,37,424,149.0,63176.0
2020-03-05,2020030501013096,CBL,28,37,250,149.0,37250.0
2020-03-05,2020030501013185,CCBL,40,26,19,184.0,3496.0
2020-03-05,2020030501013184,CCBL,41,26,100,184.0,18400.0
2020-03-05,2020030501013183,CCBL,57,26,39,184.0,7176.0
2020-03-05,2020030501013112,CCBL,53,53,91,186.0,16926.0
2020-03-05,2020030501013111,CCBL,53,25,224,186.0,41664.0
2020-03-05,2020030501013110,CCBL,53,45,185,186.0,34410.0
2020-03-05,2020030501013353,CHCL,14,11,300,415.0,124500.0
2020-03-05,2020030501013037,CHCL,26,45,10,415.0,4150.0
2020-03-05,2020030501013225,CHL,41,26,10,96.0,960.0
2020-03-05,2020030501013269,CIT,58,1,50,2752.0,137600.0
2020-03-05,2020030501013268,CIT,58,17,50,2750.0,137500.0
2020-03-05,2020030501013267,CIT,58,51,200,2742.0,548400.0
2020-03-05,2020030501013266,CIT,58,49,107,2733.0,292431.0
2020-03-05,2020030501013100,CIT,1,49,156,2733.0,426348.0
2020-03-05,2020030501013508,CZBIL,28,48,10,206.0,2060.0
2020-03-05,2020030501013507,CZBIL,28,45,1318,206.0,271508.0
2020-03-05,2020030501013465,CZBIL,32,45,200,206.0,41200.0
2020-03-05,2020030501013081,CZBIL,59,45,300,206.0,61800.0
2020-03-05,2020030501013051,CZBIL,52,45,500,206.0,103000.0
2020-03-05,2020030501013523,DDBL,49,51,55,928.0,51040.0
2020-03-05,2020030501013522,DDBL,49,52,10,928.0,9280.0
2020-03-05,2020030501013521,DDBL,49,34,100,928.0,92800.0
2020-03-05,2020030501013520,DDBL,49,48,100,928.0,92800.0
2020-03-05,2020030501013519,DDBL,49,32,25,920.0,23000.0
2020-03-05,2020030501013518,DDBL,49,52,50,920.0,46000.0
2020-03-05,2020030501013262,DDBL,5,51,100,910.0,91000.0
2020-03-05,2020030501013227,DDBL,5,51,100,910.0,91000.0
2020-03-05,2020030501013517,DDBL,49,33,20,920.0,18400.0
2020-03-05,2020030501013516,DDBL,49,14,40,919.0,36760.0
2020-03-05,2020030501013430,DDBL,58,10,180,915.0,164700.0
2020-03-05,2020030501013406,DDBL,51,10,20,915.0,18300.0
2020-03-05,2020030501013379,DDBL,38,10,100,915.0,91500.0
2020-03-05,2020030501013334,DDBL,44,51,290,910.0,263900.0
2020-03-05,2020030501013488,EBL,58,56,10,759.0,7590.0
2020-03-05,2020030501013479,EBL,57,56,100,759.0,75900.0
2020-03-05,2020030501013328,EBL,4,35,300,760.0,228000.0
2020-03-05,2020030501013228,EBL,5,35,50,760.0,38000.0
2020-03-05,2020030501013084,EBL,49,35,145,760.0,110200.0
2020-03-05,2020030501013083,EBL,49,8,55,760.0,41800.0
2020-03-05,2020030501013456,EDBL,49,49,250,394.0,98500.0
2020-03-05,2020030501013455,EDBL,49,35,567,393.0,222831.0
2020-03-05,2020030501013360,EDBL,49,56,500,392.0,196000.0
2020-03-05,2020030501013359,EDBL,49,41,500,391.0,195500.0
2020-03-05,2020030501013530,EIC,35,28,200,410.0,82000.0
2020-03-05,2020030501013512,EIC,50,28,25,410.0,10250.0
2020-03-05,2020030501013511,EIC,50,41,75,410.0,30750.0
2020-03-05,2020030501013463,EIC,49,28,50,410.0,20500.0
2020-03-05,2020030501013462,EIC,49,58,150,409.0,61350.0
2020-03-05,2020030501013371,EIC,58,51,20,408.0,8160.0
2020-03-05,2020030501013214,EIC,50,49,10,406.0,4060.0
2020-03-05,2020030501013370,EIC,58,21,100,408.0,40800.0
2020-03-05,2020030501013369,EIC,58,49,15,408.0,6120.0
2020-03-05,2020030501013368,EIC,58,17,250,408.0,102000.0
2020-03-05,2020030501013312,EIC,57,39,198,407.0,80586.0
2020-03-05,2020030501013216,EIC,33,49,48,406.0,19488.0
2020-03-05,2020030501013215,EIC,45,49,30,406.0,12180.0
2020-03-05,2020030501013458,FMDBL,45,28,20,544.0,10880.0
2020-03-05,2020030501013230,FMDBL,45,56,50,538.0,26900.0
2020-03-05,2020030501013186,FMDBL,32,56,50,546.0,27300.0
2020-03-05,2020030501013211,FOWAD,34,45,200,1580.0,316000.0
2020-03-05,2020030501013157,FOWAD,34,45,50,1580.0,79000.0
2020-03-05,2020030501013497,GBBL,17,17,100,245.0,24500.0
2020-03-05,2020030501013496,GBBL,17,14,400,245.0,98000.0
2020-03-05,2020030501013196,GBBL,54,11,176,244.0,42944.0
2020-03-05,2020030501013389,GBIME,59,33,150,288.0,43200.0
2020-03-05,2020030501013176,GBIME,42,33,500,288.0,144000.0
2020-03-05,2020030501013529,GBLBS,34,42,200,525.0,105000.0
2020-03-05,2020030501013505,GBLBS,50,44,200,525.0,105000.0
2020-03-05,2020030501013351,GBLBS,26,14,500,525.0,262500.0
2020-03-05,2020030501013307,GBLBS,40,41,10,518.0,5180.0
2020-03-05,2020030501013264,GBLBS,39,28,350,518.0,181300.0
2020-03-05,2020030501013253,GBLBS,55,46,100,517.0,51700.0
2020-03-05,2020030501013162,GBLBS,55,49,22,517.0,11374.0
2020-03-05,2020030501013094,GBLBS,39,28,100,518.0,51800.0
2020-03-05,2020030501013093,GBLBS,51,28,50,520.0,26000.0
2020-03-05,2020030501013032,GBLBS,18,28,100,526.0,52600.0
2020-03-05,2020030501013258,GGBSL,45,45,10,770.0,7700.0
2020-03-05,2020030501013257,GGBSL,45,47,10,769.0,7690.0
2020-03-05,2020030501013256,GGBSL,45,51,50,768.0,38400.0
2020-03-05,2020030501013212,GGBSL,47,43,10,757.0,7570.0
2020-03-05,2020030501013433,GILB,13,44,100,1393.0,139300.0
2020-03-05,2020030501013432,GILB,13,46,100,1393.0,139300.0
2020-03-05,2020030501013356,GILB,21,19,200,1370.0,274000.0
2020-03-05,2020030501013278,GILB,7,19,200,1370.0,274000.0
2020-03-05,2020030501013502,GLICL,37,36,50,497.0,24850.0
2020-03-05,2020030501013457,GLICL,37,34,100,498.0,49800.0
2020-03-05,2020030501013392,GLICL,37,25,50,497.0,24850.0
2020-03-05,2020030501013391,GLICL,39,25,100,497.0,49700.0
2020-03-05,2020030501013175,GLICL,39,28,50,496.0,24800.0
2020-03-05,2020030501013127,GLICL,46,28,100,496.0,49600.0
2020-03-05,2020030501013052,GLICL,14,51,10,495.0,4950.0
2020-03-05,2020030501013038,GLICL,48,51,25,495.0,12375.0
2020-03-05,2020030501013165,GMFBS,14,41,10,830.0,8300.0
2020-03-05,2020030501013380,HDL,56,48,90,1647.0,148230.0
2020-03-05,2020030501013367,HDL,56,41,200,1647.0,329400.0
2020-03-05,2020030501013366,HDL,56,41,110,1647.0,181170.0
2020-03-05,2020030501013362,HDL,56,41,70,1647.0,115290.0
2020-03-05,2020030501013361,HDL,56,48,30,1647.0,49410.0
2020-03-05,2020030501013350,HDL,16,48,30,1647.0,49410.0
2020-03-05,2020030501013349,HDL,16,28,20,1647.0,32940.0
2020-03-05,2020030501013296,HDL,7,49,38,1645.0,62510.0
2020-03-05,2020030501013210,HDL,39,49,147,1645.0,241815.0
2020-03-05,2020030501013209,HDL,39,45,353,1644.0,580332.0
2020-03-05,2020030501013160,HDL,38,45,20,1644.0,32880.0
2020-03-05,2020030501013055,HDL,7,14,100,1643.0,164300.0
2020-03-05,2020030501013281,HGI,58,21,10,403.0,4030.0
2020-03-05,2020030501013178,HGI,58,57,90,403.0,36270.0
2020-03-05,2020030501013154,HGI,5,57,10,403.0,4030.0
2020-03-05,2020030501013229,HIDCL,14,1,106,138.0,14628.0
2020-03-05,2020030501013188,ICFC,36,55,11,198.0,2178.0
2020-03-05,2020030501013149,IGI,45,11,160,430.0,68800.0
2020-03-05,2020030501013442,ILBS,57,16,10,799.0,7990.0
2020-03-05,2020030501013441,ILBS,57,35,10,790.0,7900.0
2020-03-05,2020030501013440,ILBS,57,43,10,769.0,7690.0
2020-03-05,2020030501013439,ILBS,57,43,10,769.0,7690.0
2020-03-05,2020030501013077,JFL,32,35,12,178.0,2136.0
2020-03-05,2020030501013076,JFL,32,48,889,176.0,156464.0
2020-03-05,2020030501013075,JFL,32,42,100,176.0,17600.0
2020-03-05,2020030501013327,JOSHI,16,11,20,60.0,1200.0
2020-03-05,2020030501013315,JSLBB,49,55,97,1601.0,155297.0
2020-03-05,2020030501013314,JSLBB,49,51,10,1600.0,16000.0
2020-03-05,2020030501013401,KBL,33,41,1000,212.0,212000.0
2020-03-05,2020030501013365,KBL,33,39,246,212.0,52152.0
2020-03-05,2020030501013364,KBL,33,45,100,212.0,21200.0
2020-03-05,2020030501013363,KBL,33,26,654,210.0,137340.0
2020-03-05,2020030501013121,LBBL,6,14,6234,198.0,1234332.0
2020-03-05,2020030501013120,LBBL,6,14,2210,198.0,437580.0
2020-03-05,2020030501013119,LBBL,6,32,510,198.0,100980.0
2020-03-05,2020030501013118,LBBL,6,28,500,197.0,98500.0
2020-03-05,2020030501013117,LBBL,6,33,1000,197.0,197000.0
2020-03-05,2020030501013325,LGIL,58,54,1241,505.0,626705.0
2020-03-05,2020030501013291,LGIL,44,51,200,500.0,100000.0
2020-03-05,2020030501013290,LGIL,44,48,200,500.0,100000.0
2020-03-05,2020030501013108,LGIL,14,14,400,496.0,198400.0
2020-03-05,2020030501013071,LGIL,6,14,200,496.0,99200.0
2020-03-05,2020030501013352,LLBS,40,17,27,1110.0,29970.0
2020-03-05,2020030501013495,MBL,26,22,200,250.0,50000.0
2020-03-05,2020030501013494,MBL,26,16,100,250.0,25000.0
2020-03-05,2020030501013493,MBL,26,41,625,250.0,156250.0
2020-03-05,2020030501013492,MBL,26,17,2000,250.0,500000.0
2020-03-05,2020030501013470,MBL,38,26,50,249.0,12450.0
2020-03-05,2020030501013469,MBL,26,26,1000,249.0,249000.0
2020-03-05,2020030501013305,MDB,52,28,52,455.0,23660.0
2020-03-05,2020030501013304,MDB,52,22,85,455.0,38675.0
2020-03-05,2020030501013303,MDB,52,6,63,455.0,28665.0
2020-03-05,2020030501013174,MDB,4,26,200,454.0,90800.0
2020-03-05,2020030501013173,MDB,4,35,150,453.0,67950.0
2020-03-05,2020030501013513,MEGA,1,36,104,234.0,24336.0
2020-03-05,2020030501013378,MEGA,58,25,10,235.0,2350.0
2020-03-05,2020030501013047,MEGA,1,11,43,234.0,10062.0
2020-03-05,2020030501013046,MEGA,1,7,500,234.0,117000.0
2020-03-05,2020030501013045,MEGA,1,51,500,234.0,117000.0
2020-03-05,2020030501013044,MEGA,1,42,50,234.0,11700.0
2020-03-05,2020030501013043,MEGA,1,11,43,233.0,10019.0
2020-03-05,2020030501013042,MEGA,1,6,200,233.0,46600.0
2020-03-05,2020030501013041,MEGA,1,32,237,233.0,55221.0
2020-03-05,2020030501013040,MEGA,1,48,136,232.0,31552.0
2020-03-05,2020030501013039,MEGA,1,44,77,232.0,17864.0
2020-03-05,2020030501013452,MERO,6,26,43,699.0,30057.0
2020-03-05,2020030501013429,MERO,6,14,50,699.0,34950.0
2020-03-05,2020030501013428,MERO,6,11,50,699.0,34950.0
2020-03-05,2020030501013302,MERO,34,41,300,686.0,205800.0
2020-03-05,2020030501013374,MFIL,38,51,200,319.0,63800.0
2020-03-05,2020030501013068,MLBBL,57,48,41,808.0,33128.0
2020-03-05,2020030501013067,MLBBL,57,56,10,808.0,8080.0
2020-03-05,2020030501013295,MLBL,34,34,450,223.0,100350.0
2020-03-05,2020030501013259,MLBL,34,21,30,223.0,6690.0
2020-03-05,2020030501013099,MLBL,21,25,51,222.0,11322.0
2020-03-05,2020030501013098,MLBL,38,25,174,222.0,38628.0
2020-03-05,2020030501013097,MLBL,38,25,39,222.0,8658.0
2020-03-05,2020030501013062,MLBL,38,6,131,222.0,29082.0
2020-03-05,2020030501013141,MLBL,34,39,540,223.0,120420.0
2020-03-05,2020030501013140,MLBL,34,56,200,223.0,44600.0
2020-03-05,2020030501013139,MLBL,34,1,540,223.0,120420.0
2020-03-05,2020030501013138,MLBL,34,45,1000,223.0,223000.0
2020-03-05,2020030501013137,MLBL,34,6,205,223.0,45715.0
2020-03-05,2020030501013104,MLBL,38,6,175,223.0,39025.0
2020-03-05,2020030501013265,MNBBL,14,56,99,339.0,33561.0
2020-03-05,2020030501013226,MNBBL,51,56,806,339.0,273234.0
2020-03-05,2020030501013222,MNBBL,14,22,100,340.0,34000.0
2020-03-05,2020030501013198,MNBBL,14,22,500,340.0,170000.0
2020-03-05,2020030501013169,MNBBL,52,22,75,340.0,25500.0
2020-03-05,2020030501013168,MNBBL,52,19,100,340.0,34000.0
2020-03-05,2020030501013049,MNBBL,38,32,500,339.0,169500.0
2020-03-05,2020030501013167,MNBBL,52,58,25,340.0,8500.0
2020-03-05,2020030501013376,MSMBS,1,32,10,789.0,7890.0
2020-03-05,2020030501013501,NABIL,14,26,133,837.0,111321.0
2020-03-05,2020030501013486,NABIL,57,26,300,837.0,251100.0
2020-03-05,2020030501013358,NABIL,4,45,300,839.0,251700.0
2020-03-05,2020030501013217,NABIL,14,16,367,840.0,308280.0
2020-03-05,2020030501013187,NABIL,5,58,50,849.0,42450.0
2020-03-05,2020030501013033,NABIL,4,58,50,849.0,42450.0
2020-03-05,2020030501013454,NADEP,17,43,100,745.0,74500.0
2020-03-05,2020030501013402,NADEP,49,22,200,730.0,146000.0
2020-03-05,2020030501013158,NADEP,18,43,100,733.0,73300.0
2020-03-05,2020030501013066,NADEP,18,38,10,746.0,7460.0
2020-03-05,2020030501013477,NBL,57,41,80,285.0,22800.0
2020-03-05,2020030501013403,NBL,42,49,105,286.0,30030.0
2020-03-05,2020030501013311,NBL,33,49,500,286.0,143000.0
2020-03-05,2020030501013310,NBL,33,50,500,286.0,143000.0
2020-03-05,2020030501013122,NBL,57,7,115,285.0,32775.0
2020-03-05,2020030501013054,NBL,44,7,715,285.0,203775.0
2020-03-05,2020030501013053,NBL,44,16,285,285.0,81225.0
2020-03-05,2020030501013476,NCCB,58,32,200,204.0,40800.0
2020-03-05,2020030501013136,NCCB,58,11,57,203.0,11571.0
2020-03-05,2020030501013135,NCCB,58,11,57,203.0,11571.0
2020-03-05,2020030501013134,NCCB,58,38,188,203.0,38164.0
2020-03-05,2020030501013133,NCCB,58,35,1000,203.0,203000.0
2020-03-05,2020030501013132,NCCB,58,49,849,203.0,172347.0
2020-03-05,2020030501013131,NCCB,58,49,345,203.0,70035.0
2020-03-05,2020030501013130,NCCB,58,49,454,202.0,91708.0
2020-03-05,2020030501013129,NCCB,58,55,75,202.0,15150.0
2020-03-05,2020030501013489,NIB,33,51,3386,418.0,1415348.0
2020-03-05,2020030501013485,NIB,56,51,789,418.0,329802.0
2020-03-05,2020030501013484,NIB,56,13,211,418.0,88198.0
2020-03-05,2020030501013414,NIB,45,10,550,417.0,229350.0
2020-03-05,2020030501013413,NIB,11,10,50,417.0,20850.0
2020-03-05,2020030501013412,NIB,5,10,200,417.0,83400.0
2020-03-05,2020030501013411,NIB,45,10,1000,417.0,417000.0
2020-03-05,2020030501013410,NIB,35,10,50,417.0,20850.0
2020-03-05,2020030501013409,NIB,54,10,50,417.0,20850.0
2020-03-05,2020030501013408,NIB,52,10,100,417.0,41700.0
2020-03-05,2020030501013109,NIB,40,48,44,417.0,18348.0
2020-03-05,2020030501013474,NICA,45,17,150,585.0,87750.0
2020-03-05,2020030501013473,NICA,45,6,300,584.0,175200.0
2020-03-05,2020030501013472,NICA,45,58,50,584.0,29200.0
2020-03-05,2020030501013459,NICA,58,49,10,584.0,5840.0
2020-03-05,2020030501013384,NICA,4,49,87,584.0,50808.0
2020-03-05,2020030501013383,NICA,4,11,123,583.0,71709.0
2020-03-05,2020030501013073,NICA,21,50,90,578.0,52020.0
2020-03-05,2020030501013072,NICA,21,22,10,578.0,5780.0
2020-03-05,2020030501013231,NICA,28,50,310,578.0,179180.0
2020-03-05,2020030501013199,NICA,38,50,100,578.0,57800.0
2020-03-05,2020030501013195,NICA,47,50,100,578.0,57800.0
2020-03-05,2020030501013170,NICA,29,50,200,578.0,115600.0
2020-03-05,2020030501013143,NICA,52,50,100,578.0,57800.0
2020-03-05,2020030501013086,NICA,7,50,100,578.0,57800.0
2020-03-05,2020030501013237,NICA,28,43,101,580.0,58580.0
2020-03-05,2020030501013236,NICA,28,13,406,580.0,235480.0
2020-03-05,2020030501013235,NICA,28,38,320,580.0,185600.0
2020-03-05,2020030501013234,NICA,28,6,760,580.0,440800.0
2020-03-05,2020030501013233,NICA,28,21,500,579.0,289500.0
2020-03-05,2020030501013232,NICA,28,22,100,579.0,57900.0
2020-03-05,2020030501013243,NICA,28,56,260,580.0,150800.0
2020-03-05,2020030501013242,NICA,28,56,100,580.0,58000.0
2020-03-05,2020030501013241,NICA,28,41,50,580.0,29000.0
2020-03-05,2020030501013240,NICA,28,22,209,580.0,121220.0
2020-03-05,2020030501013239,NICA,28,34,150,580.0,87000.0
2020-03-05,2020030501013238,NICA,28,33,800,580.0,464000.0
2020-03-05,2020030501013249,NICA,28,13,1000,582.0,582000.0
2020-03-05,2020030501013248,NICA,28,55,600,582.0,349200.0
2020-03-05,2020030501013247,NICA,28,49,2000,581.0,1162000.0
2020-03-05,2020030501013246,NICA,28,34,50,581.0,29050.0
2020-03-05,2020030501013245,NICA,28,6,200,580.0,116000.0
2020-03-05,2020030501013244,NICA,28,33,1000,580.0,580000.0
2020-03-05,2020030501013382,NICA,4,43,90,583.0,52470.0
2020-03-05,2020030501013317,NICA,19,43,900,583.0,524700.0
2020-03-05,2020030501013316,NICA,19,29,600,583.0,349800.0
2020-03-05,2020030501013252,NICA,28,52,320,582.0,186240.0
2020-03-05,2020030501013251,NICA,28,47,100,582.0,58200.0
2020-03-05,2020030501013250,NICA,28,50,55,582.0,32010.0
2020-03-05,2020030501013390,NICL,28,51,50,470.0,23500.0
2020-03-05,2020030501013387,NIL,13,48,10,596.0,5960.0
2020-03-05,2020030501013386,NIL,13,50,224,596.0,133504.0
2020-03-05,2020030501013385,NIL,13,6,84,596.0,50064.0
2020-03-05,2020030501013335,NLBBL,46,42,20,795.0,15900.0
2020-03-05,2020030501013515,NLG,6,33,809,649.0,525041.0
2020-03-05,2020030501013514,NLG,6,43,91,647.0,58877.0
2020-03-05,2020030501013450,NLG,50,43,50,645.0,32250.0
2020-03-05,2020030501013373,NLG,57,13,150,648.0,97200.0
2020-03-05,2020030501013372,NLG,57,29,40,647.0,25880.0
2020-03-05,2020030501013355,NLG,16,14,150,646.0,96900.0
2020-03-05,2020030501013354,NLG,45,14,50,646.0,32300.0
2020-03-05,2020030501013294,NLG,19,44,280,645.0,180600.0
2020-03-05,2020030501013224,NLG,42,44,20,645.0,12900.0
2020-03-05,2020030501013449,NLG,19,43,20,645.0,12900.0
2020-03-05,2020030501013448,NLG,16,43,50,646.0,32300.0
2020-03-05,2020030501013447,NLG,57,43,10,648.0,6480.0
2020-03-05,2020030501013417,NLG,33,33,130,649.0,84370.0
2020-03-05,2020030501013416,NLG,33,16,20,649.0,12980.0
2020-03-05,2020030501013415,NLG,33,45,50,649.0,32450.0
2020-03-05,2020030501013506,NLIC,19,49,1000,1255.0,1255000.0
2020-03-05,2020030501013504,NLIC,28,59,22,1254.0,27588.0
2020-03-05,2020030501013490,NLIC,34,49,300,1255.0,376500.0
2020-03-05,2020030501013482,NLIC,34,49,50,1255.0,62750.0
2020-03-05,2020030501013478,NLIC,21,49,200,1255.0,251000.0
2020-03-05,2020030501013460,NLIC,58,49,240,1255.0,301200.0
2020-03-05,2020030501013085,NLIC,50,38,500,1255.0,627500.0
2020-03-05,2020030501013074,NLIC,34,49,300,1255.0,376500.0
2020-03-05,2020030501013070,NLIC,47,49,100,1255.0,125500.0
2020-03-05,2020030501013050,NLIC,14,49,100,1255.0,125500.0
2020-03-05,2020030501013163,NLIC,26,33,47,1257.0,59079.0
2020-03-05,2020030501013152,NLIC,34,33,53,1257.0,66621.0
2020-03-05,2020030501013151,NLIC,34,34,247,1257.0,310479.0
2020-03-05,2020030501013123,NLIC,57,38,150,1255.0,188250.0
2020-03-05,2020030501013091,NLIC,34,34,4000,1245.0,4980000.0
2020-03-05,2020030501013088,NLIC,51,38,100,1255.0,125500.0
2020-03-05,2020030501013220,NLIC,48,49,100,1255.0,125500.0
2020-03-05,2020030501013208,NLIC,26,49,300,1257.0,377100.0
2020-03-05,2020030501013182,NLIC,39,20,100,1260.0,126000.0
2020-03-05,2020030501013181,NLIC,39,17,500,1260.0,630000.0
2020-03-05,2020030501013180,NLIC,39,4,22,1260.0,27720.0
2020-03-05,2020030501013179,NLIC,39,48,50,1260.0,63000.0
2020-03-05,2020030501013289,NLIC,36,35,500,1254.0,627000.0
2020-03-05,2020030501013271,NLIC,52,49,200,1255.0,251000.0
2020-03-05,2020030501013270,NLIC,21,49,80,1255.0,100400.0
2020-03-05,2020030501013261,NLIC,17,35,100,1254.0,125400.0
2020-03-05,2020030501013260,NLIC,10,35,100,1254.0,125400.0
2020-03-05,2020030501013223,NLIC,5,49,100,1255.0,125500.0
2020-03-05,2020030501013431,NLIC,28,45,240,1254.0,300960.0
2020-03-05,2020030501013424,NLIC,57,45,80,1254.0,100320.0
2020-03-05,2020030501013420,NLIC,21,45,50,1254.0,62700.0
2020-03-05,2020030501013393,NLIC,43,45,200,1254.0,250800.0
2020-03-05,2020030501013324,NLIC,56,45,100,1254.0,125400.0
2020-03-05,2020030501013301,NLIC,49,49,7000,1245.0,8715000.0
2020-03-05,2020030501013503,NMB,38,45,50,465.0,23250.0
2020-03-05,2020030501013445,NMB,45,34,214,466.0,99724.0
2020-03-05,2020030501013444,NMB,45,39,296,466.0,137936.0
2020-03-05,2020030501013443,NMB,45,33,490,466.0,228340.0
2020-03-05,2020030501013427,NMB,58,33,10,466.0,4660.0
2020-03-05,2020030501013426,NMB,11,33,200,466.0,93200.0
2020-03-05,2020030501013207,NMB,36,42,67,465.0,31155.0
2020-03-05,2020030501013206,NMB,36,1,273,464.0,126672.0
2020-03-05,2020030501013197,NMB,11,1,100,464.0,46400.0
2020-03-05,2020030501013128,NMB,45,42,500,465.0,232500.0
2020-03-05,2020030501013036,NMB,35,42,53,465.0,24645.0
2020-03-05,2020030501013035,NMB,35,37,47,465.0,21855.0
2020-03-05,2020030501013419,NMB,35,33,500,466.0,233000.0
2020-03-05,2020030501013418,NMB,35,43,500,466.0,233000.0
2020-03-05,2020030501013357,NMB,38,42,130,465.0,60450.0
2020-03-05,2020030501013300,NMB,7,42,250,465.0,116250.0
2020-03-05,2020030501013272,NMB,57,48,67,463.0,31021.0
2020-03-05,2020030501013221,NMB,57,16,12,463.0,5556.0
2020-03-05,2020030501013095,NMFBS,26,33,90,1764.0,158760.0
2020-03-05,2020030501013400,NTC,53,59,500,659.0,329500.0
2020-03-05,2020030501013399,NTC,53,29,100,659.0,65900.0
2020-03-05,2020030501013398,NTC,53,45,50,658.0,32900.0
2020-03-05,2020030501013397,NTC,53,58,200,658.0,131600.0
2020-03-05,2020030501013396,NTC,53,37,500,657.0,328500.0
2020-03-05,2020030501013395,NTC,53,52,200,656.0,131200.0
2020-03-05,2020030501013394,NTC,53,33,50,655.0,32750.0
2020-03-05,2020030501013527,OHL,41,6,132,458.0,60456.0
2020-03-05,2020030501013510,PIC,57,8,1000,620.0,620000.0
2020-03-05,2020030501013509,PIC,57,48,10,619.0,6190.0
2020-03-05,2020030501013467,PIC,33,48,11,615.0,6765.0
2020-03-05,2020030501013466,PIC,33,7,450,614.0,276300.0
2020-03-05,2020030501013375,PIC,10,7,50,614.0,30700.0
2020-03-05,2020030501013348,PIC,56,13,11,613.0,6743.0
2020-03-05,2020030501013144,PIC,49,29,100,605.0,60500.0
2020-03-05,2020030501013192,PIC,10,19,39,608.0,23712.0
2020-03-05,2020030501013191,PIC,10,56,11,607.0,6677.0
2020-03-05,2020030501013148,PIC,49,6,300,606.0,181800.0
2020-03-05,2020030501013147,PIC,49,45,20,606.0,12120.0
2020-03-05,2020030501013146,PIC,49,45,90,606.0,54540.0
2020-03-05,2020030501013145,PIC,49,22,84,605.0,50820.0
2020-03-05,2020030501013341,PIC,56,39,423,613.0,259299.0
2020-03-05,2020030501013340,PIC,56,45,60,610.0,36600.0
2020-03-05,2020030501013339,PIC,56,45,20,610.0,12200.0
2020-03-05,2020030501013338,PIC,56,40,50,609.0,30450.0
2020-03-05,2020030501013337,PIC,56,19,11,608.0,6688.0
2020-03-05,2020030501013336,PIC,56,45,11,607.0,6677.0
2020-03-05,2020030501013347,PIC,56,10,100,613.0,61300.0
2020-03-05,2020030501013346,PIC,56,1,77,613.0,47201.0
2020-03-05,2020030501013345,PIC,56,34,124,613.0,76012.0
2020-03-05,2020030501013344,PIC,56,7,20,613.0,12260.0
2020-03-05,2020030501013343,PIC,56,57,230,613.0,140990.0
2020-03-05,2020030501013342,PIC,56,42,11,613.0,6743.0
2020-03-05,2020030501013155,PICL,34,45,116,478.0,55448.0
2020-03-05,2020030501013065,PLIC,53,38,97,612.0,59364.0
2020-03-05,2020030501013064,PLIC,53,35,150,612.0,91800.0
2020-03-05,2020030501013063,PLIC,53,16,10,611.0,6110.0
2020-03-05,2020030501013487,PMHPL,59,48,10,83.0,830.0
2020-03-05,2020030501013500,PRIN,52,41,150,446.0,66900.0
2020-03-05,2020030501013438,PRVU,52,46,177,257.0,45489.0
2020-03-05,2020030501013297,PRVU,52,43,23,257.0,5911.0
2020-03-05,2020030501013524,RBCL,21,45,10,10350.0,103500.0
2020-03-05,2020030501013423,RHPC,54,35,19,85.0,1615.0
2020-03-05,2020030501013422,RHPC,54,35,58,85.0,4930.0
2020-03-05,2020030501013421,RHPC,54,35,82,85.0,6970.0
2020-03-05,2020030501013293,RHPL,50,43,50,159.0,7950.0
2020-03-05,2020030501013292,RHPL,39,43,20,159.0,3180.0
2020-03-05,2020030501013080,RHPL,39,45,30,159.0,4770.0
2020-03-05,2020030501013446,RLFL,32,6,10,146.0,1460.0
2020-03-05,2020030501013322,RSDC,10,35,55,540.0,29700.0
2020-03-05,2020030501013321,RSDC,58,35,45,540.0,24300.0
2020-03-05,2020030501013320,RSDC,58,41,63,540.0,34020.0
2020-03-05,2020030501013319,RSDC,58,41,18,540.0,9720.0
2020-03-05,2020030501013318,RSDC,45,41,45,540.0,24300.0
2020-03-05,2020030501013177,RSDC,45,55,55,535.0,29425.0
2020-03-05,2020030501013069,SABSL,57,43,10,838.0,8380.0
2020-03-05,2020030501013034,SADBL,6,17,2000,170.0,340000.0
2020-03-05,2020030501013082,SANIMA,38,22,400,367.0,146800.0
2020-03-05,2020030501013468,SAPDBL,1,54,50,141.0,7050.0
2020-03-05,2020030501013279,SBI,4,10,100,485.0,48500.0
2020-03-05,2020030501013255,SBI,4,10,320,485.0,155200.0
2020-03-05,2020030501013254,SBI,4,59,80,485.0,38800.0
2020-03-05,2020030501013090,SBI,44,59,420,485.0,203700.0
2020-03-05,2020030501013089,SBI,44,54,80,485.0,38800.0
2020-03-05,2020030501013499,SBL,5,45,67,332.0,22244.0
2020-03-05,2020030501013498,SBL,5,41,118,332.0,39176.0
2020-03-05,2020030501013288,SBL,33,41,82,332.0,27224.0
2020-03-05,2020030501013287,SBL,33,41,200,332.0,66400.0
2020-03-05,2020030501013286,SBL,33,51,200,332.0,66400.0
2020-03-05,2020030501013285,SBL,33,51,140,332.0,46480.0
2020-03-05,2020030501013284,SBL,33,51,100,332.0,33200.0
2020-03-05,2020030501013283,SBL,33,44,200,331.0,66200.0
2020-03-05,2020030501013282,SBL,33,48,78,331.0,25818.0
2020-03-05,2020030501013531,SCB,56,6,15,705.0,10575.0
2020-03-05,2020030501013491,SCB,22,6,104,705.0,73320.0
2020-03-05,2020030501013435,SCB,45,6,50,704.0,35200.0
2020-03-05,2020030501013434,SCB,45,54,47,704.0,33088.0
2020-03-05,2020030501013200,SCB,1,17,20,699.0,13980.0
2020-03-05,2020030501013306,SCB,45,45,20,700.0,14000.0
2020-03-05,2020030501013205,SCB,1,28,100,700.0,70000.0
2020-03-05,2020030501013204,SCB,1,16,700,700.0,490000.0
2020-03-05,2020030501013203,SCB,1,7,10,700.0,7000.0
2020-03-05,2020030501013202,SCB,1,38,201,700.0,140700.0
2020-03-05,2020030501013201,SCB,1,25,249,700.0,174300.0
2020-03-05,2020030501013451,SDESI,26,35,200,1010.0,202000.0
2020-03-05,2020030501013190,SDESI,26,4,225,1000.0,225000.0
2020-03-05,2020030501013189,SDESI,26,10,100,1000.0,100000.0
2020-03-05,2020030501013092,SHINE,38,58,85,304.0,25840.0
2020-03-05,2020030501013323,SHIVM,45,48,204,620.0,126480.0
2020-03-05,2020030501013277,SHIVM,45,36,800,620.0,496000.0
2020-03-05,2020030501013276,SHIVM,45,35,570,620.0,353400.0
2020-03-05,2020030501013275,SHIVM,45,45,100,620.0,62000.0
2020-03-05,2020030501013274,SHIVM,45,25,350,620.0,217000.0
2020-03-05,2020030501013273,SHIVM,45,52,1976,619.0,1223144.0
2020-03-05,2020030501013057,SHIVM,56,38,50,615.0,30750.0
2020-03-05,2020030501013056,SHIVM,56,6,100,613.0,61300.0
2020-03-05,2020030501013166,SHIVM,49,52,24,619.0,14856.0
2020-03-05,2020030501013105,SHIVM,42,52,100,619.0,61900.0
2020-03-05,2020030501013060,SHIVM,56,25,150,620.0,93000.0
2020-03-05,2020030501013059,SHIVM,56,50,200,619.0,123800.0
2020-03-05,2020030501013058,SHIVM,56,32,500,616.0,308000.0
2020-03-05,2020030501013330,SHL,29,51,100,184.0,18400.0
2020-03-05,2020030501013526,SIC,47,45,93,709.0,65937.0
2020-03-05,2020030501013525,SIC,47,8,200,709.0,141800.0
2020-03-05,2020030501013437,SIC,29,49,200,703.0,140600.0
2020-03-05,2020030501013436,SIC,29,32,28,703.0,19684.0
2020-03-05,2020030501013061,SICL,26,45,197,990.0,195030.0
2020-03-05,2020030501013475,SIL,58,5,200,565.0,113000.0
2020-03-05,2020030501013299,SKBBL,53,10,10,1200.0,12000.0
2020-03-05,2020030501013298,SKBBL,53,14,15,1190.0,17850.0
2020-03-05,2020030501013405,SLICL,8,29,300,480.0,144000.0
2020-03-05,2020030501013404,SLICL,8,53,20,480.0,9600.0
2020-03-05,2020030501013161,SMATA,34,39,10,748.0,7480.0
2020-03-05,2020030501013171,SMB,48,35,10,916.0,9160.0
2020-03-05,2020030501013156,SMB,1,34,20,933.0,18660.0
2020-03-05,2020030501013087,SMB,44,34,200,933.0,186600.0
2020-03-05,2020030501013425,SMFBS,57,32,10,1020.0,10200.0
2020-03-05,2020030501013388,SPARS,38,4,20,844.0,16880.0
2020-03-05,2020030501013194,SPARS,58,45,100,830.0,83000.0
2020-03-05,2020030501013308,SRBL,19,40,100,265.0,26500.0
2020-03-05,2020030501013219,SRBL,14,39,1000,264.0,264000.0
2020-03-05,2020030501013218,SRBL,14,35,290,264.0,76560.0
2020-03-05,2020030501013333,STC,19,25,20,2649.0,52980.0
2020-03-05,2020030501013332,STC,19,33,10,2649.0,26490.0
2020-03-05,2020030501013331,STC,19,39,20,2649.0,52980.0
2020-03-05,2020030501013107,TMDBL,14,28,100,208.0,20800.0
2020-03-05,2020030501013106,TMDBL,14,58,136,208.0,28288.0
2020-03-05,2020030501013172,UMHL,34,45,10,107.0,1070.0
2020-03-05,2020030501013329,UPPER,22,43,40,235.0,9400.0
2020-03-05,2020030501013213,UPPER,52,45,50,236.0,11800.0
2020-03-05,2020030501013263,VLBS,41,57,126,1060.0,133560.0
2020-03-05,2020030501013461,WOMI,39,51,20,1105.0,22100.0
2020-03-05,2020030501013142,WOMI,14,39,100,1105.0,110500.0
2020-03-05,2020030501013079,WOMI,43,39,100,1105.0,110500.0
2020-03-05,2020030501013078,WOMI,43,41,100,1104.0,110400.0
2020-03-05,2020030501017299,AKPL,36,44,13,126.0,1638.0
2020-03-05,2020030501017512,ALICL,57,43,600,594.0,356400.0
2020-03-05,2020030501017418,ALICL,48,45,50,590.0,29500.0
2020-03-05,2020030501017302,ALICL,41,43,100,586.0,58600.0
2020-03-05,2020030501017201,ALICL,48,38,87,580.0,50460.0
2020-03-05,2020030501017104,ALICL,44,38,13,580.0,7540.0
2020-03-05,2020030501017103,ALICL,44,48,187,580.0,108460.0
2020-03-05,2020030501017075,ALICL,45,48,300,580.0,174000.0
2020-03-05,2020030501017382,API,8,45,151,132.0,19932.0
2020-03-05,2020030501017372,BNT,40,55,10,7423.0,74230.0
2020-03-05,2020030501017037,BNT,40,58,10,7278.0,72780.0
2020-03-05,2020030501017502,BOKL,55,6,100,249.0,24900.0
2020-03-05,2020030501017426,BOKL,6,6,189,249.0,47061.0
2020-03-05,2020030501017425,BOKL,6,44,111,249.0,27639.0
2020-03-05,2020030501017196,BOKL,6,44,135,249.0,33615.0
2020-03-05,2020030501017113,BOKL,42,41,100,248.0,24800.0
2020-03-05,2020030501017112,BOKL,42,44,20,248.0,4960.0
2020-03-05,2020030501017315,BPCL,10,44,11,361.0,3971.0
2020-03-05,2020030501017453,CBBL,58,40,139,1097.0,152483.0
2020-03-05,2020030501017452,CBBL,58,51,350,1096.0,383600.0
2020-03-05,2020030501017451,CBBL,58,48,11,1090.0,11990.0
2020-03-05,2020030501017407,CBL,48,32,16,148.0,2368.0
2020-03-05,2020030501017379,CBL,48,52,76,148.0,11248.0
2020-03-05,2020030501017374,CBL,48,47,51,148.0,7548.0
2020-03-05,2020030501017296,CBL,38,38,1,149.0,149.0
2020-03-05,2020030501017510,CCBL,38,13,933,186.0,173538.0
2020-03-05,2020030501017466,CCBL,50,13,67,186.0,12462.0
2020-03-05,2020030501017465,CCBL,50,58,183,186.0,34038.0
2020-03-05,2020030501017436,CCBL,50,58,250,186.0,46500.0
2020-03-05,2020030501017419,CCBL,26,32,10,185.0,1850.0
2020-03-05,2020030501017410,CCBL,17,58,200,186.0,37200.0
2020-03-05,2020030501017221,CCBL,11,58,50,186.0,9300.0
2020-03-05,2020030501017199,CCBL,14,58,300,186.0,55800.0
2020-03-05,2020030501017180,CCBL,1,58,100,186.0,18600.0
2020-03-05,2020030501017141,CCBL,25,58,417,186.0,77562.0
2020-03-05,2020030501017140,CCBL,25,34,83,186.0,15438.0
2020-03-05,2020030501017071,CCBL,26,41,300,185.0,55500.0
2020-03-05,2020030501017164,CHCL,22,14,200,418.0,83600.0
2020-03-05,2020030501017331,CHL,47,44,25,95.0,2375.0
2020-03-05,2020030501017518,CZBIL,51,47,70,205.0,14350.0
2020-03-05,2020030501017454,CZBIL,38,38,2,206.0,412.0
2020-03-05,2020030501017215,CZBIL,13,50,100,206.0,20600.0
2020-03-05,2020030501017175,CZBIL,25,50,20,206.0,4120.0
2020-03-05,2020030501017159,CZBIL,25,42,75,205.0,15375.0
2020-03-05,2020030501017158,CZBIL,25,21,133,205.0,27265.0
2020-03-05,2020030501017076,CZBIL,29,40,26,204.0,5304.0
2020-03-05,2020030501017043,CZBIL,29,57,67,204.0,13668.0
2020-03-05,2020030501017042,CZBIL,57,57,133,204.0,27132.0
2020-03-05,2020030501017480,DDBL,21,51,57,900.0,51300.0
2020-03-05,2020030501017394,DDBL,21,38,110,900.0,99000.0
2020-03-05,2020030501017358,DDBL,45,45,90,888.0,79920.0
2020-03-05,2020030501017345,DDBL,32,45,100,888.0,88800.0
2020-03-05,2020030501017320,DDBL,37,45,300,888.0,266400.0
2020-03-05,2020030501017316,DDBL,21,22,83,887.0,73621.0
2020-03-05,2020030501017248,DDBL,21,40,50,885.0,44250.0
2020-03-05,2020030501017223,DDBL,5,40,50,885.0,44250.0
2020-03-05,2020030501017160,DDBL,42,22,17,887.0,15079.0
2020-03-05,2020030501017269,DHPL,28,49,10,51.0,510.0
2020-03-05,2020030501017475,EBL,11,50,100,755.0,75500.0
2020-03-05,2020030501017447,EBL,57,50,50,755.0,37750.0
2020-03-05,2020030501017446,EBL,35,45,59,746.0,44014.0
2020-03-05,2020030501017445,EBL,42,45,81,746.0,60426.0
2020-03-05,2020030501017444,EBL,29,45,10,747.0,7470.0
2020-03-05,2020030501017161,EBL,42,41,119,746.0,88774.0
2020-03-05,2020030501017045,EBL,58,48,414,745.0,308430.0
2020-03-05,2020030501017456,EIC,1,17,100,418.0,41800.0
2020-03-05,2020030501017198,EIC,56,28,500,416.0,208000.0
2020-03-05,2020030501017097,EIC,43,45,1000,414.0,414000.0
2020-03-05,2020030501017096,EIC,43,21,400,414.0,165600.0
2020-03-05,2020030501017095,EIC,43,57,240,414.0,99360.0
2020-03-05,2020030501017094,EIC,43,17,445,410.0,182450.0
2020-03-05,2020030501017093,EIC,43,43,450,409.0,184050.0
2020-03-05,2020030501017092,EIC,43,56,93,408.0,37944.0
2020-03-05,2020030501017091,EIC,43,29,200,408.0,81600.0
2020-03-05,2020030501017090,EIC,43,34,29,406.0,11774.0
2020-03-05,2020030501017066,EIC,43,34,150,406.0,60900.0
2020-03-05,2020030501017065,EIC,43,52,550,405.0,222750.0
2020-03-05,2020030501017231,FMDBL,38,39,950,530.0,503500.0
2020-03-05,2020030501017230,FMDBL,38,18,50,529.0,26450.0
2020-03-05,2020030501017195,FMDBL,43,45,20,525.0,10500.0
2020-03-05,2020030501017194,FMDBL,43,32,740,525.0,388500.0
2020-03-05,2020030501017172,FMDBL,1,32,50,525.0,26250.0
2020-03-05,2020030501017171,FMDBL,1,6,50,525.0,26250.0
2020-03-05,2020030501017108,FMDBL,38,18,100,517.0,51700.0
2020-03-05,2020030501017150,FMDBL,38,16,15,520.0,7800.0
2020-03-05,2020030501017149,FMDBL,38,29,35,520.0,18200.0
2020-03-05,2020030501017148,FMDBL,38,56,302,520.0,157040.0
2020-03-05,2020030501017147,FMDBL,38,57,1000,520.0,520000.0
2020-03-05,2020030501017146,FMDBL,38,21,100,518.0,51800.0
2020-03-05,2020030501017145,FMDBL,38,18,400,517.0,206800.0
2020-03-05,2020030501017513,FOWAD,45,19,19,1526.0,28994.0
2020-03-05,2020030501017457,FOWAD,1,14,200,1548.0,309600.0
2020-03-05,2020030501017396,FOWAD,50,52,19,1525.0,28975.0
2020-03-05,2020030501017393,FOWAD,45,45,49,1540.0,75460.0
2020-03-05,2020030501017074,FOWAD,45,39,31,1521.0,47151.0
2020-03-05,2020030501017424,GBBL,58,41,40,244.0,9760.0
2020-03-05,2020030501017389,GBBL,5,51,500,243.0,121500.0
2020-03-05,2020030501017524,GBIME,51,42,20,289.0,5780.0
2020-03-05,2020030501017432,GBIME,4,32,23,287.0,6601.0
2020-03-05,2020030501017378,GBIME,59,42,10,289.0,2890.0
2020-03-05,2020030501017072,GBIME,4,6,18,287.0,5166.0
2020-03-05,2020030501017531,GBLBS,5,34,100,510.0,51000.0
2020-03-05,2020030501017528,GBLBS,41,34,50,510.0,25500.0
2020-03-05,2020030501017527,GBLBS,41,19,200,510.0,102000.0
2020-03-05,2020030501017526,GBLBS,41,54,250,510.0,127500.0
2020-03-05,2020030501017406,GBLBS,56,47,100,507.0,50700.0
2020-03-05,2020030501017385,GBLBS,45,36,15,507.0,7605.0
2020-03-05,2020030501017274,GBLBS,58,48,15,505.0,7575.0
2020-03-05,2020030501017218,GBLBS,34,54,500,510.0,255000.0
2020-03-05,2020030501017176,GBLBS,58,54,200,510.0,102000.0
2020-03-05,2020030501017152,GBLBS,56,54,500,510.0,255000.0
2020-03-05,2020030501017131,GBLBS,22,36,15,505.0,7575.0
2020-03-05,2020030501017318,GGBSL,7,42,10,837.0,8370.0
2020-03-05,2020030501017317,GGBSL,7,35,10,830.0,8300.0
2020-03-05,2020030501017119,GGBSL,38,45,10,821.0,8210.0
2020-03-05,2020030501017099,GGBSL,7,22,10,836.0,8360.0
2020-03-05,2020030501017511,GLICL,45,50,135,493.0,66555.0
2020-03-05,2020030501017471,GLICL,19,50,50,493.0,24650.0
2020-03-05,2020030501017434,GLICL,34,46,80,491.0,39280.0
2020-03-05,2020030501017414,GLICL,25,46,300,491.0,147300.0
2020-03-05,2020030501017413,GLICL,5,46,100,491.0,49100.0
2020-03-05,2020030501017412,GLICL,38,46,20,492.0,9840.0
2020-03-05,2020030501017383,GLICL,38,48,29,492.0,14268.0
2020-03-05,2020030501017373,GLICL,39,48,50,492.0,24600.0
2020-03-05,2020030501017294,GLICL,53,50,50,493.0,24650.0
2020-03-05,2020030501017135,GLICL,35,50,188,493.0,92684.0
2020-03-05,2020030501017134,GLICL,38,50,45,493.0,22185.0
2020-03-05,2020030501017077,GLICL,6,50,100,493.0,49300.0
2020-03-05,2020030501017435,HBL,4,17,52,610.0,31720.0
2020-03-05,2020030501017504,HDL,39,4,50,1639.0,81950.0
2020-03-05,2020030501017499,HDL,58,4,30,1639.0,49170.0
2020-03-05,2020030501017129,HDL,37,53,140,1630.0,228200.0
2020-03-05,2020030501017118,HDL,19,53,100,1630.0,163000.0
2020-03-05,2020030501017060,HDL,37,41,100,1625.0,162500.0
2020-03-05,2020030501017321,HGI,52,41,20,400.0,8000.0
2020-03-05,2020030501017295,HIDCL,38,42,20,137.0,2740.0
2020-03-05,2020030501017261,HIDCL,6,51,15,139.0,2085.0
2020-03-05,2020030501017260,HIDCL,6,33,185,139.0,25715.0
2020-03-05,2020030501017259,HIDCL,6,42,800,138.0,110400.0
2020-03-05,2020030501017343,HPPL,50,44,10,144.0,1440.0
2020-03-05,2020030501017247,HPPL,50,46,10,144.0,1440.0
2020-03-05,2020030501017498,IGI,33,48,200,433.0,86600.0
2020-03-05,2020030501017197,IGI,32,48,50,433.0,21650.0
2020-03-05,2020030501017193,IGI,55,48,10,433.0,4330.0
2020-03-05,2020030501017256,IGI,32,48,50,433.0,21650.0
2020-03-05,2020030501017297,ILBS,41,56,10,748.0,7480.0
2020-03-05,2020030501017286,ILBS,55,45,10,750.0,7500.0
2020-03-05,2020030501017233,ILBS,41,52,10,748.0,7480.0
2020-03-05,2020030501017349,JBBL,58,33,1000,191.0,191000.0
2020-03-05,2020030501017039,JBBL,25,51,68,190.0,12920.0
2020-03-05,2020030501017525,JFL,28,51,882,177.0,156114.0
2020-03-05,2020030501017288,KBL,39,58,1000,211.0,211000.0
2020-03-05,2020030501017163,KBL,43,51,100,210.0,21000.0
2020-03-05,2020030501017162,KBL,43,42,42,210.0,8820.0
2020-03-05,2020030501017450,KMCDB,58,32,13,899.0,11687.0
2020-03-05,2020030501017217,KMCDB,17,29,10,900.0,9000.0
2020-03-05,2020030501017216,KMCDB,17,7,10,900.0,9000.0
2020-03-05,2020030501017156,KMCDB,58,42,500,899.0,449500.0
2020-03-05,2020030501017155,KMCDB,58,19,100,899.0,89900.0
2020-03-05,2020030501017154,KMCDB,58,21,10,890.0,8900.0
2020-03-05,2020030501017049,KMCDB,34,48,10,882.0,8820.0
2020-03-05,2020030501017041,KMCDB,34,48,10,882.0,8820.0
2020-03-05,2020030501017040,KSBBL,45,52,104,168.0,17472.0
2020-03-05,2020030501017252,LBL,13,58,92,230.0,21160.0
2020-03-05,2020030501017251,LBL,13,48,20,229.0,4580.0
2020-03-05,2020030501017035,LBL,51,41,350,227.0,79450.0
2020-03-05,2020030501017423,MBL,52,48,300,250.0,75000.0
2020-03-05,2020030501017101,MBL,35,14,1625,248.0,403000.0
2020-03-05,2020030501017421,MDB,17,1,424,450.0,190800.0
2020-03-05,2020030501017420,MDB,17,41,553,450.0,248850.0
2020-03-05,2020030501017497,MEGA,41,45,337,232.0,78184.0
2020-03-05,2020030501017496,MEGA,41,57,163,232.0,37816.0
2020-03-05,2020030501017495,MEGA,41,14,500,232.0,116000.0
2020-03-05,2020030501017469,MEGA,52,42,45,231.0,10395.0
2020-03-05,2020030501017062,MEGA,16,22,20,229.0,4580.0
2020-03-05,2020030501017032,MERO,41,21,43,651.0,27993.0
2020-03-05,2020030501017184,MERO,16,45,93,665.0,61845.0
2020-03-05,2020030501017174,MERO,49,49,100,664.0,66400.0
2020-03-05,2020030501017173,MERO,49,44,100,664.0,66400.0
2020-03-05,2020030501017157,MERO,49,49,500,663.0,331500.0
2020-03-05,2020030501017056,MERO,14,34,85,658.0,55930.0
2020-03-05,2020030501017281,MERO,38,45,73,671.0,48983.0
2020-03-05,2020030501017267,MERO,42,45,27,671.0,18117.0
2020-03-05,2020030501017266,MERO,42,25,50,671.0,33550.0
2020-03-05,2020030501017265,MERO,42,47,50,671.0,33550.0
2020-03-05,2020030501017264,MERO,42,45,43,670.0,28810.0
2020-03-05,2020030501017263,MERO,42,46,30,670.0,20100.0
2020-03-05,2020030501017285,MERO,38,45,39,671.0,26169.0
2020-03-05,2020030501017284,MERO,38,45,158,671.0,106018.0
2020-03-05,2020030501017283,MERO,38,32,20,671.0,13420.0
2020-03-05,2020030501017282,MERO,38,57,14,671.0,9394.0
2020-03-05,2020030501017433,MERO,29,45,100,675.0,67500.0
2020-03-05,2020030501017417,MERO,41,43,50,670.0,33500.0
2020-03-05,2020030501017360,MERO,41,40,100,670.0,67000.0
2020-03-05,2020030501017350,MERO,35,40,100,670.0,67000.0
2020-03-05,2020030501017491,MFIL,4,29,321,319.0,102399.0
2020-03-05,2020030501017293,MFIL,4,16,700,319.0,223300.0
2020-03-05,2020030501017292,MFIL,4,11,500,319.0,159500.0
2020-03-05,2020030501017291,MFIL,4,25,2305,319.0,735295.0
2020-03-05,2020030501017290,MFIL,4,28,563,319.0,179597.0
2020-03-05,2020030501017289,MFIL,4,38,178,319.0,56782.0
2020-03-05,2020030501017191,MFIL,4,38,1000,319.0,319000.0
2020-03-05,2020030501017136,MFIL,4,38,1002,319.0,319638.0
2020-03-05,2020030501017061,MFIL,4,38,1000,319.0,319000.0
2020-03-05,2020030501017238,MLBBL,38,48,172,778.0,133816.0
2020-03-05,2020030501017188,MLBBL,38,48,65,778.0,50570.0
2020-03-05,2020030501017048,MLBBL,34,48,10,778.0,7780.0
2020-03-05,2020030501017529,MLBL,38,14,214,224.0,47936.0
2020-03-05,2020030501017521,MLBL,38,14,149,224.0,33376.0
2020-03-05,2020030501017520,MLBL,38,51,61,223.0,13603.0
2020-03-05,2020030501017517,MLBL,48,6,100,221.0,22100.0
2020-03-05,2020030501017516,MLBL,17,6,477,221.0,105417.0
2020-03-05,2020030501017493,MLBL,17,47,23,221.0,5083.0
2020-03-05,2020030501017207,MLBL,38,49,100,223.0,22300.0
2020-03-05,2020030501017255,MLBL,38,16,194,223.0,43262.0
2020-03-05,2020030501017243,MLBL,38,16,193,223.0,43039.0
2020-03-05,2020030501017241,MLBL,34,14,1159,222.0,257298.0
2020-03-05,2020030501017235,MLBL,38,16,189,223.0,42147.0
2020-03-05,2020030501017222,MLBL,38,16,179,223.0,39917.0
2020-03-05,2020030501017208,MLBL,38,16,79,223.0,17617.0
2020-03-05,2020030501017348,MLBL,38,51,31,223.0,6913.0
2020-03-05,2020030501017300,MLBL,38,16,166,223.0,37018.0
2020-03-05,2020030501017369,MLBL,38,51,204,223.0,45492.0
2020-03-05,2020030501017359,MLBL,38,51,204,223.0,45492.0
2020-03-05,2020030501017472,MNBBL,45,32,13,334.0,4342.0
2020-03-05,2020030501017409,MNBBL,57,40,50,336.0,16800.0
2020-03-05,2020030501017381,MNBBL,57,32,47,336.0,15792.0
2020-03-05,2020030501017276,MNBBL,45,45,82,335.0,27470.0
2020-03-05,2020030501017275,MNBBL,45,48,762,335.0,255270.0
2020-03-05,2020030501017249,MNBBL,11,48,50,335.0,16750.0
2020-03-05,2020030501017078,MNBBL,38,33,1677,334.0,560118.0
2020-03-05,2020030501017107,MPFL,32,59,365,127.0,46355.0
2020-03-05,2020030501017106,MPFL,51,59,135,127.0,17145.0
2020-03-05,2020030501017530,MSMBS,58,40,11,787.0,8657.0
2020-03-05,2020030501017487,NABIL,40,32,16,838.0,13408.0
2020-03-05,2020030501017342,NABIL,34,28,100,837.0,83700.0
2020-03-05,2020030501017341,NABIL,57,28,100,838.0,83800.0
2020-03-05,2020030501017268,NABIL,34,28,100,839.0,83900.0
2020-03-05,2020030501017153,NABIL,6,34,10,848.0,8480.0
2020-03-05,2020030501017047,NABIL,25,32,10,845.0,8450.0
2020-03-05,2020030501017232,NADEP,34,36,23,710.0,16330.0
2020-03-05,2020030501017182,NADEP,34,45,23,710.0,16330.0
2020-03-05,2020030501017181,NADEP,34,50,100,710.0,71000.0
2020-03-05,2020030501017126,NADEP,34,56,10,700.0,7000.0
2020-03-05,2020030501017125,NADEP,34,42,23,695.0,15985.0
2020-03-05,2020030501017490,NBB,13,45,1400,226.0,316400.0
2020-03-05,2020030501017438,NBB,13,48,20,225.0,4500.0
2020-03-05,2020030501017437,NBB,13,14,2033,225.0,457425.0
2020-03-05,2020030501017397,NBB,29,14,1000,225.0,225000.0
2020-03-05,2020030501017214,NBB,5,14,300,225.0,67500.0
2020-03-05,2020030501017335,NBL,37,38,140,285.0,39900.0
2020-03-05,2020030501017411,NCCB,58,45,300,201.0,60300.0
2020-03-05,2020030501017219,NCCB,48,25,100,202.0,20200.0
2020-03-05,2020030501017213,NCCB,42,25,47,202.0,9494.0
2020-03-05,2020030501017166,NCCB,29,25,500,202.0,101000.0
2020-03-05,2020030501017105,NCCB,41,52,450,202.0,90900.0
2020-03-05,2020030501017073,NCCB,58,42,29,201.0,5829.0
2020-03-05,2020030501017258,NEF,35,1,3207,8.45,27099.15
2020-03-05,2020030501017400,NGPL,41,21,10,118.0,1180.0
2020-03-05,2020030501017430,NHDL,47,39,50,149.0,7450.0
2020-03-05,2020030501017380,NIB,52,17,50,421.0,21050.0
2020-03-05,2020030501017354,NIB,42,17,500,421.0,210500.0
2020-03-05,2020030501017225,NIB,1,42,44,420.0,18480.0
2020-03-05,2020030501017224,NIB,1,42,65,418.0,27170.0
2020-03-05,2020030501017507,NIBPO,19,4,500,359.0,179500.0
2020-03-05,2020030501017488,NICL,40,21,200,466.0,93200.0
2020-03-05,2020030501017458,NICL,39,21,10,466.0,4660.0
2020-03-05,2020030501017117,NICL,13,33,842,457.0,384794.0
2020-03-05,2020030501017116,NICL,50,33,150,460.0,69000.0
2020-03-05,2020030501017115,NICL,16,33,29,460.0,13340.0
2020-03-05,2020030501017114,NICL,50,33,60,461.0,27660.0
2020-03-05,2020030501017501,NIL,57,10,2000,595.0,1190000.0
2020-03-05,2020030501017477,NIL,36,34,169,595.0,100555.0
2020-03-05,2020030501017476,NIL,43,34,15,595.0,8925.0
2020-03-05,2020030501017387,NIL,43,48,85,595.0,50575.0
2020-03-05,2020030501017277,NIL,52,33,284,592.0,168128.0
2020-03-05,2020030501017177,NIL,58,50,830,590.0,489700.0
2020-03-05,2020030501017151,NIL,5,50,60,590.0,35400.0
2020-03-05,2020030501017242,NLBBL,52,6,100,775.0,77500.0
2020-03-05,2020030501017228,NLBBL,59,21,110,770.0,84700.0
2020-03-05,2020030501017227,NLBBL,44,21,43,770.0,33110.0
2020-03-05,2020030501017064,NLBBL,44,32,57,770.0,43890.0
2020-03-05,2020030501017063,NLBBL,44,29,100,770.0,77000.0
2020-03-05,2020030501017429,NLG,35,48,500,640.0,320000.0
2020-03-05,2020030501017489,NLIC,53,13,40,1260.0,50400.0
2020-03-05,2020030501017464,NLIC,46,13,100,1260.0,126000.0
2020-03-05,2020030501017463,NLIC,46,7,62,1260.0,78120.0
2020-03-05,2020030501017462,NLIC,46,21,37,1260.0,46620.0
2020-03-05,2020030501017461,NLIC,46,19,151,1259.0,190109.0
2020-03-05,2020030501017405,NLIC,5,21,53,1260.0,66780.0
2020-03-05,2020030501017363,NLIC,40,42,22,1259.0,27698.0
2020-03-05,2020030501017362,NLIC,40,45,22,1256.0,27632.0
2020-03-05,2020030501017165,NLIC,14,57,22,1254.0,27588.0
2020-03-05,2020030501017120,NLIC,40,39,100,1259.0,125900.0
2020-03-05,2020030501017054,NLIC,1,50,40,1255.0,50200.0
2020-03-05,2020030501017404,NLIC,5,38,72,1260.0,90720.0
2020-03-05,2020030501017403,NLIC,5,17,500,1260.0,630000.0
2020-03-05,2020030501017402,NLIC,5,5,200,1260.0,252000.0
2020-03-05,2020030501017401,NLIC,5,52,175,1260.0,220500.0
2020-03-05,2020030501017377,NLIC,47,52,25,1260.0,31500.0
2020-03-05,2020030501017364,NLIC,40,6,100,1259.0,125900.0
2020-03-05,2020030501017368,NLICL,50,21,112,722.0,80864.0
2020-03-05,2020030501017367,NLICL,50,1,88,720.0,63360.0
2020-03-05,2020030501017314,NLICL,36,1,412,720.0,296640.0
2020-03-05,2020030501017313,NLICL,36,39,1000,720.0,720000.0
2020-03-05,2020030501017312,NLICL,36,41,539,719.0,387541.0
2020-03-05,2020030501017311,NLICL,36,21,349,719.0,250931.0
2020-03-05,2020030501017310,NLICL,36,14,200,719.0,143800.0
2020-03-05,2020030501017309,NLICL,36,44,1000,718.0,718000.0
2020-03-05,2020030501017500,NMB,34,32,69,464.0,32016.0
2020-03-05,2020030501017460,NMB,34,51,400,464.0,185600.0
2020-03-05,2020030501017416,NMB,34,51,100,464.0,46400.0
2020-03-05,2020030501017371,NMB,34,29,100,464.0,46400.0
2020-03-05,2020030501017270,NMB,32,6,100,465.0,46500.0
2020-03-05,2020030501017111,NMB,34,38,300,464.0,139200.0
2020-03-05,2020030501017057,NMB,34,8,400,462.0,184800.0
2020-03-05,2020030501017053,NMB,34,34,152,461.0,70072.0
2020-03-05,2020030501017046,NMB,53,32,100,461.0,46100.0
2020-03-05,2020030501017110,NMB,34,26,1000,464.0,464000.0
2020-03-05,2020030501017109,NMB,34,28,200,463.0,92600.0
2020-03-05,2020030501017087,NMB,17,28,200,463.0,92600.0
2020-03-05,2020030501017070,NMB,34,32,17,462.0,7854.0
2020-03-05,2020030501017069,NMB,34,32,100,462.0,46200.0
2020-03-05,2020030501017058,NMB,34,38,500,462.0,231000.0
2020-03-05,2020030501017486,NMBMF,51,4,10,870.0,8700.0
2020-03-05,2020030501017448,NMBMF,45,4,50,870.0,43500.0
2020-03-05,2020030501017086,NMBMF,38,4,103,865.0,89095.0
2020-03-05,2020030501017085,NMBMF,38,4,103,865.0,89095.0
2020-03-05,2020030501017084,NMBMF,38,4,103,865.0,89095.0
2020-03-05,2020030501017083,NMBMF,38,58,15,865.0,12975.0
2020-03-05,2020030501017082,NMBMF,38,58,15,865.0,12975.0
2020-03-05,2020030501017081,NMBMF,38,58,15,865.0,12975.0
2020-03-05,2020030501017080,NMBMF,38,58,15,865.0,12975.0
2020-03-05,2020030501017079,NMBMF,38,58,15,865.0,12975.0
2020-03-05,2020030501017067,NMBMF,38,22,250,864.0,216000.0
2020-03-05,2020030501017479,NSEWA,26,32,50,740.0,37000.0
2020-03-05,2020030501017138,NSEWA,45,55,100,728.0,72800.0
2020-03-05,2020030501017137,NSEWA,48,55,10,729.0,7290.0
2020-03-05,2020030501017209,NUBL,26,5,124,1018.0,126232.0
2020-03-05,2020030501017200,OHL,42,6,10,462.0,4620.0
2020-03-05,2020030501017514,PCBL,21,21,20,303.0,6060.0
2020-03-05,2020030501017508,PCBL,21,32,10,303.0,3030.0
2020-03-05,2020030501017415,PCBL,42,13,270,304.0,82080.0
2020-03-05,2020030501017339,PIC,10,38,138,614.0,84732.0
2020-03-05,2020030501017338,PIC,10,6,100,613.0,61300.0
2020-03-05,2020030501017337,PIC,10,22,10,612.0,6120.0
2020-03-05,2020030501017336,PIC,10,25,20,609.0,12180.0
2020-03-05,2020030501017250,PIC,8,36,20,605.0,12100.0
2020-03-05,2020030501017211,PIC,58,10,300,602.0,180600.0
2020-03-05,2020030501017190,PIC,58,57,20,602.0,12040.0
2020-03-05,2020030501017484,PLIC,37,45,200,603.0,120600.0
2020-03-05,2020030501017455,PLIC,57,46,100,603.0,60300.0
2020-03-05,2020030501017442,PLIC,55,57,100,600.0,60000.0
2020-03-05,2020030501017441,PLIC,55,38,30,600.0,18000.0
2020-03-05,2020030501017440,PLIC,55,7,500,600.0,300000.0
2020-03-05,2020030501017439,PLIC,55,16,200,600.0,120000.0
2020-03-05,2020030501017473,PMHPL,25,36,10,84.0,840.0
2020-03-05,2020030501017398,PRIN,17,48,27,450.0,12150.0
2020-03-05,2020030501017280,PRVU,46,45,881,254.0,223774.0
2020-03-05,2020030501017279,PRVU,34,45,7119,254.0,1808226.0
2020-03-05,2020030501017257,PRVU,6,4,200,255.0,51000.0
2020-03-05,2020030501017034,PRVU,34,51,33,254.0,8382.0
2020-03-05,2020030501017033,PRVU,34,14,2848,254.0,723392.0
2020-03-05,2020030501017470,RADHI,51,47,11,176.0,1936.0
2020-03-05,2020030501017326,RADHI,51,48,12,175.0,2100.0
2020-03-05,2020030501017273,RADHI,51,29,100,172.0,17200.0
2020-03-05,2020030501017272,RADHI,51,56,12,172.0,2064.0
2020-03-05,2020030501017271,RADHI,51,28,11,172.0,1892.0
2020-03-05,2020030501017245,RADHI,51,52,12,171.0,2052.0
2020-03-05,2020030501017244,RADHI,51,7,11,171.0,1881.0
2020-03-05,2020030501017100,RBCLPO,42,59,10,8800.0,88000.0
2020-03-05,2020030501017467,RHPL,52,14,40,161.0,6440.0
2020-03-05,2020030501017422,RHPL,41,55,460,160.0,73600.0
2020-03-05,2020030501017384,RHPL,50,44,30,159.0,4770.0
2020-03-05,2020030501017353,RHPL,50,44,30,159.0,4770.0
2020-03-05,2020030501017351,RHPL,50,52,10,159.0,1590.0
2020-03-05,2020030501017303,RHPL,4,55,500,160.0,80000.0
2020-03-05,2020030501017183,RHPL,50,44,30,159.0,4770.0
2020-03-05,2020030501017179,RHPL,52,55,40,160.0,6400.0
2020-03-05,2020030501017133,RHPL,50,44,30,159.0,4770.0
2020-03-05,2020030501017130,RHPL,50,48,30,159.0,4770.0
2020-03-05,2020030501017059,RHPL,50,44,30,159.0,4770.0
2020-03-05,2020030501017301,RHPL,50,48,30,159.0,4770.0
2020-03-05,2020030501017262,RHPL,50,44,30,159.0,4770.0
2020-03-05,2020030501017234,RHPL,50,44,30,159.0,4770.0
2020-03-05,2020030501017229,RHPL,50,35,50,159.0,7950.0
2020-03-05,2020030501017220,RHPL,50,48,30,159.0,4770.0
2020-03-05,2020030501017189,RHPL,50,48,40,159.0,6360.0
2020-03-05,2020030501017089,RMDC,33,42,200,695.0,139000.0
2020-03-05,2020030501017088,RMDC,18,42,50,695.0,34750.0
2020-03-05,2020030501017038,RMDC,19,59,77,700.0,53900.0
2020-03-05,2020030501017399,RRHP,48,44,10,98.0,980.0
2020-03-05,2020030501017246,RRHP,48,36,10,98.0,980.0
2020-03-05,2020030501017523,RSDC,34,36,49,525.0,25725.0
2020-03-05,2020030501017522,RSDC,34,34,351,525.0,184275.0
2020-03-05,2020030501017459,RSDC,20,34,50,525.0,26250.0
2020-03-05,2020030501017355,RSDC,32,16,178,520.0,92560.0
2020-03-05,2020030501017347,RSDC,14,16,50,520.0,26000.0
2020-03-05,2020030501017192,RSDC,51,19,63,519.0,32697.0
2020-03-05,2020030501017121,RSDC,50,59,200,514.0,102800.0
2020-03-05,2020030501017068,RSDC,44,57,55,512.0,28160.0
2020-03-05,2020030501017352,SABSL,26,56,10,815.0,8150.0
2020-03-05,2020030501017307,SADBL,58,57,10,172.0,1720.0
2020-03-05,2020030501017306,SADBL,58,48,100,170.0,17000.0
2020-03-05,2020030501017515,SANIMA,42,45,10,368.0,3680.0
2020-03-05,2020030501017494,SANIMA,51,45,12,368.0,4416.0
2020-03-05,2020030501017240,SANIMA,13,45,1000,366.0,366000.0
2020-03-05,2020030501017239,SANIMA,11,45,50,366.0,18300.0
2020-03-05,2020030501017474,SBI,5,14,479,479.0,229441.0
2020-03-05,2020030501017357,SBL,5,17,813,331.0,269103.0
2020-03-05,2020030501017356,SBL,5,10,20,330.0,6600.0
2020-03-05,2020030501017428,SCB,21,26,20,710.0,14200.0
2020-03-05,2020030501017427,SCB,21,11,40,710.0,28400.0
2020-03-05,2020030501017361,SCB,57,52,10,707.0,7070.0
2020-03-05,2020030501017226,SCB,45,42,26,705.0,18330.0
2020-03-05,2020030501017050,SCB,52,42,20,701.0,14020.0
2020-03-05,2020030501017044,SCB,57,46,20,699.0,13980.0
2020-03-05,2020030501017036,SCB,57,1,246,699.0,171954.0
2020-03-05,2020030501017102,SCB,57,57,20,699.0,13980.0
2020-03-05,2020030501017052,SCB,52,11,10,710.0,7100.0
2020-03-05,2020030501017051,SCB,52,43,20,710.0,14200.0
2020-03-05,2020030501017144,SDESI,45,41,50,942.0,47100.0
2020-03-05,2020030501017143,SDESI,34,41,15,942.0,14130.0
2020-03-05,2020030501017210,SEF,56,34,1500,9.36,14040.0
2020-03-05,2020030501017483,SHIVM,43,6,185,606.0,112110.0
2020-03-05,2020030501017482,SHIVM,33,6,15,608.0,9120.0
2020-03-05,2020030501017388,SHIVM,44,21,10,608.0,6080.0
2020-03-05,2020030501017185,SHIVM,50,57,420,610.0,256200.0
2020-03-05,2020030501017178,SHIVM,44,38,50,608.0,30400.0
2020-03-05,2020030501017128,SHIVM,38,57,480,610.0,292800.0
2020-03-05,2020030501017127,SHIVM,38,41,20,610.0,12200.0
2020-03-05,2020030501017187,SHIVM,50,38,250,610.0,152500.0
2020-03-05,2020030501017186,SHIVM,50,57,50,610.0,30500.0
2020-03-05,2020030501017333,SHL,13,35,1000,184.0,184000.0
2020-03-05,2020030501017332,SHL,13,41,200,184.0,36800.0
2020-03-05,2020030501017323,SHL,13,46,1000,182.0,182000.0
2020-03-05,2020030501017322,SHL,13,35,300,181.0,54300.0
2020-03-05,2020030501017132,SHPC,42,14,50,219.0,10950.0
2020-03-05,2020030501017365,SJCL,53,52,10,154.0,1540.0
2020-03-05,2020030501017308,SJCL,53,48,20,154.0,3080.0
2020-03-05,2020030501017237,SJCL,53,48,10,154.0,1540.0
2020-03-05,2020030501017236,SJCL,56,48,10,154.0,1540.0
2020-03-05,2020030501017170,SJCL,56,48,10,154.0,1540.0
2020-03-05,2020030501017169,SJCL,29,48,10,154.0,1540.0
2020-03-05,2020030501017139,SJCL,29,48,20,154.0,3080.0
2020-03-05,2020030501017168,SKBBL,43,7,10,1163.0,11630.0
2020-03-05,2020030501017142,SKBBL,59,7,10,1163.0,11630.0
2020-03-05,2020030501017098,SLBBL,58,34,10,893.0,8930.0
2020-03-05,2020030501017254,SLBBL,34,32,20,920.0,18400.0
2020-03-05,2020030501017212,SLBBL,34,34,10,910.0,9100.0
2020-03-05,2020030501017325,SLBBL,34,48,400,927.0,370800.0
2020-03-05,2020030501017324,SLBBL,34,50,100,925.0,92500.0
2020-03-05,2020030501017386,SLBSL,7,6,10,914.0,9140.0
2020-03-05,2020030501017519,SLICL,46,6,50,477.0,23850.0
2020-03-05,2020030501017503,SLICL,6,6,100,469.0,46900.0
2020-03-05,2020030501017124,SLICL,13,1,300,471.0,141300.0
2020-03-05,2020030501017123,SLICL,13,5,210,471.0,98910.0
2020-03-05,2020030501017122,SLICL,13,5,100,470.0,47000.0
2020-03-05,2020030501017392,SPARS,35,18,10,860.0,8600.0
2020-03-05,2020030501017391,SPARS,35,29,10,860.0,8600.0
2020-03-05,2020030501017390,SPARS,35,26,10,860.0,8600.0
2020-03-05,2020030501017431,SPDL,14,44,15,101.0,1515.0
2020-03-05,2020030501017376,SRBL,34,45,1000,263.0,263000.0
2020-03-05,2020030501017278,SRBL,37,45,1000,263.0,263000.0
2020-03-05,2020030501017055,SRBL,34,21,200,263.0,52600.0
2020-03-05,2020030501017375,UIC,38,57,34,379.0,12886.0
2020-03-05,2020030501017370,UIC,7,57,16,379.0,6064.0
2020-03-05,2020030501017298,UIC,7,44,34,377.0,12818.0
2020-03-05,2020030501017468,UNHPL,22,42,10,63.0,630.0
2020-03-05,2020030501017346,UNHPL,22,42,10,64.0,640.0
2020-03-05,2020030501017287,UNHPL,22,58,10,65.0,650.0
2020-03-05,2020030501017485,UNL,57,32,10,21992.0,219920.0
2020-03-05,2020030501017305,UPCL,4,7,50,77.0,3850.0
2020-03-05,2020030501017304,UPCL,4,7,50,77.0,3850.0
2020-03-05,2020030501017481,UPPER,50,28,100,236.0,23600.0
2020-03-05,2020030501017478,UPPER,22,44,50,235.0,11750.0
2020-03-05,2020030501017449,UPPER,22,36,50,235.0,11750.0
2020-03-05,2020030501017443,UPPER,22,44,40,235.0,9400.0
2020-03-05,2020030501017408,UPPER,22,44,40,235.0,9400.0
2020-03-05,2020030501017204,UPPER,33,46,50,236.0,11800.0
2020-03-05,2020030501017203,UPPER,33,41,100,236.0,23600.0
2020-03-05,2020030501017202,UPPER,33,52,320,236.0,75520.0
2020-03-05,2020030501017167,UPPER,22,36,50,235.0,11750.0
2020-03-05,2020030501017319,UPPER,22,28,50,235.0,11750.0
2020-03-05,2020030501017206,UPPER,33,57,200,236.0,47200.0
2020-03-05,2020030501017205,UPPER,33,41,140,236.0,33040.0
2020-03-05,2020030501017366,UPPER,41,33,292,236.0,68912.0
2020-03-05,2020030501017344,UPPER,41,16,100,236.0,23600.0
2020-03-05,2020030501017340,UPPER,41,52,50,236.0,11800.0
2020-03-05,2020030501017334,UPPER,41,42,50,236.0,11800.0
2020-03-05,2020030501017509,VLBS,53,45,25,1043.0,26075.0
2020-03-05,2020030501017506,VLBS,53,14,50,1040.0,52000.0
2020-03-05,2020030501017505,VLBS,53,45,15,1035.0,15525.0
2020-03-05,2020030501017330,VLBS,26,57,40,1020.0,40800.0
2020-03-05,2020030501017329,VLBS,26,17,13,1020.0,13260.0
2020-03-05,2020030501017328,VLBS,26,44,12,1019.0,12228.0
2020-03-05,2020030501017327,VLBS,26,44,26,1019.0,26494.0
2020-03-05,2020030501017492,WOMI,39,34,30,1065.0,31950.0
2020-03-05,2020030501017253,WOMI,1,33,50,1060.0,53000.0
2020-03-05,2020030501012860,ADBL,42,33,100,410.0,41000.0
2020-03-05,2020030501012683,ADBL,7,33,200,410.0,82000.0
2020-03-05,2020030501012718,AKPL,17,46,50,126.0,6300.0
2020-03-05,2020030501012625,AKPL,17,32,500,125.0,62500.0
2020-03-05,2020030501012949,ALBSL,32,58,100,714.0,71400.0
2020-03-05,2020030501012893,ALBSL,29,51,389,711.0,276579.0
2020-03-05,2020030501012700,ALBSL,50,51,11,711.0,7821.0
2020-03-05,2020030501012854,ALICL,36,32,500,595.0,297500.0
2020-03-05,2020030501012791,ALICL,48,32,500,590.0,295000.0
2020-03-05,2020030501012555,ALICL,21,14,375,589.0,220875.0
2020-03-05,2020030501012837,BOKL,28,50,112,248.0,27776.0
2020-03-05,2020030501012589,BOKL,59,50,300,248.0,74400.0
2020-03-05,2020030501012972,BPCL,40,43,234,363.0,84942.0
2020-03-05,2020030501012885,BPCL,14,43,250,363.0,90750.0
2020-03-05,2020030501012901,CBL,28,37,326,149.0,48574.0
2020-03-05,2020030501012900,CBL,28,49,174,149.0,25926.0
2020-03-05,2020030501012846,CBL,35,49,300,149.0,44700.0
2020-03-05,2020030501012624,CBL,13,49,500,149.0,74500.0
2020-03-05,2020030501012604,CBL,13,49,500,149.0,74500.0
2020-03-05,2020030501012806,CCBL,13,45,10,186.0,1860.0
2020-03-05,2020030501012699,CCBL,57,17,20,184.0,3680.0
2020-03-05,2020030501012698,CCBL,46,17,66,184.0,12144.0
2020-03-05,2020030501012682,CCBL,59,45,29,186.0,5394.0
2020-03-05,2020030501012681,CCBL,59,26,21,186.0,3906.0
2020-03-05,2020030501012851,CFCL,4,45,100,149.0,14900.0
2020-03-05,2020030501012694,CFCL,4,45,100,147.0,14700.0
2020-03-05,2020030501012617,CFCL,4,45,50,145.0,7250.0
2020-03-05,2020030501012571,CFCL,4,45,20,143.0,2860.0
2020-03-05,2020030501012554,CFCL,4,45,10,141.0,1410.0
2020-03-05,2020030501012853,CHCL,14,13,300,414.0,124200.0
2020-03-05,2020030501012789,CHCL,14,13,300,414.0,124200.0
2020-03-05,2020030501012733,CHCL,44,13,200,414.0,82800.0
2020-03-05,2020030501012586,CHCL,41,13,200,414.0,82800.0
2020-03-05,2020030501012813,CIT,1,6,20,2733.0,54660.0
2020-03-05,2020030501012812,CIT,1,54,50,2733.0,136650.0
2020-03-05,2020030501012811,CIT,1,45,74,2720.0,201280.0
2020-03-05,2020030501012679,CIT,36,14,200,2718.0,543600.0
2020-03-05,2020030501012645,CIT,34,1,50,2715.0,135750.0
2020-03-05,2020030501012724,CORBL,42,17,40,129.0,5160.0
2020-03-05,2020030501013010,CZBIL,22,45,200,206.0,41200.0
2020-03-05,2020030501012924,CZBIL,34,45,500,206.0,103000.0
2020-03-05,2020030501012603,CZBIL,49,45,250,206.0,51500.0
2020-03-05,2020030501012533,CZBIL,49,5,162,205.0,33210.0
2020-03-05,2020030501012532,CZBIL,54,5,50,205.0,10250.0
2020-03-05,2020030501012563,DDBL,5,51,10,910.0,9100.0
2020-03-05,2020030501012831,EBL,50,49,266,759.0,201894.0
2020-03-05,2020030501012830,EBL,50,34,100,755.0,75500.0
2020-03-05,2020030501012829,EBL,50,25,99,755.0,74745.0
2020-03-05,2020030501012686,EIC,50,22,10,406.0,4060.0
2020-03-05,2020030501012579,EIC,33,43,490,405.0,198450.0
2020-03-05,2020030501012931,FMDBL,53,58,50,549.0,27450.0
2020-03-05,2020030501012930,FMDBL,53,16,200,548.0,109600.0
2020-03-05,2020030501012929,FMDBL,53,38,250,548.0,137000.0
2020-03-05,2020030501012773,FMDBL,57,38,750,548.0,411000.0
2020-03-05,2020030501012772,FMDBL,57,58,50,547.0,27350.0
2020-03-05,2020030501012753,FMDBL,45,58,450,547.0,246150.0
2020-03-05,2020030501012752,FMDBL,45,37,50,546.0,27300.0
2020-03-05,2020030501012691,FMDBL,57,5,200,543.0,108600.0
2020-03-05,2020030501012678,FMDBL,26,38,100,542.0,54200.0
2020-03-05,2020030501012677,FMDBL,26,32,100,541.0,54100.0
2020-03-05,2020030501012676,FMDBL,26,19,100,539.0,53900.0
2020-03-05,2020030501013030,FOWAD,19,25,19,1595.0,30305.0
2020-03-05,2020030501012884,GBBL,49,14,100,245.0,24500.0
2020-03-05,2020030501012612,GBBL,54,19,1000,244.0,244000.0
2020-03-05,2020030501012611,GBBL,54,45,290,244.0,70760.0
2020-03-05,2020030501012610,GBBL,54,13,100,244.0,24400.0
2020-03-05,2020030501012609,GBBL,54,48,73,244.0,17812.0
2020-03-05,2020030501013025,GBIME,57,33,100,288.0,28800.0
2020-03-05,2020030501013021,GBIME,35,33,50,288.0,14400.0
2020-03-05,2020030501012907,GBIME,34,33,2000,288.0,576000.0
2020-03-05,2020030501012861,GBIME,17,33,20,288.0,5760.0
2020-03-05,2020030501012564,GBIME,17,33,50,288.0,14400.0
2020-03-05,2020030501012946,GBLBS,34,28,150,526.0,78900.0
2020-03-05,2020030501012945,GBLBS,34,6,50,526.0,26300.0
2020-03-05,2020030501012927,GBLBS,53,6,450,526.0,236700.0
2020-03-05,2020030501012926,GBLBS,53,1,50,526.0,26300.0
2020-03-05,2020030501012845,GBLBS,41,28,100,523.0,52300.0
2020-03-05,2020030501012820,GBLBS,57,28,100,523.0,52300.0
2020-03-05,2020030501012771,GBLBS,16,28,500,523.0,261500.0
2020-03-05,2020030501012696,GHL,25,35,20,68.0,1360.0
2020-03-05,2020030501012695,GHL,25,35,30,68.0,2040.0
2020-03-05,2020030501012960,GLICL,26,51,159,495.0,78705.0
2020-03-05,2020030501012959,GLICL,26,45,341,495.0,168795.0
2020-03-05,2020030501012958,GLICL,26,59,100,495.0,49500.0
2020-03-05,2020030501012957,GLICL,26,22,360,495.0,178200.0
2020-03-05,2020030501012956,GLICL,26,1,40,493.0,19720.0
2020-03-05,2020030501012906,GLICL,48,25,200,492.0,98400.0
2020-03-05,2020030501012905,GLICL,48,5,15,492.0,7380.0
2020-03-05,2020030501012848,GLICL,8,5,100,492.0,49200.0
2020-03-05,2020030501012654,GLICL,34,5,100,492.0,49200.0
2020-03-05,2020030501012575,GLICL,39,16,59,491.0,28969.0
2020-03-05,2020030501012540,GLICL,40,11,500,490.0,245000.0
2020-03-05,2020030501012680,GMFBS,28,34,10,827.0,8270.0
2020-03-05,2020030501012663,GMFBS,28,26,10,816.0,8160.0
2020-03-05,2020030501012708,HBL,50,57,227,620.0,140740.0
2020-03-05,2020030501012707,HBL,50,49,74,618.0,45732.0
2020-03-05,2020030501012706,HBL,50,35,44,618.0,27192.0
2020-03-05,2020030501012705,HBL,50,6,178,618.0,110004.0
2020-03-05,2020030501012704,HBL,50,28,100,615.0,61500.0
2020-03-05,2020030501012703,HBL,50,58,377,615.0,231855.0
2020-03-05,2020030501012562,HBL,44,58,60,615.0,36900.0
2020-03-05,2020030501013024,HDL,4,57,100,1642.0,164200.0
2020-03-05,2020030501013023,HDL,4,16,100,1642.0,164200.0
2020-03-05,2020030501013022,HDL,4,48,100,1642.0,164200.0
2020-03-05,2020030501012985,HDL,38,42,80,1641.0,131280.0
2020-03-05,2020030501012921,HDL,57,42,100,1641.0,164100.0
2020-03-05,2020030501012902,HDL,44,42,40,1641.0,65640.0
2020-03-05,2020030501012821,HDL,5,42,300,1641.0,492300.0
2020-03-05,2020030501012594,HGI,46,5,416,400.0,166400.0
2020-03-05,2020030501012539,HIDCL,42,1,3894,138.0,537372.0
2020-03-05,2020030501012538,HIDCL,42,50,1100,138.0,151800.0
2020-03-05,2020030501012537,HIDCL,42,6,37,138.0,5106.0
2020-03-05,2020030501012536,HIDCL,42,6,159,138.0,21942.0
2020-03-05,2020030501012535,HIDCL,42,6,159,138.0,21942.0
2020-03-05,2020030501012534,HIDCL,42,35,651,137.0,89187.0
2020-03-05,2020030501012908,HPPL,52,32,10,145.0,1450.0
2020-03-05,2020030501012618,HURJA,32,48,20,102.0,2040.0
2020-03-05,2020030501012899,ILBS,55,43,10,784.0,7840.0
2020-03-05,2020030501012847,ILBS,55,52,20,785.0,15700.0
2020-03-05,2020030501012628,ILBS,55,45,10,770.0,7700.0
2020-03-05,2020030501012745,JBBL,58,17,11,190.0,2090.0
2020-03-05,2020030501012920,JFL,14,17,28,175.0,4900.0
2020-03-05,2020030501013020,KBL,28,19,500,211.0,105500.0
2020-03-05,2020030501013019,KBL,28,45,3000,210.0,630000.0
2020-03-05,2020030501013018,KBL,28,50,2000,210.0,420000.0
2020-03-05,2020030501013017,KBL,28,5,500,210.0,105000.0
2020-03-05,2020030501013016,KBL,28,54,100,210.0,21000.0
2020-03-05,2020030501013015,KBL,28,14,600,210.0,126000.0
2020-03-05,2020030501012549,KBL,16,14,500,209.0,104500.0
2020-03-05,2020030501012548,KBL,16,42,64,209.0,13376.0
2020-03-05,2020030501012547,KBL,16,45,900,209.0,188100.0
2020-03-05,2020030501013014,KBL,28,48,2500,210.0,525000.0
2020-03-05,2020030501013013,KBL,28,25,334,210.0,70140.0
2020-03-05,2020030501013012,KBL,28,59,100,210.0,21000.0
2020-03-05,2020030501013011,KBL,28,56,730,210.0,153300.0
2020-03-05,2020030501012650,KBL,51,56,270,210.0,56700.0
2020-03-05,2020030501012649,KBL,51,51,730,210.0,153300.0
2020-03-05,2020030501012986,KPCL,4,32,11,107.0,1177.0
2020-03-05,2020030501012807,KPCL,4,47,10,107.0,1070.0
2020-03-05,2020030501012732,KPCL,4,58,10,106.0,1060.0
2020-03-05,2020030501012731,KPCL,4,36,10,106.0,1060.0
2020-03-05,2020030501012730,KPCL,4,20,10,106.0,1060.0
2020-03-05,2020030501012729,KPCL,4,45,10,106.0,1060.0
2020-03-05,2020030501012728,KPCL,4,11,10,106.0,1060.0
2020-03-05,2020030501012727,KPCL,4,32,10,106.0,1060.0
2020-03-05,2020030501012550,KSBBL,33,17,2000,170.0,340000.0
2020-03-05,2020030501012991,LBBL,20,45,442,196.0,86632.0
2020-03-05,2020030501012668,LBBL,33,48,18,194.0,3492.0
2020-03-05,2020030501012777,LBBL,14,45,58,196.0,11368.0
2020-03-05,2020030501012993,LBL,14,51,700,234.0,163800.0
2020-03-05,2020030501012953,LBL,14,51,600,234.0,140400.0
2020-03-05,2020030501012843,LBL,25,46,100,232.0,23200.0
2020-03-05,2020030501012842,LBL,25,6,16,232.0,3712.0
2020-03-05,2020030501012841,LBL,25,21,100,232.0,23200.0
2020-03-05,2020030501012840,LBL,25,58,1511,232.0,350552.0
2020-03-05,2020030501012822,LBL,34,58,500,232.0,116000.0
2020-03-05,2020030501012725,LBL,19,37,1000,231.0,231000.0
2020-03-05,2020030501012723,LBL,25,48,16,229.0,3664.0
2020-03-05,2020030501012658,LBL,13,59,90,230.0,20700.0
2020-03-05,2020030501012657,LBL,13,48,10,230.0,2300.0
2020-03-05,2020030501012656,LBL,13,44,2000,230.0,460000.0
2020-03-05,2020030501012912,LGIL,33,14,50,496.0,24800.0
2020-03-05,2020030501012697,LGIL,36,45,100,495.0,49500.0
2020-03-05,2020030501012557,LGIL,17,5,380,490.0,186200.0
2020-03-05,2020030501013008,MEGA,21,44,20,232.0,4640.0
2020-03-05,2020030501012834,MEGA,52,51,100,231.0,23100.0
2020-03-05,2020030501012833,MEGA,52,51,100,231.0,23100.0
2020-03-05,2020030501012716,MEGA,38,51,400,231.0,92400.0
2020-03-05,2020030501012715,MEGA,38,41,20,231.0,4620.0
2020-03-05,2020030501012558,MERO,25,16,50,682.0,34100.0
2020-03-05,2020030501012701,MERO,19,43,50,700.0,35000.0
2020-03-05,2020030501012595,MERO,19,56,20,690.0,13800.0
2020-03-05,2020030501012702,MFIL,38,41,100,319.0,31900.0
2020-03-05,2020030501012642,MLBBL,38,29,20,793.0,15860.0
2020-03-05,2020030501012641,MLBBL,38,49,100,793.0,79300.0
2020-03-05,2020030501012640,MLBBL,38,21,44,793.0,34892.0
2020-03-05,2020030501012639,MLBBL,38,45,100,793.0,79300.0
2020-03-05,2020030501012638,MLBBL,38,21,162,793.0,128466.0
2020-03-05,2020030501012637,MLBBL,38,49,100,793.0,79300.0
2020-03-05,2020030501012636,MLBBL,38,10,60,793.0,47580.0
2020-03-05,2020030501012635,MLBBL,38,41,34,793.0,26962.0
2020-03-05,2020030501012630,MLBBL,38,41,150,793.0,118950.0
2020-03-05,2020030501012607,MLBBL,33,47,40,792.0,31680.0
2020-03-05,2020030501012576,MLBBL,56,48,20,777.0,15540.0
2020-03-05,2020030501013027,MLBL,38,6,166,222.0,36852.0
2020-03-05,2020030501012990,MLBL,38,6,163,222.0,36186.0
2020-03-05,2020030501012970,MLBL,38,6,40,222.0,8880.0
2020-03-05,2020030501012969,MLBL,38,26,115,222.0,25530.0
2020-03-05,2020030501012939,MLBL,38,26,143,222.0,31746.0
2020-03-05,2020030501012892,MLBL,38,26,66,222.0,14652.0
2020-03-05,2020030501012891,MLBL,38,14,76,222.0,16872.0
2020-03-05,2020030501012776,MLBL,14,17,64,220.0,14080.0
2020-03-05,2020030501012989,MNBBL,51,25,100,338.0,33800.0
2020-03-05,2020030501012988,MNBBL,51,45,308,338.0,104104.0
2020-03-05,2020030501012987,MNBBL,51,35,786,338.0,265668.0
2020-03-05,2020030501012975,MNBBL,1,35,328,338.0,110864.0
2020-03-05,2020030501012974,MNBBL,1,50,100,338.0,33800.0
2020-03-05,2020030501012672,MNBBL,35,57,26,336.0,8736.0
2020-03-05,2020030501012671,MNBBL,35,32,60,336.0,20160.0
2020-03-05,2020030501012670,MNBBL,35,19,14,336.0,4704.0
2020-03-05,2020030501012577,MNBBL,44,19,100,336.0,33600.0
2020-03-05,2020030501012973,MNBBL,1,45,47,338.0,15886.0
2020-03-05,2020030501012826,MNBBL,49,41,100,337.0,33700.0
2020-03-05,2020030501012825,MNBBL,52,41,100,337.0,33700.0
2020-03-05,2020030501012710,MNBBL,26,45,3000,336.0,1008000.0
2020-03-05,2020030501012709,MNBBL,26,57,474,336.0,159264.0
2020-03-05,2020030501012955,NABIL,26,58,38,849.0,32262.0
2020-03-05,2020030501012954,NABIL,17,58,200,849.0,169800.0
2020-03-05,2020030501012814,NABIL,3,58,100,849.0,84900.0
2020-03-05,2020030501012780,NABIL,3,48,26,848.0,22048.0
2020-03-05,2020030501012779,NABIL,3,57,116,848.0,98368.0
2020-03-05,2020030501012778,NABIL,3,34,132,848.0,111936.0
2020-03-05,2020030501012623,NABIL,34,28,200,840.0,168000.0
2020-03-05,2020030501012622,NABIL,34,13,249,840.0,209160.0
2020-03-05,2020030501012621,NABIL,34,6,51,840.0,42840.0
2020-03-05,2020030501012620,NABIL,34,57,1360,840.0,1142400.0
2020-03-05,2020030501012619,NABIL,34,56,467,840.0,392280.0
2020-03-05,2020030501012922,NADEP,18,59,15,733.0,10995.0
2020-03-05,2020030501012880,NADEP,45,40,196,719.0,140924.0
2020-03-05,2020030501012782,NADEP,17,40,50,719.0,35950.0
2020-03-05,2020030501012631,NADEP,34,41,300,705.0,211500.0
2020-03-05,2020030501012919,NBB,58,10,200,228.0,45600.0
2020-03-05,2020030501012918,NBB,58,57,404,228.0,92112.0
2020-03-05,2020030501012917,NBB,58,55,674,228.0,153672.0
2020-03-05,2020030501012890,NBB,58,55,326,228.0,74328.0
2020-03-05,2020030501012889,NBB,58,40,500,227.0,113500.0
2020-03-05,2020030501012888,NBB,58,52,1155,227.0,262185.0
2020-03-05,2020030501012887,NBB,58,48,300,227.0,68100.0
2020-03-05,2020030501012886,NBB,58,48,20,226.0,4520.0
2020-03-05,2020030501013026,NBL,45,7,100,285.0,28500.0
2020-03-05,2020030501012976,NBL,32,7,100,285.0,28500.0
2020-03-05,2020030501012950,NBL,45,7,100,285.0,28500.0
2020-03-05,2020030501012948,NBL,42,7,70,285.0,19950.0
2020-03-05,2020030501012947,NBL,42,38,250,285.0,71250.0
2020-03-05,2020030501012613,NBL,40,38,50,285.0,14250.0
2020-03-05,2020030501012878,NCCB,22,49,46,202.0,9292.0
2020-03-05,2020030501012877,NCCB,22,56,267,202.0,53934.0
2020-03-05,2020030501012876,NCCB,22,1,87,202.0,17574.0
2020-03-05,2020030501012875,NCCB,22,28,400,202.0,80800.0
2020-03-05,2020030501012874,NCCB,22,45,267,202.0,53934.0
2020-03-05,2020030501012873,NCCB,22,33,933,202.0,188466.0
2020-03-05,2020030501012868,NCCB,16,33,1000,202.0,202000.0
2020-03-05,2020030501012574,NIB,5,50,17,416.0,7072.0
2020-03-05,2020030501012573,NIB,5,40,250,416.0,104000.0
2020-03-05,2020030501012593,NICA,28,10,1000,577.0,577000.0
2020-03-05,2020030501013031,NICL,34,51,40,470.0,18800.0
2020-03-05,2020030501012911,NICL,51,47,50,469.0,23450.0
2020-03-05,2020030501012910,NICL,51,38,100,469.0,46900.0
2020-03-05,2020030501012909,NICL,51,32,400,469.0,187600.0
2020-03-05,2020030501012606,NICL,39,52,90,468.0,42120.0
2020-03-05,2020030501012600,NICL,39,40,10,468.0,4680.0
2020-03-05,2020030501012599,NICL,39,32,400,468.0,187200.0
2020-03-05,2020030501012568,NICL,53,34,450,465.0,209250.0
2020-03-05,2020030501012567,NICL,53,43,100,465.0,46500.0
2020-03-05,2020030501012897,NIL,53,6,16,596.0,9536.0
2020-03-05,2020030501012896,NIL,53,6,120,596.0,71520.0
2020-03-05,2020030501012895,NIL,53,16,10,595.0,5950.0
2020-03-05,2020030501012894,NIL,53,44,354,595.0,210630.0
2020-03-05,2020030501012765,NIL,13,44,146,595.0,86870.0
2020-03-05,2020030501012764,NIL,13,37,40,595.0,23800.0
2020-03-05,2020030501012763,NIL,13,48,114,595.0,67830.0
2020-03-05,2020030501012712,NIL,55,56,250,592.0,148000.0
2020-03-05,2020030501012711,NIL,55,3,29,592.0,17168.0
2020-03-05,2020030501012648,NIL,59,51,100,590.0,59000.0
2020-03-05,2020030501012647,NIL,59,53,25,590.0,14750.0
2020-03-05,2020030501012646,NIL,59,53,100,589.0,58900.0
2020-03-05,2020030501012933,NLBBL,38,5,43,795.0,34185.0
2020-03-05,2020030501012785,NLBBL,45,33,100,780.0,78000.0
2020-03-05,2020030501012644,NLBBL,38,5,57,780.0,44460.0
2020-03-05,2020030501012643,NLBBL,38,58,93,780.0,72540.0
2020-03-05,2020030501013029,NLIC,49,4,33,1254.0,41382.0
2020-03-05,2020030501012980,NLIC,14,4,467,1254.0,585618.0
2020-03-05,2020030501012979,NLIC,14,34,50,1254.0,62700.0
2020-03-05,2020030501012978,NLIC,14,34,33,1249.0,41217.0
2020-03-05,2020030501012968,NLIC,34,34,500,1249.0,624500.0
2020-03-05,2020030501012967,NLIC,47,34,197,1249.0,246053.0
2020-03-05,2020030501012584,NLIC,29,34,400,1249.0,499600.0
2020-03-05,2020030501012559,NLIC,55,34,50,1249.0,62450.0
2020-03-05,2020030501012556,NLIC,16,34,100,1249.0,124900.0
2020-03-05,2020030501012662,NLIC,34,25,200,1248.0,249600.0
2020-03-05,2020030501012616,NLIC,37,34,300,1249.0,374700.0
2020-03-05,2020030501012602,NLIC,51,34,100,1249.0,124900.0
2020-03-05,2020030501012601,NLIC,49,49,5000,1242.0,6210000.0
2020-03-05,2020030501012598,NLIC,58,34,200,1249.0,249800.0
2020-03-05,2020030501012592,NLIC,21,34,200,1249.0,249800.0
2020-03-05,2020030501012736,NLIC,45,13,22,1250.0,27500.0
2020-03-05,2020030501012735,NLIC,45,13,22,1250.0,27500.0
2020-03-05,2020030501012693,NLIC,51,13,22,1250.0,27500.0
2020-03-05,2020030501012692,NLIC,51,13,22,1250.0,27500.0
2020-03-05,2020030501012669,NLIC,38,34,250,1249.0,312250.0
2020-03-05,2020030501012667,NLIC,55,34,200,1249.0,249800.0
2020-03-05,2020030501012836,NLIC,57,43,50,1252.0,62600.0
2020-03-05,2020030501012835,NLIC,57,56,50,1252.0,62600.0
2020-03-05,2020030501012795,NLIC,34,29,200,1251.0,250200.0
2020-03-05,2020030501012794,NLIC,34,58,140,1251.0,175140.0
2020-03-05,2020030501012738,NLIC,45,17,22,1250.0,27500.0
2020-03-05,2020030501012737,NLIC,45,37,87,1250.0,108750.0
2020-03-05,2020030501012932,NLIC,37,34,50,1254.0,62700.0
2020-03-05,2020030501012925,NLIC,14,17,100,1254.0,125400.0
2020-03-05,2020030501012904,NLIC,22,57,125,1253.0,156625.0
2020-03-05,2020030501012903,NLIC,22,13,22,1253.0,27566.0
2020-03-05,2020030501012881,NLIC,38,43,67,1252.0,83884.0
2020-03-05,2020030501012864,NLIC,25,43,100,1252.0,125200.0
2020-03-05,2020030501012966,NLIC,38,34,250,1249.0,312250.0
2020-03-05,2020030501012965,NLIC,17,34,200,1250.0,250000.0
2020-03-05,2020030501012964,NLIC,48,34,100,1250.0,125000.0
2020-03-05,2020030501012963,NLIC,16,34,100,1250.0,125000.0
2020-03-05,2020030501012962,NLIC,25,34,67,1252.0,83884.0
2020-03-05,2020030501012961,NLIC,22,34,53,1253.0,66409.0
2020-03-05,2020030501012996,NLICL,55,41,190,721.0,136990.0
2020-03-05,2020030501012995,NLICL,50,41,20,721.0,14420.0
2020-03-05,2020030501012994,NLICL,36,41,97,721.0,69937.0
2020-03-05,2020030501012879,NLICL,36,44,903,720.0,650160.0
2020-03-05,2020030501012805,NLICL,36,44,97,720.0,69840.0
2020-03-05,2020030501012804,NLICL,36,21,150,719.0,107850.0
2020-03-05,2020030501012803,NLICL,36,17,628,719.0,451532.0
2020-03-05,2020030501012802,NLICL,36,41,125,719.0,89875.0
2020-03-05,2020030501013007,NMB,33,37,953,465.0,443145.0
2020-03-05,2020030501013006,NMB,33,45,500,465.0,232500.0
2020-03-05,2020030501013005,NMB,33,21,300,465.0,139500.0
2020-03-05,2020030501013004,NMB,33,5,200,465.0,93000.0
2020-03-05,2020030501013003,NMB,33,35,37,465.0,17205.0
2020-03-05,2020030501013002,NMB,33,5,900,465.0,418500.0
2020-03-05,2020030501012665,NMB,57,50,1000,464.0,464000.0
2020-03-05,2020030501012664,NMB,57,22,188,464.0,87232.0
2020-03-05,2020030501012659,NMB,28,33,100,462.0,46200.0
2020-03-05,2020030501012590,NMB,28,3,20,462.0,9240.0
2020-03-05,2020030501013001,NMB,33,39,200,465.0,93000.0
2020-03-05,2020030501013000,NMB,33,42,300,465.0,139500.0
2020-03-05,2020030501012999,NMB,33,4,1610,464.0,747040.0
2020-03-05,2020030501012935,NMB,17,4,390,464.0,180960.0
2020-03-05,2020030501012934,NMB,17,48,10,464.0,4640.0
2020-03-05,2020030501012666,NMB,57,29,518,464.0,240352.0
2020-03-05,2020030501012869,NMBMF,26,56,320,905.0,289600.0
2020-03-05,2020030501012844,NMBMF,26,56,200,905.0,181000.0
2020-03-05,2020030501012754,NMBMF,26,57,13,889.0,11557.0
2020-03-05,2020030501012747,NMBMF,26,28,167,889.0,148463.0
2020-03-05,2020030501012719,NMBMF,25,28,20,889.0,17780.0
2020-03-05,2020030501012651,NMBMF,41,28,10,889.0,8890.0
2020-03-05,2020030501012629,NMBMF,57,56,10,889.0,8890.0
2020-03-05,2020030501012838,NMFBS,41,33,10,1764.0,17640.0
2020-03-05,2020030501012819,NSEWA,43,13,10,714.0,7140.0
2020-03-05,2020030501012818,NSEWA,43,47,10,714.0,7140.0
2020-03-05,2020030501012685,NTC,42,52,200,656.0,131200.0
2020-03-05,2020030501012913,NUBL,41,45,66,1038.0,68508.0
2020-03-05,2020030501012815,NUBL,57,45,50,1038.0,51900.0
2020-03-05,2020030501012746,PCBL,13,43,250,304.0,76000.0
2020-03-05,2020030501012627,PCBL,28,1,300,305.0,91500.0
2020-03-05,2020030501012626,PCBL,28,28,200,305.0,61000.0
2020-03-05,2020030501012581,PCBL,13,6,50,304.0,15200.0
2020-03-05,2020030501012580,PCBL,13,17,700,304.0,212800.0
2020-03-05,2020030501012546,PCBL,14,5,345,300.0,103500.0
2020-03-05,2020030501012545,PCBL,26,5,1000,300.0,300000.0
2020-03-05,2020030501012544,PCBL,35,5,183,300.0,54900.0
2020-03-05,2020030501012543,PCBL,20,5,200,301.0,60200.0
2020-03-05,2020030501012542,PCBL,49,5,200,302.0,60400.0
2020-03-05,2020030501012541,PCBL,37,5,72,302.0,21744.0
2020-03-05,2020030501012769,PIC,49,39,620,604.0,374480.0
2020-03-05,2020030501012768,PIC,49,35,20,604.0,12080.0
2020-03-05,2020030501012767,PIC,49,13,61,604.0,36844.0
2020-03-05,2020030501012766,PIC,49,45,297,602.0,178794.0
2020-03-05,2020030501012762,PIC,50,57,66,601.0,39666.0
2020-03-05,2020030501012717,PIC,49,37,201,600.0,120600.0
2020-03-05,2020030501012578,PIC,51,33,100,598.0,59800.0
2020-03-05,2020030501012566,PIC,4,33,100,598.0,59800.0
2020-03-05,2020030501012565,PIC,18,33,50,598.0,29900.0
2020-03-05,2020030501012690,PIC,38,37,189,600.0,113400.0
2020-03-05,2020030501012689,PIC,38,19,311,599.0,186289.0
2020-03-05,2020030501012634,PIC,37,37,30,600.0,18000.0
2020-03-05,2020030501012633,PIC,37,13,60,600.0,36000.0
2020-03-05,2020030501012632,PIC,37,59,10,600.0,6000.0
2020-03-05,2020030501012605,PIC,53,33,150,598.0,89700.0
2020-03-05,2020030501012992,PICL,29,45,100,478.0,47800.0
2020-03-05,2020030501012739,PICL,58,21,100,475.0,47500.0
2020-03-05,2020030501012714,PICL,29,21,100,475.0,47500.0
2020-03-05,2020030501012871,PLIC,53,52,56,601.0,33656.0
2020-03-05,2020030501012870,PLIC,53,25,100,601.0,60100.0
2020-03-05,2020030501012867,PLIC,7,41,562,600.0,337200.0
2020-03-05,2020030501012866,PLIC,7,25,250,600.0,150000.0
2020-03-05,2020030501012865,PLIC,7,35,386,600.0,231600.0
2020-03-05,2020030501012849,PLIC,34,14,262,599.0,156938.0
2020-03-05,2020030501012828,PLIC,29,14,300,599.0,179700.0
2020-03-05,2020030501012827,PLIC,29,39,200,598.0,119600.0
2020-03-05,2020030501013028,PRIN,44,48,374,450.0,168300.0
2020-03-05,2020030501012983,PRIN,43,57,16,455.0,7280.0
2020-03-05,2020030501012982,PRIN,43,45,85,455.0,38675.0
2020-03-05,2020030501012981,PRIN,43,41,25,453.0,11325.0
2020-03-05,2020030501012944,PRIN,44,57,126,450.0,56700.0
2020-03-05,2020030501012863,PRIN,1,57,400,450.0,180000.0
2020-03-05,2020030501012862,PRIN,1,51,100,449.0,44900.0
2020-03-05,2020030501012816,PRIN,11,46,100,449.0,44900.0
2020-03-05,2020030501012585,PRIN,51,49,100,444.0,44400.0
2020-03-05,2020030501012569,PRIN,49,49,2000,439.0,878000.0
2020-03-05,2020030501012824,PROFL,59,25,500,109.0,54500.0
2020-03-05,2020030501012553,PRVU,4,58,100,258.0,25800.0
2020-03-05,2020030501012552,PRVU,4,28,200,258.0,51600.0
2020-03-05,2020030501012943,RHPL,39,43,70,159.0,11130.0
2020-03-05,2020030501012938,RLFL,3,14,785,145.0,113825.0
2020-03-05,2020030501012937,RLFL,3,54,60,145.0,8700.0
2020-03-05,2020030501012936,RLFL,3,37,147,145.0,21315.0
2020-03-05,2020030501012858,RLFL,3,45,9383,144.0,1351152.0
2020-03-05,2020030501012857,RLFL,3,17,147,144.0,21168.0
2020-03-05,2020030501012856,RLFL,3,13,38,144.0,5472.0
2020-03-05,2020030501012855,RLFL,3,52,462,144.0,66528.0
2020-03-05,2020030501012759,RLFL,3,52,10,144.0,1440.0
2020-03-05,2020030501012570,RMDC,7,46,30,744.0,22320.0
2020-03-05,2020030501012859,RSDC,45,17,450,535.0,240750.0
2020-03-05,2020030501012790,RSDC,47,17,50,535.0,26750.0
2020-03-05,2020030501012588,RSDC,55,52,10,530.0,5300.0
2020-03-05,2020030501012998,SANIMA,10,22,600,367.0,220200.0
2020-03-05,2020030501012997,SANIMA,10,46,500,366.0,183000.0
2020-03-05,2020030501012774,SANIMA,49,22,200,367.0,73400.0
2020-03-05,2020030501012760,SANIMA,59,59,33,366.0,12078.0
2020-03-05,2020030501012734,SBI,14,54,20,485.0,9700.0
2020-03-05,2020030501012713,SBI,29,49,300,483.0,144900.0
2020-03-05,2020030501012923,SCB,29,16,100,700.0,70000.0
2020-03-05,2020030501012748,SDESI,56,35,10,989.0,9890.0
2020-03-05,2020030501012583,SHINE,56,43,270,305.0,82350.0
2020-03-05,2020030501012582,SHINE,56,45,205,305.0,62525.0
2020-03-05,2020030501012971,SHIVM,35,48,650,610.0,396500.0
2020-03-05,2020030501012928,SHIVM,56,48,200,611.0,122200.0
2020-03-05,2020030501012801,SHIVM,35,22,50,610.0,30500.0
2020-03-05,2020030501012800,SHIVM,35,25,100,610.0,61000.0
2020-03-05,2020030501012799,SHIVM,35,45,50,610.0,30500.0
2020-03-05,2020030501012798,SHIVM,35,5,500,610.0,305000.0
2020-03-05,2020030501012755,SHIVM,25,50,250,609.0,152250.0
2020-03-05,2020030501012797,SHIVM,35,5,500,610.0,305000.0
2020-03-05,2020030501012796,SHIVM,35,56,150,609.0,91350.0
2020-03-05,2020030501012758,SHIVM,25,56,50,609.0,30450.0
2020-03-05,2020030501012757,SHIVM,25,58,100,609.0,60900.0
2020-03-05,2020030501012756,SHIVM,25,7,100,609.0,60900.0
2020-03-05,2020030501012942,SHL,29,6,200,181.0,36200.0
2020-03-05,2020030501012941,SHL,29,53,1000,180.0,180000.0
2020-03-05,2020030501012940,SHL,29,50,1900,180.0,342000.0
2020-03-05,2020030501012783,SHL,51,44,200,179.0,35800.0
2020-03-05,2020030501012832,SHPC,13,6,200,223.0,44600.0
2020-03-05,2020030501012655,SHPC,49,13,547,221.0,120887.0
2020-03-05,2020030501012744,SIC,1,32,72,703.0,50616.0
2020-03-05,2020030501012743,SIC,1,22,100,702.0,70200.0
2020-03-05,2020030501012742,SIC,1,43,30,702.0,21060.0
2020-03-05,2020030501012741,SIC,1,58,100,701.0,70100.0
2020-03-05,2020030501012740,SIC,1,39,98,700.0,68600.0
2020-03-05,2020030501012684,SIC,13,44,191,695.0,132745.0
2020-03-05,2020030501012850,SICL,5,42,79,989.0,78131.0
2020-03-05,2020030501012591,SICL,5,45,10,990.0,9900.0
2020-03-05,2020030501012751,SIL,44,4,800,565.0,452000.0
2020-03-05,2020030501012750,SIL,44,4,800,565.0,452000.0
2020-03-05,2020030501012749,SIL,44,4,800,565.0,452000.0
2020-03-05,2020030501012952,SKBBL,57,14,190,1190.0,226100.0
2020-03-05,2020030501012914,SKBBL,57,26,10,1190.0,11900.0
2020-03-05,2020030501012898,SKBBL,53,5,100,1180.0,118000.0
2020-03-05,2020030501012872,SKBBL,53,5,38,1180.0,44840.0
2020-03-05,2020030501012852,SKBBL,4,5,62,1186.0,73532.0
2020-03-05,2020030501012823,SKBBL,4,43,200,1186.0,237200.0
2020-03-05,2020030501012810,SKBBL,53,39,454,1179.0,535266.0
2020-03-05,2020030501012809,SKBBL,53,43,283,1178.0,333374.0
2020-03-05,2020030501012808,SKBBL,53,5,100,1175.0,117500.0
2020-03-05,2020030501012775,SKBBL,4,45,56,1161.0,65016.0
2020-03-05,2020030501012793,SLBBL,38,58,300,933.0,279900.0
2020-03-05,2020030501012792,SLBBL,38,58,100,933.0,93300.0
2020-03-05,2020030501012653,SLBBL,38,6,500,930.0,465000.0
2020-03-05,2020030501012652,SLBBL,38,46,11,930.0,10230.0
2020-03-05,2020030501012977,SLBSL,49,56,10,897.0,8970.0
2020-03-05,2020030501012726,SLBSL,56,55,30,880.0,26400.0
2020-03-05,2020030501012675,SLBSL,56,50,10,875.0,8750.0
2020-03-05,2020030501012674,SLBSL,56,13,250,875.0,218750.0
2020-03-05,2020030501012551,SLBSL,26,13,50,875.0,43750.0
2020-03-05,2020030501012883,SLICL,57,48,200,479.0,95800.0
2020-03-05,2020030501012882,SLICL,57,49,190,478.0,90820.0
2020-03-05,2020030501012839,SLICL,51,49,10,478.0,4780.0
2020-03-05,2020030501012770,SLICL,45,41,57,477.0,27189.0
2020-03-05,2020030501012722,SLICL,35,49,100,478.0,47800.0
2020-03-05,2020030501012615,SLICL,57,48,100,479.0,47900.0
2020-03-05,2020030501012614,SLICL,57,41,200,479.0,95800.0
2020-03-05,2020030501012597,SLICL,45,41,902,477.0,430254.0
2020-03-05,2020030501012596,SLICL,49,41,50,477.0,23850.0
2020-03-05,2020030501012572,SLICL,49,33,50,477.0,23850.0
2020-03-05,2020030501012688,SMATA,41,45,100,734.0,73400.0
2020-03-05,2020030501012687,SMATA,41,14,200,734.0,146800.0
2020-03-05,2020030501012587,SMATA,49,14,200,734.0,146800.0
2020-03-05,2020030501013009,SMB,48,41,10,916.0,9160.0
2020-03-05,2020030501012788,SMB,48,34,60,933.0,55980.0
2020-03-05,2020030501012787,SMB,48,32,40,932.0,37280.0
2020-03-05,2020030501012916,SRBL,5,35,10,264.0,2640.0
2020-03-05,2020030501012817,SRBL,35,4,1452,263.0,381876.0
2020-03-05,2020030501012786,SRBL,39,4,300,263.0,78900.0
2020-03-05,2020030501012781,SRBL,14,4,248,263.0,65224.0
2020-03-05,2020030501012984,TMDBL,16,58,100,208.0,20800.0
2020-03-05,2020030501012951,TMDBL,41,58,35,208.0,7280.0
2020-03-05,2020030501012673,TMDBL,53,52,200,207.0,41400.0
2020-03-05,2020030501012915,UIC,38,51,90,382.0,34380.0
2020-03-05,2020030501012784,VLBS,57,49,10,1060.0,10600.0
2020-03-05,2020030501012721,WOMI,39,33,200,1107.0,221400.0
2020-03-05,2020030501012720,WOMI,39,13,175,1105.0,193375.0
2020-03-05,2020030501012661,WOMI,41,32,105,1100.0,115500.0
2020-03-05,2020030501012660,WOMI,39,32,30,1100.0,33000.0
2020-03-05,2020030501012608,WOMI,34,13,25,1105.0,27625.0
2020-03-05,2020030501014480,ADBL,47,4,290,415.0,120350.0
2020-03-05,2020030501014109,ADBL,52,49,10,416.0,4160.0
2020-03-05,2020030501014064,ADBL,4,17,300,416.0,124800.0
2020-03-05,2020030501014063,ADBL,4,34,200,416.0,83200.0
2020-03-05,2020030501014465,AKPL,56,42,10,126.0,1260.0
2020-03-05,2020030501014440,AKPL,58,46,1000,127.0,127000.0
2020-03-05,2020030501014421,AKPL,17,46,1000,127.0,127000.0
2020-03-05,2020030501014372,AKPL,29,45,400,128.0,51200.0
2020-03-05,2020030501014371,AKPL,29,45,100,128.0,12800.0
2020-03-05,2020030501014165,AKPL,58,32,1000,127.0,127000.0
2020-03-05,2020030501014164,AKPL,58,58,700,127.0,88900.0
2020-03-05,2020030501014163,AKPL,58,43,1000,127.0,127000.0
2020-03-05,2020030501014162,AKPL,58,33,859,127.0,109093.0
2020-03-05,2020030501014044,AKPL,56,21,20,126.0,2520.0
2020-03-05,2020030501014253,ALBSL,57,22,11,737.0,8107.0
2020-03-05,2020030501014252,ALBSL,57,58,100,737.0,73700.0
2020-03-05,2020030501014111,ALICL,45,35,154,606.0,93324.0
2020-03-05,2020030501014110,ALICL,44,35,39,607.0,23673.0
2020-03-05,2020030501014415,API,58,7,18,130.0,2340.0
2020-03-05,2020030501014414,API,58,59,50,130.0,6500.0
2020-03-05,2020030501014280,API,5,59,1881,129.0,242649.0
2020-03-05,2020030501014279,API,42,59,3000,129.0,387000.0
2020-03-05,2020030501014278,API,42,59,500,129.0,64500.0
2020-03-05,2020030501014277,API,45,59,200,129.0,25800.0
2020-03-05,2020030501014276,API,1,59,75,129.0,9675.0
2020-03-05,2020030501014173,API,1,21,17,129.0,2193.0
2020-03-05,2020030501014051,API,25,59,1000,130.0,130000.0
2020-03-05,2020030501014288,BBC,1,51,50,1828.0,91400.0
2020-03-05,2020030501014129,BBC,1,25,110,1827.0,200970.0
2020-03-05,2020030501014516,BOKL,1,51,1050,250.0,262500.0
2020-03-05,2020030501014515,BOKL,1,54,500,250.0,125000.0
2020-03-05,2020030501014514,BOKL,1,6,500,250.0,125000.0
2020-03-05,2020030501014513,BOKL,1,35,450,250.0,112500.0
2020-03-05,2020030501014138,BOKL,34,57,125,249.0,31125.0
2020-03-05,2020030501014137,BOKL,34,46,371,249.0,92379.0
2020-03-05,2020030501014194,BPCL,37,21,11,361.0,3971.0
2020-03-05,2020030501014411,CBL,58,33,165,150.0,24750.0
2020-03-05,2020030501014409,CBL,58,11,57,150.0,8550.0
2020-03-05,2020030501014408,CBL,58,57,500,150.0,75000.0
2020-03-05,2020030501014407,CBL,58,29,200,150.0,30000.0
2020-03-05,2020030501014406,CBL,58,47,220,150.0,33000.0
2020-03-05,2020030501014405,CBL,58,32,200,150.0,30000.0
2020-03-05,2020030501014527,CCBL,1,43,79,188.0,14852.0
2020-03-05,2020030501014526,CCBL,1,29,200,188.0,37600.0
2020-03-05,2020030501014525,CCBL,1,44,300,188.0,56400.0
2020-03-05,2020030501014524,CCBL,1,28,1164,188.0,218832.0
2020-03-05,2020030501014500,CCBL,1,11,175,187.0,32725.0
2020-03-05,2020030501014499,CCBL,1,38,153,187.0,28611.0
2020-03-05,2020030501014327,CCBL,19,49,233,187.0,43571.0
2020-03-05,2020030501014287,CCBL,35,35,1595,186.0,296670.0
2020-03-05,2020030501014286,CCBL,22,35,405,186.0,75330.0
2020-03-05,2020030501014498,CCBL,1,49,303,187.0,56661.0
2020-03-05,2020030501014497,CCBL,1,16,200,187.0,37400.0
2020-03-05,2020030501014496,CCBL,1,34,1993,187.0,372691.0
2020-03-05,2020030501014495,CCBL,1,38,11,187.0,2057.0
2020-03-05,2020030501014329,CCBL,19,38,17,187.0,3179.0
2020-03-05,2020030501014328,CCBL,19,58,50,187.0,9350.0
2020-03-05,2020030501014360,CIT,13,7,100,2771.0,277100.0
2020-03-05,2020030501014356,CZBIL,36,41,200,208.0,41600.0
2020-03-05,2020030501014322,CZBIL,5,28,424,207.0,87768.0
2020-03-05,2020030501014250,CZBIL,59,56,62,206.0,12772.0
2020-03-05,2020030501014156,CZBIL,42,56,38,206.0,7828.0
2020-03-05,2020030501014074,CZBIL,52,28,176,207.0,36432.0
2020-03-05,2020030501014073,CZBIL,52,45,24,207.0,4968.0
2020-03-05,2020030501014071,CZBIL,42,52,12,206.0,2472.0
2020-03-05,2020030501014251,DHPL,28,21,11,51.0,561.0
2020-03-05,2020030501014503,EBL,16,45,200,767.0,153400.0
2020-03-05,2020030501014502,EBL,16,44,100,767.0,76700.0
2020-03-05,2020030501014285,EBL,52,45,100,760.0,76000.0
2020-03-05,2020030501014494,EIC,42,38,30,417.0,12510.0
2020-03-05,2020030501014444,EIC,42,32,170,417.0,70890.0
2020-03-05,2020030501014367,EIC,41,32,30,417.0,12510.0
2020-03-05,2020030501014218,FMDBL,57,58,70,543.0,38010.0
2020-03-05,2020030501014188,FMDBL,38,58,250,543.0,135750.0
2020-03-05,2020030501014187,FMDBL,38,35,200,543.0,108600.0
2020-03-05,2020030501014186,FMDBL,38,35,50,543.0,27150.0
2020-03-05,2020030501014042,FMDBL,55,34,100,534.0,53400.0
2020-03-05,2020030501014041,FMDBL,51,34,150,534.0,80100.0
2020-03-05,2020030501014393,FOWAD,59,45,35,1580.0,55300.0
2020-03-05,2020030501014392,FOWAD,59,41,15,1578.0,23670.0
2020-03-05,2020030501014355,FOWAD,21,25,15,1575.0,23625.0
2020-03-05,2020030501014426,GBBL,38,1,500,246.0,123000.0
2020-03-05,2020030501014425,GBBL,38,17,1734,246.0,426564.0
2020-03-05,2020030501014336,GBBL,52,17,766,246.0,188436.0
2020-03-05,2020030501014335,GBBL,52,32,234,246.0,57564.0
2020-03-05,2020030501014477,GBIME,28,11,100,290.0,29000.0
2020-03-05,2020030501014427,GBIME,47,11,172,290.0,49880.0
2020-03-05,2020030501014381,GBIME,36,11,211,290.0,61190.0
2020-03-05,2020030501014380,GBIME,36,7,20,290.0,5800.0
2020-03-05,2020030501014379,GBIME,36,17,269,290.0,78010.0
2020-03-05,2020030501014308,GBIME,29,17,13,290.0,3770.0
2020-03-05,2020030501014227,GBIME,26,17,245,290.0,71050.0
2020-03-05,2020030501014226,GBIME,26,17,75,290.0,21750.0
2020-03-05,2020030501014225,GBIME,26,8,180,290.0,52200.0
2020-03-05,2020030501014135,GBIME,1,8,50,290.0,14500.0
2020-03-05,2020030501014528,GBLBS,58,26,156,527.0,82212.0
2020-03-05,2020030501014481,GBLBS,58,26,44,530.0,23320.0
2020-03-05,2020030501014436,GBLBS,58,34,100,530.0,53000.0
2020-03-05,2020030501014435,GBLBS,58,28,106,529.0,56074.0
2020-03-05,2020030501014434,GBLBS,58,6,300,529.0,158700.0
2020-03-05,2020030501014433,GBLBS,58,44,450,527.0,237150.0
2020-03-05,2020030501014141,GBLBS,51,14,500,522.0,261000.0
2020-03-05,2020030501014093,GBLBS,55,51,98,525.0,51450.0
2020-03-05,2020030501014092,GBLBS,55,42,280,525.0,147000.0
2020-03-05,2020030501014369,GBLBS,32,44,300,527.0,158100.0
2020-03-05,2020030501014320,GBLBS,58,44,750,527.0,395250.0
2020-03-05,2020030501014319,GBLBS,58,28,250,526.0,131500.0
2020-03-05,2020030501014249,GBLBS,32,51,252,525.0,132300.0
2020-03-05,2020030501014154,GBLBS,57,51,50,525.0,26250.0
2020-03-05,2020030501014143,GBLBS,34,51,100,525.0,52500.0
2020-03-05,2020030501014088,GGBSL,17,43,10,805.0,8050.0
2020-03-05,2020030501014297,GLBSL,58,36,10,676.0,6760.0
2020-03-05,2020030501014486,GLICL,39,25,170,507.0,86190.0
2020-03-05,2020030501014485,GLICL,39,32,10,505.0,5050.0
2020-03-05,2020030501014484,GLICL,39,41,20,505.0,10100.0
2020-03-05,2020030501014452,GLICL,29,40,120,503.0,60360.0
2020-03-05,2020030501014451,GLICL,29,45,37,502.0,18574.0
2020-03-05,2020030501014410,GLICL,42,45,200,502.0,100400.0
2020-03-05,2020030501014035,GLICL,34,45,25,503.0,12575.0
2020-03-05,2020030501014066,GLICL,32,55,51,502.0,25602.0
2020-03-05,2020030501014061,GLICL,47,55,200,502.0,100400.0
2020-03-05,2020030501014048,GLICL,5,55,225,503.0,113175.0
2020-03-05,2020030501014045,GLICL,5,38,825,503.0,414975.0
2020-03-05,2020030501014037,GLICL,41,38,175,503.0,88025.0
2020-03-05,2020030501014036,GLICL,41,45,25,503.0,12575.0
2020-03-05,2020030501014354,GLICL,49,40,80,503.0,40240.0
2020-03-05,2020030501014307,GLICL,49,41,20,503.0,10060.0
2020-03-05,2020030501014306,GLICL,49,11,50,503.0,25150.0
2020-03-05,2020030501014248,GLICL,49,11,150,503.0,75450.0
2020-03-05,2020030501014152,GLICL,42,11,200,503.0,100600.0
2020-03-05,2020030501014078,GLICL,34,55,24,502.0,12048.0
2020-03-05,2020030501014082,GMFIL,32,43,10,139.0,1390.0
2020-03-05,2020030501014140,GRDBL,40,38,500,125.0,62500.0
2020-03-05,2020030501014133,GRDBL,40,19,900,123.0,110700.0
2020-03-05,2020030501014472,HDL,28,49,200,1652.0,330400.0
2020-03-05,2020030501014420,HDL,8,45,5,1651.0,8255.0
2020-03-05,2020030501014419,HDL,39,45,45,1651.0,74295.0
2020-03-05,2020030501014418,HDL,39,11,55,1651.0,90805.0
2020-03-05,2020030501014209,HDL,52,42,200,1651.0,330200.0
2020-03-05,2020030501014161,HDL,40,42,300,1651.0,495300.0
2020-03-05,2020030501014142,HDL,45,48,50,1650.0,82500.0
2020-03-05,2020030501014043,HDL,45,14,50,1650.0,82500.0
2020-03-05,2020030501014391,HGI,14,21,100,409.0,40900.0
2020-03-05,2020030501014314,HGI,49,11,50,408.0,20400.0
2020-03-05,2020030501014261,HGI,50,11,400,408.0,163200.0
2020-03-05,2020030501014189,HGI,55,11,150,408.0,61200.0
2020-03-05,2020030501014108,HGI,34,11,200,408.0,81600.0
2020-03-05,2020030501014390,HIDCL,49,41,63,141.0,8883.0
2020-03-05,2020030501014389,HIDCL,49,6,317,140.0,44380.0
2020-03-05,2020030501014388,HIDCL,49,6,317,140.0,44380.0
2020-03-05,2020030501014387,HIDCL,49,10,200,140.0,28000.0
2020-03-05,2020030501014289,HIDCL,4,21,37,139.0,5143.0
2020-03-05,2020030501014167,HIDCL,4,10,100,140.0,14000.0
2020-03-05,2020030501014144,HIDCL,49,10,200,140.0,28000.0
2020-03-05,2020030501014309,HPPL,52,21,10,145.0,1450.0
2020-03-05,2020030501014126,HPPL,52,43,10,145.0,1450.0
2020-03-05,2020030501014172,IGI,53,43,29,438.0,12702.0
2020-03-05,2020030501014171,IGI,53,8,1125,436.0,490500.0
2020-03-05,2020030501014170,IGI,53,47,250,436.0,109000.0
2020-03-05,2020030501014131,IGI,34,11,30,433.0,12990.0
2020-03-05,2020030501014130,IGI,34,17,500,433.0,216500.0
2020-03-05,2020030501014112,IGI,34,17,500,433.0,216500.0
2020-03-05,2020030501014479,ILBS,18,42,20,810.0,16200.0
2020-03-05,2020030501014254,ILBS,18,42,20,810.0,16200.0
2020-03-05,2020030501014090,JBBL,8,50,500,192.0,96000.0
2020-03-05,2020030501014089,JBBL,8,58,250,192.0,48000.0
2020-03-05,2020030501014504,JOSHI,16,41,20,60.0,1200.0
2020-03-05,2020030501014476,KBL,43,39,50,212.0,10600.0
2020-03-05,2020030501014316,KBL,43,28,550,211.0,116050.0
2020-03-05,2020030501014315,KBL,43,36,1362,211.0,287382.0
2020-03-05,2020030501014262,KBL,55,36,1000,211.0,211000.0
2020-03-05,2020030501014158,KBL,1,36,20,211.0,4220.0
2020-03-05,2020030501014069,KBL,43,14,200,210.0,42000.0
2020-03-05,2020030501014466,KSBBL,38,19,376,172.0,64672.0
2020-03-05,2020030501014422,KSBBL,33,35,1000,171.0,171000.0
2020-03-05,2020030501014220,KSBBL,14,19,1483,172.0,255076.0
2020-03-05,2020030501014219,KSBBL,14,38,18,172.0,3096.0
2020-03-05,2020030501014413,LBBL,4,1,17,205.0,3485.0
2020-03-05,2020030501014412,LBBL,4,11,83,204.0,16932.0
2020-03-05,2020030501014455,LBL,5,44,850,233.0,198050.0
2020-03-05,2020030501014180,LBL,22,44,70,233.0,16310.0
2020-03-05,2020030501014431,LGIL,33,22,132,514.0,67848.0
2020-03-05,2020030501014193,LGIL,50,41,86,516.0,44376.0
2020-03-05,2020030501014192,LGIL,50,18,14,516.0,7224.0
2020-03-05,2020030501014076,LGIL,5,18,86,516.0,44376.0
2020-03-05,2020030501014075,LGIL,5,4,20,515.0,10300.0
2020-03-05,2020030501014506,LICN,13,54,37,1514.0,56018.0
2020-03-05,2020030501014453,LICN,50,17,200,1510.0,302000.0
2020-03-05,2020030501014212,LICN,4,17,300,1510.0,453000.0
2020-03-05,2020030501014439,LLBS,21,35,20,1115.0,22300.0
2020-03-05,2020030501014438,LLBS,36,35,30,1115.0,33450.0
2020-03-05,2020030501014097,LLBS,36,34,20,1115.0,22300.0
2020-03-05,2020030501014375,MBL,56,44,1000,252.0,252000.0
2020-03-05,2020030501014374,MBL,56,54,500,252.0,126000.0
2020-03-05,2020030501014313,MBL,57,35,65,251.0,16315.0
2020-03-05,2020030501014312,MBL,25,35,104,251.0,26104.0
2020-03-05,2020030501014311,MBL,22,35,23,251.0,5773.0
2020-03-05,2020030501014228,MBL,22,35,47,251.0,11797.0
2020-03-05,2020030501014258,MEGA,13,19,515,235.0,121025.0
2020-03-05,2020030501014257,MEGA,13,1,100,235.0,23500.0
2020-03-05,2020030501014256,MEGA,13,43,30,235.0,7050.0
2020-03-05,2020030501014255,MEGA,13,25,90,235.0,21150.0
2020-03-05,2020030501014237,MEGA,52,25,100,235.0,23500.0
2020-03-05,2020030501014236,MEGA,53,25,200,235.0,47000.0
2020-03-05,2020030501014134,MEGA,34,25,100,235.0,23500.0
2020-03-05,2020030501014178,MERO,25,16,300,697.0,209100.0
2020-03-05,2020030501014468,MFIL,52,43,712,319.0,227128.0
2020-03-05,2020030501014373,MFIL,55,43,3000,319.0,957000.0
2020-03-05,2020030501014332,MFIL,40,56,150,318.0,47700.0
2020-03-05,2020030501014331,MFIL,4,56,100,318.0,31800.0
2020-03-05,2020030501014291,MFIL,55,43,2000,319.0,638000.0
2020-03-05,2020030501014259,MFIL,22,43,70,319.0,22330.0
2020-03-05,2020030501014127,MFIL,4,43,4000,319.0,1276000.0
2020-03-05,2020030501014366,MLBBL,33,58,16,810.0,12960.0
2020-03-05,2020030501014437,MNBBL,59,58,100,345.0,34500.0
2020-03-05,2020030501014240,MNBBL,25,58,870,345.0,300150.0
2020-03-05,2020030501014239,MNBBL,25,16,130,345.0,44850.0
2020-03-05,2020030501014216,MNBBL,51,16,370,345.0,127650.0
2020-03-05,2020030501014215,MNBBL,51,18,230,345.0,79350.0
2020-03-05,2020030501014214,MNBBL,51,14,700,345.0,241500.0
2020-03-05,2020030501014213,MNBBL,51,16,700,344.0,240800.0
2020-03-05,2020030501014281,NABIL,7,28,38,850.0,32300.0
2020-03-05,2020030501014208,NABIL,17,28,62,850.0,52700.0
2020-03-05,2020030501014207,NABIL,17,46,488,850.0,414800.0
2020-03-05,2020030501014206,NABIL,17,36,250,850.0,212500.0
2020-03-05,2020030501014205,NABIL,17,50,200,850.0,170000.0
2020-03-05,2020030501014430,NADEP,21,26,23,740.0,17020.0
2020-03-05,2020030501014318,NADEP,21,32,20,755.0,15100.0
2020-03-05,2020030501014290,NADEP,21,41,23,745.0,17135.0
2020-03-05,2020030501014471,NBB,25,36,380,228.0,86640.0
2020-03-05,2020030501014310,NBB,22,36,70,228.0,15960.0
2020-03-05,2020030501014211,NBB,58,36,583,227.0,132341.0
2020-03-05,2020030501014210,NBB,58,44,500,227.0,113500.0
2020-03-05,2020030501014518,NBL,51,13,635,289.0,183515.0
2020-03-05,2020030501014508,NBL,53,13,100,289.0,28900.0
2020-03-05,2020030501014428,NBL,22,13,50,289.0,14450.0
2020-03-05,2020030501014361,NBL,22,13,70,289.0,20230.0
2020-03-05,2020030501014305,NBL,16,13,145,289.0,41905.0
2020-03-05,2020030501014304,NBL,16,28,300,289.0,86700.0
2020-03-05,2020030501014145,NBL,41,13,300,288.0,86400.0
2020-03-05,2020030501014081,NBL,41,40,500,287.0,143500.0
2020-03-05,2020030501014080,NBL,41,44,30,287.0,8610.0
2020-03-05,2020030501014303,NBL,16,35,200,289.0,57800.0
2020-03-05,2020030501014302,NBL,16,7,20,289.0,5780.0
2020-03-05,2020030501014301,NBL,16,32,1000,289.0,289000.0
2020-03-05,2020030501014300,NBL,16,39,500,288.0,144000.0
2020-03-05,2020030501014299,NBL,16,21,335,288.0,96480.0
2020-03-05,2020030501014146,NBL,41,29,50,288.0,14400.0
2020-03-05,2020030501014467,NCCB,58,49,300,203.0,60900.0
2020-03-05,2020030501014424,NCCB,39,33,100,204.0,20400.0
2020-03-05,2020030501014469,NEF,34,26,2414,8.56,20663.84
2020-03-05,2020030501014169,NHDL,48,43,10,156.0,1560.0
2020-03-05,2020030501014478,NIB,52,36,20,425.0,8500.0
2020-03-05,2020030501014293,NIB,33,10,2000,422.0,844000.0
2020-03-05,2020030501014185,NIB,59,28,100,421.0,42100.0
2020-03-05,2020030501014159,NIB,22,28,350,421.0,147350.0
2020-03-05,2020030501014149,NIB,42,28,100,421.0,42100.0
2020-03-05,2020030501014147,NIB,14,54,39,420.0,16380.0
2020-03-05,2020030501014460,NIBPO,39,50,800,358.0,286400.0
2020-03-05,2020030501014459,NIBPO,39,10,1500,357.0,535500.0
2020-03-05,2020030501014512,NICA,25,38,100,584.0,58400.0
2020-03-05,2020030501014217,NICA,19,54,100,585.0,58500.0
2020-03-05,2020030501014522,NICL,36,59,55,476.0,26180.0
2020-03-05,2020030501014334,NICL,40,59,150,476.0,71400.0
2020-03-05,2020030501014275,NICL,40,59,300,476.0,142800.0
2020-03-05,2020030501014238,NICL,36,49,500,475.0,237500.0
2020-03-05,2020030501014150,NICL,17,59,500,476.0,238000.0
2020-03-05,2020030501014091,NICL,43,57,490,475.0,232750.0
2020-03-05,2020030501014068,NICL,58,36,800,476.0,380800.0
2020-03-05,2020030501014040,NICL,43,28,100,474.0,47400.0
2020-03-05,2020030501014039,NICL,43,44,200,474.0,94800.0
2020-03-05,2020030501014038,NICL,43,34,10,473.0,4730.0
2020-03-05,2020030501014450,NIL,43,59,100,605.0,60500.0
2020-03-05,2020030501014386,NIL,52,59,400,605.0,242000.0
2020-03-05,2020030501014385,NIL,52,6,100,605.0,60500.0
2020-03-05,2020030501014378,NIL,14,6,150,605.0,90750.0
2020-03-05,2020030501014359,NIL,28,6,50,605.0,30250.0
2020-03-05,2020030501014358,NIL,28,48,50,605.0,30250.0
2020-03-05,2020030501014087,NIL,59,28,68,596.0,40528.0
2020-03-05,2020030501014056,NIL,45,10,1000,595.0,595000.0
2020-03-05,2020030501014055,NIL,45,10,1000,595.0,595000.0
2020-03-05,2020030501014054,NIL,45,10,1000,595.0,595000.0
2020-03-05,2020030501014053,NIL,45,10,1000,595.0,595000.0
2020-03-05,2020030501014052,NIL,45,43,442,594.0,262548.0
2020-03-05,2020030501014246,NIL,13,44,1000,598.0,598000.0
2020-03-05,2020030501014223,NIL,58,58,367,597.0,219099.0
2020-03-05,2020030501014176,NIL,13,44,700,596.0,417200.0
2020-03-05,2020030501014151,NIL,58,44,1000,596.0,596000.0
2020-03-05,2020030501014136,NIL,5,44,300,596.0,178800.0
2020-03-05,2020030501014121,NIL,59,58,32,597.0,19104.0
2020-03-05,2020030501014296,NIL,58,54,100,600.0,60000.0
2020-03-05,2020030501014295,NIL,58,45,100,600.0,60000.0
2020-03-05,2020030501014294,NIL,58,28,1500,600.0,900000.0
2020-03-05,2020030501014284,NIL,59,6,100,599.0,59900.0
2020-03-05,2020030501014282,NIL,43,28,500,599.0,299500.0
2020-03-05,2020030501014247,NIL,13,59,1000,598.0,598000.0
2020-03-05,2020030501014519,NLBBL,33,33,100,795.0,79500.0
2020-03-05,2020030501014446,NLG,44,17,87,655.0,56985.0
2020-03-05,2020030501014445,NLG,44,45,13,654.0,8502.0
2020-03-05,2020030501014377,NLG,49,45,14,654.0,9156.0
2020-03-05,2020030501014505,NLIC,29,49,15,1265.0,18975.0
2020-03-05,2020030501014501,NLIC,56,35,250,1265.0,316250.0
2020-03-05,2020030501014474,NLIC,56,49,1250,1265.0,1581250.0
2020-03-05,2020030501014473,NLIC,6,49,100,1265.0,126500.0
2020-03-05,2020030501014454,NLIC,42,49,150,1265.0,189750.0
2020-03-05,2020030501014352,NLIC,4,34,200,1245.0,249000.0
2020-03-05,2020030501014049,NLIC,32,34,500,1254.0,627000.0
2020-03-05,2020030501014079,NLIC,32,49,1000,1255.0,1255000.0
2020-03-05,2020030501014065,NLIC,6,34,950,1254.0,1191300.0
2020-03-05,2020030501014062,NLIC,39,34,300,1254.0,376200.0
2020-03-05,2020030501014058,NLIC,22,43,22,1251.0,27522.0
2020-03-05,2020030501014057,NLIC,1,34,50,1254.0,62700.0
2020-03-05,2020030501014050,NLIC,57,34,200,1254.0,250800.0
2020-03-05,2020030501014155,NLIC,52,49,100,1262.0,126200.0
2020-03-05,2020030501014148,NLIC,5,49,125,1262.0,157750.0
2020-03-05,2020030501014132,NLIC,57,52,100,1260.0,126000.0
2020-03-05,2020030501014128,NLIC,54,29,25,1258.0,31450.0
2020-03-05,2020030501014104,NLIC,58,49,652,1255.0,818260.0
2020-03-05,2020030501014084,NLIC,54,49,300,1255.0,376500.0
2020-03-05,2020030501014181,NLIC,36,56,100,1265.0,126500.0
2020-03-05,2020030501014179,NLIC,34,56,200,1265.0,253000.0
2020-03-05,2020030501014175,NLIC,10,56,300,1265.0,379500.0
2020-03-05,2020030501014174,NLIC,10,58,200,1265.0,253000.0
2020-03-05,2020030501014166,NLIC,58,49,775,1262.0,978050.0
2020-03-05,2020030501014160,NLIC,16,49,500,1262.0,631000.0
2020-03-05,2020030501014200,NLIC,53,34,1000,1262.0,1262000.0
2020-03-05,2020030501014199,NLIC,54,34,300,1262.0,378600.0
2020-03-05,2020030501014198,NLIC,58,34,725,1262.0,914950.0
2020-03-05,2020030501014197,NLIC,52,34,20,1265.0,25300.0
2020-03-05,2020030501014196,NLIC,40,34,190,1265.0,240350.0
2020-03-05,2020030501014183,NLIC,40,59,10,1265.0,12650.0
2020-03-05,2020030501014222,NLIC,43,20,278,1268.0,352504.0
2020-03-05,2020030501014221,NLIC,43,46,22,1267.0,27874.0
2020-03-05,2020030501014204,NLIC,49,34,217,1255.0,272335.0
2020-03-05,2020030501014203,NLIC,10,34,100,1255.0,125500.0
2020-03-05,2020030501014202,NLIC,58,34,348,1255.0,436740.0
2020-03-05,2020030501014201,NLIC,57,34,100,1260.0,126000.0
2020-03-05,2020030501014233,NLIC,6,49,300,1255.0,376500.0
2020-03-05,2020030501014232,NLIC,13,49,200,1255.0,251000.0
2020-03-05,2020030501014231,NLIC,40,49,72,1255.0,90360.0
2020-03-05,2020030501014230,NLIC,49,49,283,1255.0,355165.0
2020-03-05,2020030501014229,NLIC,34,49,128,1268.0,162304.0
2020-03-05,2020030501014224,NLIC,34,20,72,1268.0,91296.0
2020-03-05,2020030501014267,NLIC,22,34,78,1251.0,97578.0
2020-03-05,2020030501014266,NLIC,49,34,100,1252.0,125200.0
2020-03-05,2020030501014265,NLIC,55,34,200,1252.0,250400.0
2020-03-05,2020030501014264,NLIC,54,34,17,1255.0,21335.0
2020-03-05,2020030501014263,NLIC,39,34,183,1255.0,229665.0
2020-03-05,2020030501014260,NLIC,39,49,17,1255.0,21335.0
2020-03-05,2020030501014273,NLIC,38,34,500,1250.0,625000.0
2020-03-05,2020030501014272,NLIC,37,34,100,1250.0,125000.0
2020-03-05,2020030501014271,NLIC,41,34,200,1250.0,250000.0
2020-03-05,2020030501014270,NLIC,26,34,10,1250.0,12500.0
2020-03-05,2020030501014269,NLIC,58,34,2000,1251.0,2502000.0
2020-03-05,2020030501014268,NLIC,25,34,100,1251.0,125100.0
2020-03-05,2020030501014339,NLIC,17,34,200,1255.0,251000.0
2020-03-05,2020030501014338,NLIC,55,34,17,1255.0,21335.0
2020-03-05,2020030501014337,NLIC,28,34,300,1268.0,380400.0
2020-03-05,2020030501014330,NLIC,28,35,200,1268.0,253600.0
2020-03-05,2020030501014317,NLIC,39,49,1000,1267.0,1267000.0
2020-03-05,2020030501014274,NLIC,58,34,1512,1250.0,1890000.0
2020-03-05,2020030501014345,NLIC,10,34,50,1250.0,62500.0
2020-03-05,2020030501014344,NLIC,55,34,100,1250.0,125000.0
2020-03-05,2020030501014343,NLIC,28,34,100,1250.0,125000.0
2020-03-05,2020030501014342,NLIC,38,34,112,1250.0,140000.0
2020-03-05,2020030501014341,NLIC,58,34,488,1250.0,610000.0
2020-03-05,2020030501014340,NLIC,55,34,200,1251.0,250200.0
2020-03-05,2020030501014351,NLIC,53,34,40,1245.0,49800.0
2020-03-05,2020030501014350,NLIC,16,34,293,1245.0,364785.0
2020-03-05,2020030501014349,NLIC,34,34,200,1248.0,249600.0
2020-03-05,2020030501014348,NLIC,52,34,100,1249.0,124900.0
2020-03-05,2020030501014347,NLIC,34,34,500,1249.0,624500.0
2020-03-05,2020030501014346,NLIC,16,34,100,1250.0,125000.0
2020-03-05,2020030501014235,NLICL,35,28,225,733.0,164925.0
2020-03-05,2020030501014234,NLICL,35,45,100,733.0,73300.0
2020-03-05,2020030501014521,NMB,33,6,802,467.0,374534.0
2020-03-05,2020030501014483,NMB,46,6,198,467.0,92466.0
2020-03-05,2020030501014482,NMB,46,33,302,467.0,141034.0
2020-03-05,2020030501014458,NMB,14,33,698,467.0,325966.0
2020-03-05,2020030501014457,NMB,14,46,12,467.0,5604.0
2020-03-05,2020030501014456,NMB,14,4,290,467.0,135430.0
2020-03-05,2020030501014423,NMB,17,4,300,467.0,140100.0
2020-03-05,2020030501014292,NMB,40,4,500,467.0,233500.0
2020-03-05,2020030501014245,NMB,42,4,250,467.0,116750.0
2020-03-05,2020030501014168,NMB,34,4,660,467.0,308220.0
2020-03-05,2020030501014107,NTC,7,51,20,660.0,13200.0
2020-03-05,2020030501014106,NTC,7,57,195,660.0,128700.0
2020-03-05,2020030501014105,NTC,7,50,100,659.0,65900.0
2020-03-05,2020030501014402,PCBL,39,29,35,305.0,10675.0
2020-03-05,2020030501014401,PCBL,39,36,460,305.0,140300.0
2020-03-05,2020030501014400,PCBL,39,6,300,305.0,91500.0
2020-03-05,2020030501014399,PCBL,39,51,1000,305.0,305000.0
2020-03-05,2020030501014398,PCBL,39,1,50,305.0,15250.0
2020-03-05,2020030501014384,PCBL,42,1,50,305.0,15250.0
2020-03-05,2020030501014283,PCBL,11,1,100,305.0,30500.0
2020-03-05,2020030501014157,PCBL,47,45,195,304.0,59280.0
2020-03-05,2020030501014153,PIC,46,11,40,635.0,25400.0
2020-03-05,2020030501014531,PLIC,13,22,500,622.0,311000.0
2020-03-05,2020030501014530,PLIC,13,35,500,620.0,310000.0
2020-03-05,2020030501014529,PLIC,13,22,180,618.0,111240.0
2020-03-05,2020030501014404,PLIC,34,22,100,610.0,61000.0
2020-03-05,2020030501014403,PLIC,19,22,100,611.0,61100.0
2020-03-05,2020030501014449,PRIN,45,36,300,460.0,138000.0
2020-03-05,2020030501014353,PRVU,17,33,100,258.0,25800.0
2020-03-05,2020030501014070,PRVU,26,33,100,258.0,25800.0
2020-03-05,2020030501014195,RADHI,38,43,11,169.0,1859.0
2020-03-05,2020030501014510,RHPL,16,41,40,160.0,6400.0
2020-03-05,2020030501014509,RHPL,17,41,30,160.0,4800.0
2020-03-05,2020030501014432,RHPL,17,41,70,160.0,11200.0
2020-03-05,2020030501014298,RHPL,4,14,100,161.0,16100.0
2020-03-05,2020030501014184,RHPL,17,29,50,160.0,8000.0
2020-03-05,2020030501014067,RHPL,17,29,10,160.0,1600.0
2020-03-05,2020030501014448,RSDC,11,57,81,545.0,44145.0
2020-03-05,2020030501014447,RSDC,11,17,319,545.0,173855.0
2020-03-05,2020030501014244,RSDC,7,34,500,540.0,270000.0
2020-03-05,2020030501014507,SABSL,44,16,184,854.0,157136.0
2020-03-05,2020030501014243,SABSL,42,16,77,854.0,65758.0
2020-03-05,2020030501014242,SABSL,42,57,13,854.0,11102.0
2020-03-05,2020030501014241,SABSL,42,57,10,854.0,8540.0
2020-03-05,2020030501014125,SADBL,6,34,500,172.0,86000.0
2020-03-05,2020030501014124,SADBL,6,19,1526,172.0,262472.0
2020-03-05,2020030501014123,SADBL,6,49,651,172.0,111972.0
2020-03-05,2020030501014102,SADBL,6,44,500,171.0,85500.0
2020-03-05,2020030501014101,SADBL,6,58,500,171.0,85500.0
2020-03-05,2020030501014100,SADBL,6,52,200,171.0,34200.0
2020-03-05,2020030501014099,SADBL,6,56,300,171.0,51300.0
2020-03-05,2020030501014098,SADBL,6,44,153,170.0,26010.0
2020-03-05,2020030501014492,SANIMA,11,13,100,375.0,37500.0
2020-03-05,2020030501014487,SANIMA,42,13,500,375.0,187500.0
2020-03-05,2020030501014417,SANIMA,47,34,150,373.0,55950.0
2020-03-05,2020030501014416,SANIMA,47,34,365,373.0,136145.0
2020-03-05,2020030501014376,SANIMA,34,34,135,373.0,50355.0
2020-03-05,2020030501014139,SANIMA,14,32,42,371.0,15582.0
2020-03-05,2020030501014357,SAPDBL,35,26,1350,143.0,193050.0
2020-03-05,2020030501014470,SBI,45,50,350,484.0,169400.0
2020-03-05,2020030501014120,SCB,4,49,115,718.0,82570.0
2020-03-05,2020030501014119,SCB,4,45,50,717.0,35850.0
2020-03-05,2020030501014118,SCB,4,32,20,717.0,14340.0
2020-03-05,2020030501014083,SCB,54,43,20,710.0,14200.0
2020-03-05,2020030501014060,SCB,54,26,419,710.0,297490.0
2020-03-05,2020030501014059,SCB,54,45,28,708.0,19824.0
2020-03-05,2020030501014117,SCB,4,32,25,717.0,17925.0
2020-03-05,2020030501014116,SCB,4,26,20,715.0,14300.0
2020-03-05,2020030501014115,SCB,4,35,100,714.0,71400.0
2020-03-05,2020030501014114,SCB,4,39,20,714.0,14280.0
2020-03-05,2020030501014113,SCB,4,41,150,714.0,107100.0
2020-03-05,2020030501014085,SCB,33,46,100,711.0,71100.0
2020-03-05,2020030501014475,SDESI,17,35,50,1000.0,50000.0
2020-03-05,2020030501014429,SFCL,52,52,190,99.0,18810.0
2020-03-05,2020030501014326,SHINE,58,46,575,306.0,175950.0
2020-03-05,2020030501014325,SHINE,58,40,500,306.0,153000.0
2020-03-05,2020030501014324,SHINE,58,1,32,306.0,9792.0
2020-03-05,2020030501014323,SHINE,58,1,1800,306.0,550800.0
2020-03-05,2020030501014122,SHINE,6,43,230,305.0,70150.0
2020-03-05,2020030501014493,SHIVM,34,29,40,617.0,24680.0
2020-03-05,2020030501014190,SHIVM,36,57,100,613.0,61300.0
2020-03-05,2020030501014397,SICL,56,19,200,1009.0,201800.0
2020-03-05,2020030501014396,SICL,56,28,500,999.0,499500.0
2020-03-05,2020030501014395,SICL,56,59,100,999.0,99900.0
2020-03-05,2020030501014394,SICL,56,57,40,995.0,39800.0
2020-03-05,2020030501014365,SICL,37,10,438,990.0,433620.0
2020-03-05,2020030501014364,SICL,16,10,86,990.0,85140.0
2020-03-05,2020030501014363,SICL,4,10,200,990.0,198000.0
2020-03-05,2020030501014362,SICL,37,10,276,990.0,273240.0
2020-03-05,2020030501014191,SICL,5,57,10,995.0,9950.0
2020-03-05,2020030501014182,SICL,37,38,200,990.0,198000.0
2020-03-05,2020030501014177,SJCL,29,48,20,154.0,3080.0
2020-03-05,2020030501014034,SJCL,56,14,38,156.0,5928.0
2020-03-05,2020030501014033,SJCL,56,1,20,155.0,3100.0
2020-03-05,2020030501014032,SJCL,56,45,10,155.0,1550.0
2020-03-05,2020030501014491,SKBBL,40,41,100,1200.0,120000.0
2020-03-05,2020030501014490,SKBBL,40,8,100,1200.0,120000.0
2020-03-05,2020030501014489,SKBBL,40,8,159,1200.0,190800.0
2020-03-05,2020030501014464,SKBBL,57,8,41,1200.0,49200.0
2020-03-05,2020030501014463,SKBBL,57,45,19,1200.0,22800.0
2020-03-05,2020030501014462,SKBBL,57,55,50,1200.0,60000.0
2020-03-05,2020030501014461,SKBBL,57,10,90,1200.0,108000.0
2020-03-05,2020030501014086,SKBBL,53,8,100,1177.0,117700.0
2020-03-05,2020030501014077,SLICL,13,47,300,488.0,146400.0
2020-03-05,2020030501014047,SLICL,55,28,50,489.0,24450.0
2020-03-05,2020030501014046,SLICL,55,58,50,488.0,24400.0
2020-03-05,2020030501014443,SMATA,19,53,20,762.0,15240.0
2020-03-05,2020030501014442,SMATA,19,39,10,762.0,7620.0
2020-03-05,2020030501014441,SMATA,19,28,100,760.0,76000.0
2020-03-05,2020030501014370,SMB,48,51,40,944.0,37760.0
2020-03-05,2020030501014383,SPARS,40,59,50,860.0,43000.0
2020-03-05,2020030501014382,SPARS,40,5,100,860.0,86000.0
2020-03-05,2020030501014520,SPDL,16,33,29,101.0,2929.0
2020-03-05,2020030501014488,SPDL,32,21,15,100.0,1500.0
2020-03-05,2020030501014523,SRBL,57,45,110,265.0,29150.0
2020-03-05,2020030501014368,SRBL,57,42,1000,267.0,267000.0
2020-03-05,2020030501014333,SRBL,8,41,100,267.0,26700.0
2020-03-05,2020030501014096,SRBL,51,6,493,266.0,131138.0
2020-03-05,2020030501014095,SRBL,51,34,998,266.0,265468.0
2020-03-05,2020030501014094,SRBL,51,6,500,266.0,133000.0
2020-03-05,2020030501014517,TRH,32,43,300,265.0,79500.0
2020-03-05,2020030501014511,UMHL,34,21,18,107.0,1926.0
2020-03-05,2020030501014321,UPCL,58,5,340,77.0,26180.0
2020-03-05,2020030501014103,UPCL,4,26,100,76.0,7600.0
2020-03-05,2020030501014072,UPCL,34,5,300,77.0,23100.0
2020-03-05,2020030501013960,ADBL,14,45,190,415.0,78850.0
2020-03-05,2020030501013959,ADBL,14,46,100,415.0,41500.0
2020-03-05,2020030501013958,ADBL,14,44,100,415.0,41500.0
2020-03-05,2020030501013957,ADBL,14,57,550,415.0,228250.0
2020-03-05,2020030501013830,ADBL,33,57,100,415.0,41500.0
2020-03-05,2020030501013608,ADBL,29,51,100,411.0,41100.0
2020-03-05,2020030501013607,ADBL,29,1,50,410.0,20500.0
2020-03-05,2020030501013606,ADBL,29,33,3096,410.0,1269360.0
2020-03-05,2020030501013571,ADBL,4,33,164,410.0,67240.0
2020-03-05,2020030501013609,ADBL,29,49,185,412.0,76220.0
2020-03-05,2020030501013969,AKPL,56,43,13,126.0,1638.0
2020-03-05,2020030501013777,AKPL,56,32,2000,126.0,252000.0
2020-03-05,2020030501013776,AKPL,56,46,626,126.0,78876.0
2020-03-05,2020030501013885,ALBSL,7,45,50,737.0,36850.0
2020-03-05,2020030501013884,ALBSL,7,48,11,737.0,8107.0
2020-03-05,2020030501013883,ALBSL,7,45,11,737.0,8107.0
2020-03-05,2020030501013882,ALBSL,7,58,100,736.0,73600.0
2020-03-05,2020030501013901,ALICL,44,45,111,607.0,67377.0
2020-03-05,2020030501013872,ALICL,45,25,100,606.0,60600.0
2020-03-05,2020030501013871,ALICL,45,40,200,606.0,121200.0
2020-03-05,2020030501013870,ALICL,45,35,200,606.0,121200.0
2020-03-05,2020030501013869,ALICL,45,59,336,606.0,203616.0
2020-03-05,2020030501013868,ALICL,45,16,400,605.0,242000.0
2020-03-05,2020030501013816,ALICL,58,28,450,595.0,267750.0
2020-03-05,2020030501013867,ALICL,45,1,100,605.0,60500.0
2020-03-05,2020030501013866,ALICL,45,6,10,605.0,6050.0
2020-03-05,2020030501013835,ALICL,45,25,100,600.0,60000.0
2020-03-05,2020030501013834,ALICL,45,58,480,600.0,288000.0
2020-03-05,2020030501013818,ALICL,58,50,100,596.0,59600.0
2020-03-05,2020030501013817,ALICL,58,35,300,596.0,178800.0
2020-03-05,2020030501013905,API,42,59,3723,130.0,483990.0
2020-03-05,2020030501013863,API,42,59,1274,130.0,165620.0
2020-03-05,2020030501013862,API,42,59,1099,130.0,142870.0
2020-03-05,2020030501013829,API,42,59,3572,130.0,464360.0
2020-03-05,2020030501013547,API,42,41,329,130.0,42770.0
2020-03-05,2020030501013802,BOKL,22,46,100,249.0,24900.0
2020-03-05,2020030501013764,BOKL,8,46,100,249.0,24900.0
2020-03-05,2020030501013657,BOKL,42,46,129,249.0,32121.0
2020-03-05,2020030501013656,BOKL,42,32,550,249.0,136950.0
2020-03-05,2020030501013655,BOKL,42,50,321,249.0,79929.0
2020-03-05,2020030501014004,BPCL,37,43,11,361.0,3971.0
2020-03-05,2020030501013942,BPCL,37,58,189,365.0,68985.0
2020-03-05,2020030501013644,CBBL,57,1,50,1119.0,55950.0
2020-03-05,2020030501013538,CBBL,57,54,450,1119.0,503550.0
2020-03-05,2020030501014003,CCBL,22,57,226,186.0,42036.0
2020-03-05,2020030501014002,CCBL,22,11,175,186.0,32550.0
2020-03-05,2020030501014001,CCBL,22,11,175,186.0,32550.0
2020-03-05,2020030501014000,CCBL,22,53,19,186.0,3534.0
2020-03-05,2020030501013880,CCBL,14,53,390,186.0,72540.0
2020-03-05,2020030501013649,CCBL,34,53,500,186.0,93000.0
2020-03-05,2020030501013680,CHCL,44,56,42,417.0,17514.0
2020-03-05,2020030501013679,CHCL,44,45,158,417.0,65886.0
2020-03-05,2020030501013628,CHCL,42,45,50,417.0,20850.0
2020-03-05,2020030501013583,CHCL,26,53,16,416.0,6656.0
2020-03-05,2020030501013790,CIT,57,50,50,2770.0,138500.0
2020-03-05,2020030501013615,CZBIL,34,5,60,205.0,12300.0
2020-03-05,2020030501013614,CZBIL,14,5,40,205.0,8200.0
2020-03-05,2020030501013543,CZBIL,34,45,476,207.0,98532.0
2020-03-05,2020030501013542,CZBIL,34,6,24,207.0,4968.0
2020-03-05,2020030501013986,DDBL,5,55,10,926.0,9260.0
2020-03-05,2020030501013989,EBL,54,22,400,765.0,306000.0
2020-03-05,2020030501013988,EBL,54,7,100,765.0,76500.0
2020-03-05,2020030501013873,EBL,7,54,50,755.0,37750.0
2020-03-05,2020030501013851,EBL,7,28,63,762.0,48006.0
2020-03-05,2020030501013850,EBL,7,39,65,760.0,49400.0
2020-03-05,2020030501013831,EBL,18,22,40,759.0,30360.0
2020-03-05,2020030501013625,EBL,1,56,40,759.0,30360.0
2020-03-05,2020030501013562,EBL,19,56,50,759.0,37950.0
2020-03-05,2020030501013752,EBL,1,22,160,759.0,121440.0
2020-03-05,2020030501013744,EBL,7,39,60,760.0,45600.0
2020-03-05,2020030501013743,EBL,7,7,50,760.0,38000.0
2020-03-05,2020030501013742,EBL,7,35,390,760.0,296400.0
2020-03-05,2020030501013732,EBL,10,35,200,760.0,152000.0
2020-03-05,2020030501013653,EBL,57,35,100,760.0,76000.0
2020-03-05,2020030501013643,EDBL,5,26,100,400.0,40000.0
2020-03-05,2020030501013559,EDBL,37,22,100,395.0,39500.0
2020-03-05,2020030501013558,EDBL,37,25,500,395.0,197500.0
2020-03-05,2020030501013557,EDBL,37,52,74,395.0,29230.0
2020-03-05,2020030501014015,EIC,41,7,100,417.0,41700.0
2020-03-05,2020030501013970,EIC,41,28,500,417.0,208500.0
2020-03-05,2020030501013857,EIC,52,35,100,417.0,41700.0
2020-03-05,2020030501013811,EIC,28,41,500,415.0,207500.0
2020-03-05,2020030501013810,EIC,28,20,130,414.0,53820.0
2020-03-05,2020030501013755,EIC,58,39,125,412.0,51500.0
2020-03-05,2020030501013754,EIC,58,38,300,412.0,123600.0
2020-03-05,2020030501013753,EIC,58,17,200,411.0,82200.0
2020-03-05,2020030501013740,EIC,50,17,50,411.0,20550.0
2020-03-05,2020030501013618,EIC,17,28,125,410.0,51250.0
2020-03-05,2020030501013561,EIC,17,28,100,410.0,41000.0
2020-03-05,2020030501013778,FOWAD,34,45,50,1553.0,77650.0
2020-03-05,2020030501013756,FOWAD,39,45,10,1578.0,15780.0
2020-03-05,2020030501013895,GBBL,50,17,1850,245.0,453250.0
2020-03-05,2020030501013782,GBBL,50,17,500,245.0,122500.0
2020-03-05,2020030501013781,GBBL,50,13,1000,245.0,245000.0
2020-03-05,2020030501013646,GBBL,42,17,50,245.0,12250.0
2020-03-05,2020030501013993,GBIME,1,8,270,290.0,78300.0
2020-03-05,2020030501013992,GBIME,1,48,241,290.0,69890.0
2020-03-05,2020030501013991,GBIME,1,36,489,290.0,141810.0
2020-03-05,2020030501013861,GBIME,29,36,11,290.0,3190.0
2020-03-05,2020030501013860,GBIME,29,34,89,290.0,25810.0
2020-03-05,2020030501013641,GBIME,28,38,600,289.0,173400.0
2020-03-05,2020030501013566,GBIME,42,33,130,288.0,37440.0
2020-03-05,2020030501013596,GBIME,29,7,23,288.0,6624.0
2020-03-05,2020030501013595,GBIME,29,7,29,288.0,8352.0
2020-03-05,2020030501013594,GBIME,29,7,29,288.0,8352.0
2020-03-05,2020030501013593,GBIME,29,7,762,288.0,219456.0
2020-03-05,2020030501013592,GBIME,29,46,80,288.0,23040.0
2020-03-05,2020030501013567,GBIME,42,46,220,288.0,63360.0
2020-03-05,2020030501013640,GBIME,28,49,1921,289.0,555169.0
2020-03-05,2020030501013639,GBIME,28,44,5000,289.0,1445000.0
2020-03-05,2020030501013638,GBIME,28,44,70,288.0,20160.0
2020-03-05,2020030501013637,GBIME,28,26,1224,288.0,352512.0
2020-03-05,2020030501013636,GBIME,28,14,173,288.0,49824.0
2020-03-05,2020030501013597,GBIME,29,14,77,288.0,22176.0
2020-03-05,2020030501014025,GBLBS,51,47,15,522.0,7830.0
2020-03-05,2020030501014024,GBLBS,51,16,100,522.0,52200.0
2020-03-05,2020030501014023,GBLBS,51,16,400,524.0,209600.0
2020-03-05,2020030501014020,GBLBS,51,44,1500,524.0,786000.0
2020-03-05,2020030501014019,GBLBS,51,54,100,524.0,52400.0
2020-03-05,2020030501014012,GBLBS,51,58,1000,523.0,523000.0
2020-03-05,2020030501014011,GBLBS,44,58,400,523.0,209200.0
2020-03-05,2020030501013953,GBLBS,44,13,500,523.0,261500.0
2020-03-05,2020030501013926,GBLBS,51,36,190,522.0,99180.0
2020-03-05,2020030501013899,GBLBS,41,36,810,522.0,422820.0
2020-03-05,2020030501013632,GBLBS,41,42,20,525.0,10500.0
2020-03-05,2020030501013894,GFCL,43,29,40,160.0,6400.0
2020-03-05,2020030501013893,GFCL,43,14,1000,160.0,160000.0
2020-03-05,2020030501013892,GFCL,43,36,50,160.0,8000.0
2020-03-05,2020030501013833,GGBSL,7,47,20,790.0,15800.0
2020-03-05,2020030501013741,GGBSL,57,48,10,775.0,7750.0
2020-03-05,2020030501013848,GLBSL,21,22,10,663.0,6630.0
2020-03-05,2020030501013828,GLBSL,21,48,10,655.0,6550.0
2020-03-05,2020030501013827,GLBSL,21,41,10,655.0,6550.0
2020-03-05,2020030501013826,GLBSL,21,48,70,653.0,45710.0
2020-03-05,2020030501013825,GLBSL,21,58,15,650.0,9750.0
2020-03-05,2020030501013824,GLBSL,21,45,50,650.0,32500.0
2020-03-05,2020030501013800,GLBSL,39,21,10,644.0,6440.0
2020-03-05,2020030501014010,GLICL,58,25,30,501.0,15030.0
2020-03-05,2020030501014009,GLICL,44,25,20,501.0,10020.0
2020-03-05,2020030501014008,GLICL,58,25,100,501.0,50100.0
2020-03-05,2020030501014007,GLICL,11,25,50,501.0,25050.0
2020-03-05,2020030501013858,GLICL,41,45,50,503.0,25150.0
2020-03-05,2020030501013795,GLICL,38,32,50,500.0,25000.0
2020-03-05,2020030501013564,GLICL,7,40,100,498.0,49800.0
2020-03-05,2020030501013563,GLICL,7,34,200,498.0,99600.0
2020-03-05,2020030501013794,GLICL,38,52,54,500.0,27000.0
2020-03-05,2020030501013793,GLICL,38,53,100,500.0,50000.0
2020-03-05,2020030501013652,GLICL,39,57,74,499.0,36926.0
2020-03-05,2020030501013651,GLICL,41,57,126,499.0,62874.0
2020-03-05,2020030501013645,GLICL,41,17,24,499.0,11976.0
2020-03-05,2020030501013565,GLICL,7,26,200,499.0,99800.0
2020-03-05,2020030501013832,GUFL,43,48,200,132.0,26400.0
2020-03-05,2020030501013799,GUFL,32,54,29,130.0,3770.0
2020-03-05,2020030501013961,HBL,16,50,14,632.0,8848.0
2020-03-05,2020030501013775,HBL,44,50,486,632.0,307152.0
2020-03-05,2020030501013774,HBL,44,28,100,632.0,63200.0
2020-03-05,2020030501013773,HBL,44,35,100,632.0,63200.0
2020-03-05,2020030501013772,HBL,44,34,300,632.0,189600.0
2020-03-05,2020030501013771,HBL,44,6,13,629.0,8177.0
2020-03-05,2020030501013770,HBL,44,48,10,620.0,6200.0
2020-03-05,2020030501013769,HBL,44,7,40,620.0,24800.0
2020-03-05,2020030501013768,HBL,44,57,101,620.0,62620.0
2020-03-05,2020030501013906,HDL,55,49,100,1652.0,165200.0
2020-03-05,2020030501013809,HDL,47,29,20,1650.0,33000.0
2020-03-05,2020030501013808,HDL,47,1,50,1650.0,82500.0
2020-03-05,2020030501013807,HDL,47,25,100,1650.0,165000.0
2020-03-05,2020030501013806,HDL,47,56,30,1650.0,49500.0
2020-03-05,2020030501013805,HDL,47,48,50,1650.0,82500.0
2020-03-05,2020030501013804,HDL,47,49,200,1650.0,330000.0
2020-03-05,2020030501013803,HDL,47,42,30,1650.0,49500.0
2020-03-05,2020030501013931,HGI,50,7,200,407.0,81400.0
2020-03-05,2020030501013874,HGI,36,7,200,407.0,81400.0
2020-03-05,2020030501013846,HGI,56,7,200,407.0,81400.0
2020-03-05,2020030501013845,HGI,56,7,200,407.0,81400.0
2020-03-05,2020030501013801,HGI,56,7,200,407.0,81400.0
2020-03-05,2020030501013780,HGI,56,11,200,407.0,81400.0
2020-03-05,2020030501013779,HGI,56,11,20,406.0,8120.0
2020-03-05,2020030501013759,HGI,49,11,780,406.0,316680.0
2020-03-05,2020030501013758,HGI,49,45,20,405.0,8100.0
2020-03-05,2020030501013757,HGI,49,11,200,405.0,81000.0
2020-03-05,2020030501013540,HGI,34,36,100,403.0,40300.0
2020-03-05,2020030501014017,HIDCL,4,7,100,139.0,13900.0
2020-03-05,2020030501014016,HIDCL,4,26,63,139.0,8757.0
2020-03-05,2020030501013968,HIDCL,25,41,156,138.0,21528.0
2020-03-05,2020030501013929,HIDCL,37,41,157,136.0,21352.0
2020-03-05,2020030501013928,HIDCL,48,41,223,136.0,30328.0
2020-03-05,2020030501013927,HIDCL,55,41,500,137.0,68500.0
2020-03-05,2020030501013734,HIDCL,48,41,220,136.0,29920.0
2020-03-05,2020030501013627,HIDCL,14,41,394,138.0,54372.0
2020-03-05,2020030501014005,ILBS,57,40,10,814.0,8140.0
2020-03-05,2020030501013856,ILBS,18,35,10,810.0,8100.0
2020-03-05,2020030501013765,ILBS,41,35,10,814.0,8140.0
2020-03-05,2020030501013629,JBBL,51,47,100,191.0,19100.0
2020-03-05,2020030501013987,KBL,49,36,1000,211.0,211000.0
2020-03-05,2020030501013962,KBL,20,36,300,211.0,63300.0
2020-03-05,2020030501013791,KMCDB,7,48,10,905.0,9050.0
2020-03-05,2020030501013604,KMCDB,7,1,10,907.0,9070.0
2020-03-05,2020030501013570,KMCDB,1,1,10,900.0,9000.0
2020-03-05,2020030501013760,KMCDB,7,48,10,905.0,9050.0
2020-03-05,2020030501013746,KMCDB,7,48,10,905.0,9050.0
2020-03-05,2020030501013723,KMCDB,7,1,10,905.0,9050.0
2020-03-05,2020030501013678,KMCDB,7,1,10,905.0,9050.0
2020-03-05,2020030501013634,KMCDB,7,1,10,905.0,9050.0
2020-03-05,2020030501014006,LBBL,54,1,10,205.0,2050.0
2020-03-05,2020030501013963,LBBL,4,1,100,205.0,20500.0
2020-03-05,2020030501013897,LBBL,51,1,90,205.0,18450.0
2020-03-05,2020030501013896,LBBL,51,54,10,205.0,2050.0
2020-03-05,2020030501013654,LBBL,54,57,10,201.0,2010.0
2020-03-05,2020030501013797,LBL,7,44,80,233.0,18640.0
2020-03-05,2020030501013796,LBL,7,48,10,233.0,2330.0
2020-03-05,2020030501013938,LGIL,33,6,278,514.0,142892.0
2020-03-05,2020030501013876,LGIL,33,43,200,514.0,102800.0
2020-03-05,2020030501013819,LGIL,33,21,50,514.0,25700.0
2020-03-05,2020030501013766,LGIL,33,44,240,514.0,123360.0
2020-03-05,2020030501013738,LGIL,14,16,500,513.0,256500.0
2020-03-05,2020030501013717,LGIL,28,44,500,510.0,255000.0
2020-03-05,2020030501013716,LGIL,28,38,150,510.0,76500.0
2020-03-05,2020030501013573,LICN,1,26,63,1500.0,94500.0
2020-03-05,2020030501013687,LLBS,21,22,17,1118.0,19006.0
2020-03-05,2020030501013682,LLBS,21,14,26,1110.0,28860.0
2020-03-05,2020030501013681,LLBS,40,14,23,1110.0,25530.0
2020-03-05,2020030501013648,LLBS,21,17,10,1115.0,11150.0
2020-03-05,2020030501013647,LLBS,21,17,10,1115.0,11150.0
2020-03-05,2020030501013663,MBL,25,47,200,247.0,49400.0
2020-03-05,2020030501013662,MBL,29,47,257,247.0,63479.0
2020-03-05,2020030501013661,MBL,45,47,1000,248.0,248000.0
2020-03-05,2020030501013660,MBL,14,47,43,248.0,10664.0
2020-03-05,2020030501013659,MBL,38,47,450,249.0,112050.0
2020-03-05,2020030501013812,MERO,6,14,40,699.0,27960.0
2020-03-05,2020030501013692,MERO,6,55,109,699.0,76191.0
2020-03-05,2020030501013999,MFIL,4,43,1284,319.0,409596.0
2020-03-05,2020030501013981,MFIL,4,5,716,319.0,228404.0
2020-03-05,2020030501013980,MFIL,34,5,100,319.0,31900.0
2020-03-05,2020030501013979,MFIL,55,5,4000,319.0,1276000.0
2020-03-05,2020030501013978,MFIL,46,5,50,319.0,15950.0
2020-03-05,2020030501013977,MFIL,52,5,1000,319.0,319000.0
2020-03-05,2020030501013976,MFIL,55,5,5000,319.0,1595000.0
2020-03-05,2020030501013975,MFIL,38,5,1000,319.0,319000.0
2020-03-05,2020030501013974,MFIL,38,5,134,319.0,42746.0
2020-03-05,2020030501013907,MFIL,38,29,500,319.0,159500.0
2020-03-05,2020030501013767,MFIL,38,11,303,319.0,96657.0
2020-03-05,2020030501013891,MLBL,13,6,100,224.0,22400.0
2020-03-05,2020030501013822,MNBBL,34,14,49,340.0,16660.0
2020-03-05,2020030501013821,MNBBL,34,22,125,340.0,42500.0
2020-03-05,2020030501013733,MNBBL,25,56,95,339.0,32205.0
2020-03-05,2020030501013751,NABIL,45,11,150,851.0,127650.0
2020-03-05,2020030501013719,NABIL,13,17,50,845.0,42250.0
2020-03-05,2020030501013674,NABIL,19,11,100,851.0,85100.0
2020-03-05,2020030501013673,NABIL,19,57,100,851.0,85100.0
2020-03-05,2020030501013650,NABIL,56,35,50,850.0,42500.0
2020-03-05,2020030501013581,NABIL,21,42,88,850.0,74800.0
2020-03-05,2020030501013580,NABIL,21,56,50,850.0,42500.0
2020-03-05,2020030501013579,NABIL,21,58,62,849.0,52638.0
2020-03-05,2020030501013728,NADEP,18,28,10,759.0,7590.0
2020-03-05,2020030501013727,NADEP,18,46,10,746.0,7460.0
2020-03-05,2020030501013697,NADEP,18,46,10,746.0,7460.0
2020-03-05,2020030501013696,NADEP,18,38,30,746.0,22380.0
2020-03-05,2020030501013695,NADEP,18,1,23,732.0,16836.0
2020-03-05,2020030501013590,NADEP,51,38,160,746.0,119360.0
2020-03-05,2020030501013589,NADEP,51,49,23,745.0,17135.0
2020-03-05,2020030501013588,NADEP,51,1,17,745.0,12665.0
2020-03-05,2020030501013967,NBB,20,36,100,228.0,22800.0
2020-03-05,2020030501013966,NBB,49,36,100,228.0,22800.0
2020-03-05,2020030501013935,NBL,25,44,2000,287.0,574000.0
2020-03-05,2020030501013726,NBL,58,49,45,286.0,12870.0
2020-03-05,2020030501013715,NBL,58,49,200,286.0,57200.0
2020-03-05,2020030501013671,NBL,58,49,150,286.0,42900.0
2020-03-05,2020030501013601,NBL,34,49,1000,286.0,286000.0
2020-03-05,2020030501013700,NCCB,48,33,700,204.0,142800.0
2020-03-05,2020030501013699,NCCB,48,32,300,204.0,61200.0
2020-03-05,2020030501013747,NHDL,48,39,10,159.0,1590.0
2020-03-05,2020030501014027,NIB,14,43,44,420.0,18480.0
2020-03-05,2020030501013995,NIB,51,6,250,423.0,105750.0
2020-03-05,2020030501013994,NIB,51,35,44,423.0,18612.0
2020-03-05,2020030501013940,NIB,10,58,45,421.0,18945.0
2020-03-05,2020030501013823,NIB,7,58,45,421.0,18945.0
2020-03-05,2020030501013722,NIB,45,58,910,421.0,383110.0
2020-03-05,2020030501013666,NIB,45,6,100,419.0,41900.0
2020-03-05,2020030501013665,NIB,45,42,250,419.0,104750.0
2020-03-05,2020030501013616,NIB,33,26,1230,418.0,514140.0
2020-03-05,2020030501013535,NIB,43,40,93,419.0,38967.0
2020-03-05,2020030501013534,NIB,43,35,107,419.0,44833.0
2020-03-05,2020030501013721,NIB,45,11,52,421.0,21892.0
2020-03-05,2020030501013720,NIB,45,53,38,420.0,15960.0
2020-03-05,2020030501013670,NIB,45,53,62,420.0,26040.0
2020-03-05,2020030501013669,NIB,45,10,2000,420.0,840000.0
2020-03-05,2020030501013668,NIB,45,10,2000,420.0,840000.0
2020-03-05,2020030501013667,NIB,45,13,588,419.0,246372.0
2020-03-05,2020030501014022,NICA,51,33,700,587.0,410900.0
2020-03-05,2020030501014021,NICA,51,28,300,586.0,175800.0
2020-03-05,2020030501013998,NICA,48,28,200,586.0,117200.0
2020-03-05,2020030501013997,NICA,48,28,300,586.0,175800.0
2020-03-05,2020030501013919,NICA,56,28,500,586.0,293000.0
2020-03-05,2020030501013837,NICA,36,28,200,586.0,117200.0
2020-03-05,2020030501013626,NICA,57,36,10,589.0,5890.0
2020-03-05,2020030501013574,NICA,28,32,490,587.0,287630.0
2020-03-05,2020030501013551,NICA,59,32,10,587.0,5870.0
2020-03-05,2020030501013550,NICA,59,58,50,586.0,29300.0
2020-03-05,2020030501013549,NICA,59,17,50,585.0,29250.0
2020-03-05,2020030501013750,NICA,6,33,200,587.0,117400.0
2020-03-05,2020030501013749,NICA,25,33,1000,587.0,587000.0
2020-03-05,2020030501013748,NICA,28,33,10,587.0,5870.0
2020-03-05,2020030501013736,NICA,50,36,90,589.0,53010.0
2020-03-05,2020030501013735,NICA,50,26,410,588.0,241080.0
2020-03-05,2020030501013633,NICA,57,36,140,589.0,82460.0
2020-03-05,2020030501013973,NICL,43,34,590,473.0,279070.0
2020-03-05,2020030501013972,NICL,43,6,200,473.0,94600.0
2020-03-05,2020030501013971,NICL,43,35,10,472.0,4720.0
2020-03-05,2020030501013925,NICL,43,35,190,472.0,89680.0
2020-03-05,2020030501013924,NICL,43,35,100,472.0,47200.0
2020-03-05,2020030501013923,NICL,43,48,100,471.0,47100.0
2020-03-05,2020030501013922,NICL,43,1,100,470.0,47000.0
2020-03-05,2020030501013921,NICL,43,40,10,470.0,4700.0
2020-03-05,2020030501013956,NIL,25,43,50,594.0,29700.0
2020-03-05,2020030501013815,NIL,55,43,221,592.0,130832.0
2020-03-05,2020030501013814,NIL,48,43,200,595.0,119000.0
2020-03-05,2020030501013813,NIL,7,43,87,595.0,51765.0
2020-03-05,2020030501013737,NIL,7,43,13,595.0,7735.0
2020-03-05,2020030501013576,NIL,34,28,300,596.0,178800.0
2020-03-05,2020030501013575,NIL,13,28,132,596.0,78672.0
2020-03-05,2020030501013554,NIL,13,47,50,596.0,29800.0
2020-03-05,2020030501013664,NLG,45,4,100,650.0,65000.0
2020-03-05,2020030501013630,NLG,6,28,50,650.0,32500.0
2020-03-05,2020030501013600,NLG,53,42,150,650.0,97500.0
2020-03-05,2020030501013548,NLG,6,33,11,649.0,7139.0
2020-03-05,2020030501014018,NLIC,57,49,1000,1255.0,1255000.0
2020-03-05,2020030501013996,NLIC,1,49,100,1255.0,125500.0
2020-03-05,2020030501013990,NLIC,42,49,100,1255.0,125500.0
2020-03-05,2020030501013984,NLIC,54,49,300,1255.0,376500.0
2020-03-05,2020030501013939,NLIC,34,49,200,1255.0,251000.0
2020-03-05,2020030501013937,NLIC,55,49,478,1255.0,599890.0
2020-03-05,2020030501013536,NLIC,34,49,20,1255.0,25100.0
2020-03-05,2020030501013611,NLIC,52,44,92,1254.0,115368.0
2020-03-05,2020030501013610,NLIC,45,44,500,1254.0,627000.0
2020-03-05,2020030501013605,NLIC,39,44,50,1254.0,62700.0
2020-03-05,2020030501013560,NLIC,8,44,100,1254.0,125400.0
2020-03-05,2020030501013552,NLIC,49,44,200,1254.0,250800.0
2020-03-05,2020030501013537,NLIC,28,44,58,1254.0,72732.0
2020-03-05,2020030501013705,NLIC,43,34,50,1251.0,62550.0
2020-03-05,2020030501013704,NLIC,14,34,100,1251.0,125100.0
2020-03-05,2020030501013698,NLIC,39,49,100,1255.0,125500.0
2020-03-05,2020030501013683,NLIC,39,49,100,1255.0,125500.0
2020-03-05,2020030501013675,NLIC,45,43,11,1251.0,13761.0
2020-03-05,2020030501013635,NLIC,8,49,80,1255.0,100400.0
2020-03-05,2020030501013711,NLIC,56,34,100,1250.0,125000.0
2020-03-05,2020030501013710,NLIC,5,34,200,1250.0,250000.0
2020-03-05,2020030501013709,NLIC,55,34,100,1250.0,125000.0
2020-03-05,2020030501013708,NLIC,39,34,10,1250.0,12500.0
2020-03-05,2020030501013707,NLIC,34,34,100,1250.0,125000.0
2020-03-05,2020030501013706,NLIC,58,34,3000,1251.0,3753000.0
2020-03-05,2020030501013792,NLIC,13,34,50,1254.0,62700.0
2020-03-05,2020030501013745,NLIC,26,34,10,1250.0,12500.0
2020-03-05,2020030501013739,NLIC,32,34,10,1250.0,12500.0
2020-03-05,2020030501013714,NLIC,51,34,20,1250.0,25000.0
2020-03-05,2020030501013713,NLIC,53,34,200,1250.0,250000.0
2020-03-05,2020030501013712,NLIC,56,34,100,1250.0,125000.0
2020-03-05,2020030501013936,NLIC,55,43,22,1254.0,27588.0
2020-03-05,2020030501013903,NLIC,54,28,100,1254.0,125400.0
2020-03-05,2020030501013902,NLIC,54,34,450,1254.0,564300.0
2020-03-05,2020030501013865,NLIC,52,34,200,1254.0,250800.0
2020-03-05,2020030501013855,NLIC,39,34,100,1254.0,125400.0
2020-03-05,2020030501013836,NLIC,34,34,200,1254.0,250800.0
2020-03-05,2020030501013934,NLICL,58,44,1000,730.0,730000.0
2020-03-05,2020030501013941,NMB,34,28,500,467.0,233500.0
2020-03-05,2020030501013920,NMB,34,22,105,467.0,49035.0
2020-03-05,2020030501013908,NMB,17,22,1000,467.0,467000.0
2020-03-05,2020030501013904,NMB,28,22,160,467.0,74720.0
2020-03-05,2020030501013886,NMB,32,45,300,467.0,140100.0
2020-03-05,2020030501013859,NMB,1,28,300,466.0,139800.0
2020-03-05,2020030501013847,NMB,34,26,2750,466.0,1281500.0
2020-03-05,2020030501013702,NMB,38,45,100,467.0,46700.0
2020-03-05,2020030501013672,NMB,6,45,100,467.0,46700.0
2020-03-05,2020030501013587,NMB,52,59,500,466.0,233000.0
2020-03-05,2020030501013586,NMB,52,34,286,466.0,133276.0
2020-03-05,2020030501013585,NMB,52,35,445,466.0,207370.0
2020-03-05,2020030501013854,NMFBS,33,26,15,1799.0,26985.0
2020-03-05,2020030501013853,NMFBS,33,33,100,1799.0,179900.0
2020-03-05,2020030501013852,NMFBS,33,59,15,1790.0,26850.0
2020-03-05,2020030501013965,NSEWA,1,41,10,728.0,7280.0
2020-03-05,2020030501013761,NSEWA,43,41,10,728.0,7280.0
2020-03-05,2020030501014014,NTC,7,28,100,654.0,65400.0
2020-03-05,2020030501013676,OHL,37,49,50,468.0,23400.0
2020-03-05,2020030501013572,OHL,41,54,545,459.0,250155.0
2020-03-05,2020030501013933,PCBL,41,45,100,304.0,30400.0
2020-03-05,2020030501013910,PCBL,8,45,724,304.0,220096.0
2020-03-05,2020030501013909,PCBL,8,43,56,304.0,17024.0
2020-03-05,2020030501013898,PCBL,8,26,220,303.0,66660.0
2020-03-05,2020030501013725,PCBL,35,16,663,301.0,199563.0
2020-03-05,2020030501013724,PCBL,53,16,200,301.0,60200.0
2020-03-05,2020030501013533,PCBL,14,43,122,300.0,36600.0
2020-03-05,2020030501013532,PCBL,13,43,100,301.0,30100.0
2020-03-05,2020030501014026,PIC,46,10,160,635.0,101600.0
2020-03-05,2020030501013624,PIC,53,39,50,632.0,31600.0
2020-03-05,2020030501013623,PIC,53,8,500,632.0,316000.0
2020-03-05,2020030501013622,PIC,53,6,500,632.0,316000.0
2020-03-05,2020030501013621,PIC,53,50,20,630.0,12600.0
2020-03-05,2020030501013620,PIC,53,10,100,627.0,62700.0
2020-03-05,2020030501013619,PIC,53,52,251,627.0,157377.0
2020-03-05,2020030501013599,PIC,44,57,550,625.0,343750.0
2020-03-05,2020030501013598,PIC,44,48,50,625.0,31250.0
2020-03-05,2020030501013844,PICL,10,41,100,487.0,48700.0
2020-03-05,2020030501013843,PICL,10,49,100,485.0,48500.0
2020-03-05,2020030501013786,PICL,28,17,500,480.0,240000.0
2020-03-05,2020030501013879,PLIC,34,25,100,610.0,61000.0
2020-03-05,2020030501013878,PLIC,42,38,100,606.0,60600.0
2020-03-05,2020030501013877,PLIC,45,38,100,606.0,60600.0
2020-03-05,2020030501013631,PLIC,34,43,33,605.0,19965.0
2020-03-05,2020030501013762,PPCL,49,6,10,119.0,1190.0
2020-03-05,2020030501013701,PRIN,44,6,120,456.0,54720.0
2020-03-05,2020030501013686,PRIN,58,33,50,455.0,22750.0
2020-03-05,2020030501013685,PRIN,58,35,200,455.0,91000.0
2020-03-05,2020030501013684,PRIN,58,57,74,455.0,33670.0
2020-03-05,2020030501013918,PRVU,57,33,1379,258.0,355782.0
2020-03-05,2020030501013917,PRVU,57,16,100,258.0,25800.0
2020-03-05,2020030501013916,PRVU,57,53,300,258.0,77400.0
2020-03-05,2020030501013915,PRVU,57,58,400,258.0,103200.0
2020-03-05,2020030501013914,PRVU,57,26,2421,257.0,622197.0
2020-03-05,2020030501013913,PRVU,57,48,29,257.0,7453.0
2020-03-05,2020030501013912,PRVU,57,54,148,257.0,38036.0
2020-03-05,2020030501013911,PRVU,57,46,223,257.0,57311.0
2020-03-05,2020030501013849,PRVU,51,46,200,257.0,51400.0
2020-03-05,2020030501013954,RHPL,17,43,40,160.0,6400.0
2020-03-05,2020030501013932,RHPL,56,14,10,161.0,1610.0
2020-03-05,2020030501013690,RHPL,39,14,30,161.0,4830.0
2020-03-05,2020030501013689,RHPL,39,57,470,161.0,75670.0
2020-03-05,2020030501013569,RHPL,17,3,50,160.0,8000.0
2020-03-05,2020030501013568,RHPL,17,29,40,160.0,6400.0
2020-03-05,2020030501013553,RHPL,50,43,40,159.0,6360.0
2020-03-05,2020030501013964,RMDC,19,49,10,738.0,7380.0
2020-03-05,2020030501013731,RRHP,7,56,10,97.0,970.0
2020-03-05,2020030501013887,RSDC,7,14,45,540.0,24300.0
2020-03-05,2020030501013694,RSDC,21,17,10,545.0,5450.0
2020-03-05,2020030501013658,RSDC,7,17,355,540.0,191700.0
2020-03-05,2020030501013617,RSDC,10,17,145,540.0,78300.0
2020-03-05,2020030501013603,RSDC,28,17,171,545.0,93195.0
2020-03-05,2020030501013602,RSDC,28,6,129,545.0,70305.0
2020-03-05,2020030501013798,SADBL,13,44,100,170.0,17000.0
2020-03-05,2020030501013952,SANIMA,13,57,761,370.0,281570.0
2020-03-05,2020030501013951,SANIMA,13,47,110,370.0,40700.0
2020-03-05,2020030501013950,SANIMA,13,48,200,370.0,74000.0
2020-03-05,2020030501013949,SANIMA,13,5,150,370.0,55500.0
2020-03-05,2020030501013948,SANIMA,13,54,500,370.0,185000.0
2020-03-05,2020030501013947,SANIMA,13,47,429,370.0,158730.0
2020-03-05,2020030501013787,SANIMA,13,45,116,368.0,42688.0
2020-03-05,2020030501013556,SANIMA,10,45,170,368.0,62560.0
2020-03-05,2020030501013555,SANIMA,10,45,200,368.0,73600.0
2020-03-05,2020030501013541,SANIMA,14,45,2000,368.0,736000.0
2020-03-05,2020030501013946,SANIMA,13,56,500,370.0,185000.0
2020-03-05,2020030501013945,SANIMA,13,58,100,370.0,37000.0
2020-03-05,2020030501013944,SANIMA,13,13,168,369.0,61992.0
2020-03-05,2020030501013943,SANIMA,13,26,1000,369.0,369000.0
2020-03-05,2020030501013789,SANIMA,13,42,100,368.0,36800.0
2020-03-05,2020030501013788,SANIMA,13,51,110,368.0,40480.0
2020-03-05,2020030501014013,SBI,45,50,100,484.0,48400.0
2020-03-05,2020030501013900,SBI,22,50,500,483.0,241500.0
2020-03-05,2020030501013584,SBI,46,10,100,485.0,48500.0
2020-03-05,2020030501013591,SBL,14,45,871,332.0,289172.0
2020-03-05,2020030501013890,SCB,49,52,50,705.0,35250.0
2020-03-05,2020030501013889,SCB,49,52,150,705.0,105750.0
2020-03-05,2020030501013888,SCB,49,6,71,705.0,50055.0
2020-03-05,2020030501013730,SDESI,47,45,100,1020.0,102000.0
2020-03-05,2020030501013729,SDESI,47,45,10,1020.0,10200.0
2020-03-05,2020030501013546,SFCL,6,50,98,100.0,9800.0
2020-03-05,2020030501013703,SHIVM,43,48,170,620.0,105400.0
2020-03-05,2020030501013691,SHIVM,43,58,30,620.0,18600.0
2020-03-05,2020030501013864,SICL,37,54,24,990.0,23760.0
2020-03-05,2020030501013642,SICL,28,10,500,990.0,495000.0
2020-03-05,2020030501013545,SIL,33,5,1500,568.0,852000.0
2020-03-05,2020030501013544,SIL,33,5,50,565.0,28250.0
2020-03-05,2020030501014031,SJCL,56,1,20,155.0,3100.0
2020-03-05,2020030501014030,SJCL,56,32,10,155.0,1550.0
2020-03-05,2020030501014029,SJCL,56,36,20,155.0,3100.0
2020-03-05,2020030501014028,SJCL,56,45,20,154.0,3080.0
2020-03-05,2020030501013985,SJCL,6,43,20,153.0,3060.0
2020-03-05,2020030501013582,SJCL,6,43,20,153.0,3060.0
2020-03-05,2020030501013875,SLICL,26,41,100,488.0,48800.0
2020-03-05,2020030501013613,SMB,45,34,265,933.0,247245.0
2020-03-05,2020030501013612,SMB,52,34,10,933.0,9330.0
2020-03-05,2020030501013539,SMB,52,34,10,933.0,9330.0
2020-03-05,2020030501013842,SRBL,35,6,340,265.0,90100.0
2020-03-05,2020030501013841,SRBL,35,35,1000,265.0,265000.0
2020-03-05,2020030501013840,SRBL,35,48,100,265.0,26500.0
2020-03-05,2020030501013839,SRBL,35,40,2355,265.0,624075.0
2020-03-05,2020030501013838,SRBL,35,40,5022,265.0,1330830.0
2020-03-05,2020030501013763,STC,51,34,10,2755.0,27550.0
2020-03-05,2020030501013688,STC,51,34,10,2701.0,27010.0
2020-03-05,2020030501013718,TRH,44,47,50,269.0,13450.0
2020-03-05,2020030501013820,UIC,28,14,10,395.0,3950.0
2020-03-05,2020030501013785,UIC,28,48,150,390.0,58500.0
2020-03-05,2020030501013784,UIC,28,41,100,390.0,39000.0
2020-03-05,2020030501013783,UIC,28,34,240,388.0,93120.0
2020-03-05,2020030501013693,UIC,58,5,100,385.0,38500.0
2020-03-05,2020030501013677,UIC,57,19,100,382.0,38200.0
2020-03-05,2020030501013578,UIC,43,41,80,380.0,30400.0
2020-03-05,2020030501013577,UIC,6,41,100,382.0,38200.0
2020-03-05,2020030501013983,WOMI,41,52,45,1100.0,49500.0
2020-03-05,2020030501013982,WOMI,41,42,50,1100.0,55000.0
2020-03-05,2020030501013955,WOMI,5,52,30,1105.0,33150.0
2020-03-05,2020030501013930,WOMI,5,45,50,1105.0,55250.0
2020-03-05,2020030501013881,WOMI,5,49,20,1105.0,22100.0
2020-03-05,2020030501019542,ADBL,14,51,162,407.0,65934.0
2020-03-05,2020030501019560,AKJCL,42,13,20,53.0,1060.0
2020-03-05,2020030501019884,AKPL,50,14,1000,125.0,125000.0
2020-03-05,2020030501019882,AKPL,42,42,10,124.0,1240.0
2020-03-05,2020030501019790,AKPL,49,46,36,125.0,4500.0
2020-03-05,2020030501019647,AKPL,42,42,10,124.0,1240.0
2020-03-05,2020030501019830,ALBSL,50,22,10,705.0,7050.0
2020-03-05,2020030501019772,API,25,56,54,132.0,7128.0
2020-03-05,2020030501019971,BFC,35,14,170,104.0,17680.0
2020-03-05,2020030501019777,BOKL,6,29,406,247.0,100282.0
2020-03-05,2020030501019754,BOKL,6,49,300,247.0,74100.0
2020-03-05,2020030501019743,BPCL,34,40,100,362.0,36200.0
2020-03-05,2020030501019742,BPCL,42,40,50,362.0,18100.0
2020-03-05,2020030501019741,BPCL,47,40,500,362.0,181000.0
2020-03-05,2020030501019740,BPCL,21,40,434,362.0,157108.0
2020-03-05,2020030501019739,BPCL,22,40,300,363.0,108900.0
2020-03-05,2020030501019775,CBBL,58,46,11,1076.0,11836.0
2020-03-05,2020030501019684,CBBL,58,42,100,1076.0,107600.0
2020-03-05,2020030501019786,CBL,25,45,843,149.0,125607.0
2020-03-05,2020030501019785,CBL,40,45,454,149.0,67646.0
2020-03-05,2020030501019634,CBL,40,59,46,149.0,6854.0
2020-03-05,2020030501019633,CBL,48,59,954,149.0,142146.0
2020-03-05,2020030501019945,CCBL,38,32,115,185.0,21275.0
2020-03-05,2020030501019944,CCBL,37,32,300,185.0,55500.0
2020-03-05,2020030501019943,CCBL,48,32,10,185.0,1850.0
2020-03-05,2020030501019942,CCBL,26,32,575,185.0,106375.0
2020-03-05,2020030501019915,CCBL,26,44,107,185.0,19795.0
2020-03-05,2020030501019907,CCBL,26,42,119,185.0,22015.0
2020-03-05,2020030501019871,CCBL,1,48,49,186.0,9114.0
2020-03-05,2020030501019709,CCBL,26,42,120,185.0,22200.0
2020-03-05,2020030501019539,CCBL,49,48,50,186.0,9300.0
2020-03-05,2020030501019563,CFCL,43,17,10,143.0,1430.0
2020-03-05,2020030501019795,CHCL,33,45,10,417.0,4170.0
2020-03-05,2020030501019855,CIT,49,49,89,2710.0,241190.0
2020-03-05,2020030501019824,CIT,26,55,90,2700.0,243000.0
2020-03-05,2020030501019823,CIT,29,55,20,2701.0,54020.0
2020-03-05,2020030501019731,CIT,35,49,100,2710.0,271000.0
2020-03-05,2020030501019730,CIT,45,49,15,2711.0,40665.0
2020-03-05,2020030501019729,CIT,19,49,17,2720.0,46240.0
2020-03-05,2020030501019658,CIT,19,41,23,2720.0,62560.0
2020-03-05,2020030501019947,DDBL,14,22,50,889.0,44450.0
2020-03-05,2020030501019908,DDBL,33,32,46,872.0,40112.0
2020-03-05,2020030501019883,DDBL,45,32,87,873.0,75951.0
2020-03-05,2020030501019590,DHPL,28,45,10,51.0,510.0
2020-03-05,2020030501019892,EBL,49,57,83,756.0,62748.0
2020-03-05,2020030501019886,EBL,49,51,500,756.0,378000.0
2020-03-05,2020030501019885,EBL,49,51,417,755.0,314835.0
2020-03-05,2020030501019587,EBL,42,51,83,756.0,62748.0
2020-03-05,2020030501019605,EIC,50,39,32,406.0,12992.0
2020-03-05,2020030501019604,EIC,48,39,50,406.0,20300.0
2020-03-05,2020030501019718,FMDBL,6,39,50,510.0,25500.0
2020-03-05,2020030501019717,FMDBL,56,39,100,510.0,51000.0
2020-03-05,2020030501019716,FMDBL,8,39,100,510.0,51000.0
2020-03-05,2020030501019715,FMDBL,53,39,110,510.0,56100.0
2020-03-05,2020030501019714,FMDBL,57,39,100,510.0,51000.0
2020-03-05,2020030501019713,FMDBL,29,39,50,511.0,25550.0
2020-03-05,2020030501019667,FMDBL,57,36,35,513.0,17955.0
2020-03-05,2020030501019666,FMDBL,49,36,20,513.0,10260.0
2020-03-05,2020030501019550,FMDBL,49,19,40,519.0,20760.0
2020-03-05,2020030501019712,FMDBL,42,39,300,511.0,153300.0
2020-03-05,2020030501019711,FMDBL,53,39,50,511.0,25550.0
2020-03-05,2020030501019710,FMDBL,13,39,140,512.0,71680.0
2020-03-05,2020030501019681,FMDBL,13,19,1100,512.0,563200.0
2020-03-05,2020030501019680,FMDBL,52,19,100,512.0,51200.0
2020-03-05,2020030501019668,FMDBL,5,36,100,513.0,51300.0
2020-03-05,2020030501020030,FOWAD,41,34,49,1544.0,75656.0
2020-03-05,2020030501020029,FOWAD,41,34,49,1544.0,75656.0
2020-03-05,2020030501019867,FOWAD,50,33,31,1525.0,47275.0
2020-03-05,2020030501019545,FOWAD,41,45,200,1528.0,305600.0
2020-03-05,2020030501019544,FOWAD,41,45,150,1528.0,229200.0
2020-03-05,2020030501019543,FOWAD,45,45,71,1530.0,108630.0
2020-03-05,2020030501019865,GBBL,45,6,500,252.0,126000.0
2020-03-05,2020030501019864,GBBL,45,39,500,252.0,126000.0
2020-03-05,2020030501019863,GBBL,45,29,66,250.0,16500.0
2020-03-05,2020030501019828,GBBL,45,29,434,250.0,108500.0
2020-03-05,2020030501019827,GBBL,45,26,46,250.0,11500.0
2020-03-05,2020030501019826,GBBL,45,6,500,249.0,124500.0
2020-03-05,2020030501019825,GBBL,45,36,20,249.0,4980.0
2020-03-05,2020030501019635,GBBL,58,14,584,248.0,144832.0
2020-03-05,2020030501019554,GBBL,58,42,100,248.0,24800.0
2020-03-05,2020030501020005,GBIME,13,41,729,288.0,209952.0
2020-03-05,2020030501019989,GBIME,13,45,372,289.0,107508.0
2020-03-05,2020030501019988,GBIME,13,28,628,289.0,181492.0
2020-03-05,2020030501019984,GBIME,13,6,271,288.0,78048.0
2020-03-05,2020030501019983,GBIME,54,6,500,288.0,144000.0
2020-03-05,2020030501019982,GBIME,25,6,229,288.0,65952.0
2020-03-05,2020030501019677,GBIME,8,36,2372,288.0,683136.0
2020-03-05,2020030501019649,GBIME,8,48,392,287.0,112504.0
2020-03-05,2020030501019644,GBIME,8,45,61,287.0,17507.0
2020-03-05,2020030501019565,GBIME,8,45,166,287.0,47642.0
2020-03-05,2020030501019948,GBIME,25,11,205,288.0,59040.0
2020-03-05,2020030501019845,GBIME,18,28,200,289.0,57800.0
2020-03-05,2020030501019844,GBIME,45,28,150,289.0,43350.0
2020-03-05,2020030501019708,GBIME,25,38,200,288.0,57600.0
2020-03-05,2020030501019707,GBIME,25,48,366,288.0,105408.0
2020-03-05,2020030501019678,GBIME,8,48,6628,288.0,1908864.0
2020-03-05,2020030501020019,GBLBS,43,25,105,510.0,53550.0
2020-03-05,2020030501019880,GBLBS,43,17,15,510.0,7650.0
2020-03-05,2020030501019879,GBLBS,43,13,40,509.0,20360.0
2020-03-05,2020030501019728,GBLBS,50,34,80,500.0,40000.0
2020-03-05,2020030501019727,GBLBS,13,34,100,500.0,50000.0
2020-03-05,2020030501019726,GBLBS,58,34,100,500.0,50000.0
2020-03-05,2020030501019719,GBLBS,34,34,85,506.0,43010.0
2020-03-05,2020030501019591,GBLBS,34,44,15,506.0,7590.0
2020-03-05,2020030501019538,GBLBS,45,45,30,514.0,15420.0
2020-03-05,2020030501019725,GBLBS,39,34,200,500.0,100000.0
2020-03-05,2020030501019724,GBLBS,41,34,500,501.0,250500.0
2020-03-05,2020030501019723,GBLBS,55,34,500,502.0,251000.0
2020-03-05,2020030501019722,GBLBS,58,34,50,502.0,25100.0
2020-03-05,2020030501019721,GBLBS,38,34,500,504.0,252000.0
2020-03-05,2020030501019720,GBLBS,58,34,85,505.0,42925.0
2020-03-05,2020030501019559,GILB,13,58,50,1342.0,67100.0
2020-03-05,2020030501019992,GLICL,43,49,28,491.0,13748.0
2020-03-05,2020030501019991,GLICL,53,49,50,492.0,24600.0
2020-03-05,2020030501019990,GLICL,57,49,22,492.0,10824.0
2020-03-05,2020030501019815,GLICL,19,45,50,497.0,24850.0
2020-03-05,2020030501019577,GMFBS,41,39,25,830.0,20750.0
2020-03-05,2020030501019869,GRDBL,43,35,40,122.0,4880.0
2020-03-05,2020030501019586,GRDBL,42,35,100,122.0,12200.0
2020-03-05,2020030501019572,GRDBL,51,35,20,123.0,2460.0
2020-03-05,2020030501019964,HBL,25,8,10,612.0,6120.0
2020-03-05,2020030501019744,HDL,36,19,70,1620.0,113400.0
2020-03-05,2020030501019704,HDL,36,42,230,1620.0,372600.0
2020-03-05,2020030501019703,HDL,3,42,10,1620.0,16200.0
2020-03-05,2020030501019702,HDL,4,42,50,1620.0,81000.0
2020-03-05,2020030501019701,HDL,57,42,100,1620.0,162000.0
2020-03-05,2020030501019700,HDL,53,42,200,1620.0,324000.0
2020-03-05,2020030501019693,HDL,19,42,50,1623.0,81150.0
2020-03-05,2020030501019699,HDL,48,42,200,1621.0,324200.0
2020-03-05,2020030501019698,HDL,34,42,180,1621.0,291780.0
2020-03-05,2020030501019697,HDL,14,42,190,1622.0,308180.0
2020-03-05,2020030501019696,HDL,48,42,100,1622.0,162200.0
2020-03-05,2020030501019695,HDL,13,42,100,1622.0,162200.0
2020-03-05,2020030501019694,HDL,50,42,90,1622.0,145980.0
2020-03-05,2020030501020026,HGI,26,22,100,398.0,39800.0
2020-03-05,2020030501019753,HGI,11,45,185,400.0,74000.0
2020-03-05,2020030501019659,HGI,11,35,105,400.0,42000.0
2020-03-05,2020030501019941,HIDCL,6,42,61,137.0,8357.0
2020-03-05,2020030501019745,HIDCL,6,42,61,137.0,8357.0
2020-03-05,2020030501019672,HIDCL,6,6,441,137.0,60417.0
2020-03-05,2020030501019671,HIDCL,35,6,59,137.0,8083.0
2020-03-05,2020030501019648,HIDCL,35,16,330,137.0,45210.0
2020-03-05,2020030501019847,HPPL,13,26,10,145.0,1450.0
2020-03-05,2020030501019636,HPPL,13,44,10,145.0,1450.0
2020-03-05,2020030501019926,ICFC,14,6,209,190.0,39710.0
2020-03-05,2020030501019925,ICFC,32,6,500,191.0,95500.0
2020-03-05,2020030501019924,ICFC,17,6,100,191.0,19100.0
2020-03-05,2020030501019893,ILBS,55,57,10,790.0,7900.0
2020-03-05,2020030501019876,ILBS,55,17,10,775.0,7750.0
2020-03-05,2020030501019875,ILBS,55,35,10,775.0,7750.0
2020-03-05,2020030501019874,ILBS,55,20,10,774.0,7740.0
2020-03-05,2020030501019792,ILBS,55,51,60,769.0,46140.0
2020-03-05,2020030501019732,ILBS,55,35,30,770.0,23100.0
2020-03-05,2020030501019653,ILBS,57,44,10,761.0,7610.0
2020-03-05,2020030501019910,JBBL,32,45,39,191.0,7449.0
2020-03-05,2020030501020022,JOSHI,34,32,20,61.0,1220.0
2020-03-05,2020030501019685,JOSHI,25,13,20,60.0,1200.0
2020-03-05,2020030501019802,KBL,48,29,100,208.0,20800.0
2020-03-05,2020030501019801,KBL,53,29,300,208.0,62400.0
2020-03-05,2020030501019800,KBL,28,29,1000,208.0,208000.0
2020-03-05,2020030501019799,KBL,53,29,500,208.0,104000.0
2020-03-05,2020030501019798,KBL,57,29,100,208.0,20800.0
2020-03-05,2020030501019797,KBL,43,29,2000,208.0,416000.0
2020-03-05,2020030501019757,KBL,57,29,500,210.0,105000.0
2020-03-05,2020030501019756,KBL,49,29,2000,210.0,420000.0
2020-03-05,2020030501019755,KBL,45,29,111,210.0,23310.0
2020-03-05,2020030501019796,KBL,54,29,46,208.0,9568.0
2020-03-05,2020030501019762,KBL,16,29,100,209.0,20900.0
2020-03-05,2020030501019761,KBL,56,29,2000,209.0,418000.0
2020-03-05,2020030501019760,KBL,25,29,200,209.0,41800.0
2020-03-05,2020030501019759,KBL,43,29,1000,209.0,209000.0
2020-03-05,2020030501019758,KBL,58,29,447,209.0,93423.0
2020-03-05,2020030501020028,KMCDB,17,44,10,900.0,9000.0
2020-03-05,2020030501020004,KMCDB,58,57,10,914.0,9140.0
2020-03-05,2020030501019994,KMCDB,58,59,10,910.0,9100.0
2020-03-05,2020030501019968,KMCDB,58,59,10,910.0,9100.0
2020-03-05,2020030501019967,KMCDB,58,59,10,910.0,9100.0
2020-03-05,2020030501019966,KMCDB,58,59,10,910.0,9100.0
2020-03-05,2020030501019570,KMCDB,17,6,19,900.0,17100.0
2020-03-05,2020030501019965,KMCDB,58,59,10,910.0,9100.0
2020-03-05,2020030501019734,KMCDB,58,55,50,910.0,45500.0
2020-03-05,2020030501019733,KMCDB,58,36,10,910.0,9100.0
2020-03-05,2020030501019652,KMCDB,58,7,40,909.0,36360.0
2020-03-05,2020030501019651,KMCDB,58,1,10,909.0,9090.0
2020-03-05,2020030501019583,KMCDB,17,51,10,900.0,9000.0
2020-03-05,2020030501019970,KSBBL,33,51,253,170.0,43010.0
2020-03-05,2020030501019969,KSBBL,33,1,51,170.0,8670.0
2020-03-05,2020030501019632,KSBBL,45,17,29,168.0,4872.0
2020-03-05,2020030501019850,LBL,19,42,179,230.0,41170.0
2020-03-05,2020030501019849,LBL,13,42,44,230.0,10120.0
2020-03-05,2020030501019593,LBL,38,38,5,231.0,1155.0
2020-03-05,2020030501019927,LGIL,43,10,100,484.0,48400.0
2020-03-05,2020030501019843,LGIL,50,10,100,484.0,48400.0
2020-03-05,2020030501019842,LGIL,11,10,150,485.0,72750.0
2020-03-05,2020030501019841,LGIL,53,10,100,485.0,48500.0
2020-03-05,2020030501019571,LICN,36,17,23,1490.0,34270.0
2020-03-05,2020030501019980,MBL,10,50,100,246.0,24600.0
2020-03-05,2020030501019642,MBL,17,47,100,248.0,24800.0
2020-03-05,2020030501019641,MBL,17,51,100,248.0,24800.0
2020-03-05,2020030501019547,MBL,57,51,100,248.0,24800.0
2020-03-05,2020030501019923,MDB,43,16,22,448.0,9856.0
2020-03-05,2020030501019906,MDB,29,16,30,449.0,13470.0
2020-03-05,2020030501019905,MDB,46,16,100,449.0,44900.0
2020-03-05,2020030501019904,MDB,58,16,108,450.0,48600.0
2020-03-05,2020030501019683,MDB,17,53,18,452.0,8136.0
2020-03-05,2020030501019682,MDB,17,4,982,452.0,443864.0
2020-03-05,2020030501020013,MEGA,51,50,100,227.0,22700.0
2020-03-05,2020030501019737,MEGA,48,34,15,228.0,3420.0
2020-03-05,2020030501019898,MEGA,49,41,25,228.0,5700.0
2020-03-05,2020030501019897,MEGA,16,41,50,228.0,11400.0
2020-03-05,2020030501019896,MEGA,48,41,160,228.0,36480.0
2020-03-05,2020030501019895,MEGA,48,41,115,228.0,26220.0
2020-03-05,2020030501019558,MERO,42,18,10,668.0,6680.0
2020-03-05,2020030501019806,MERO,53,39,30,666.0,19980.0
2020-03-05,2020030501019805,MERO,21,39,10,666.0,6660.0
2020-03-05,2020030501019913,MFIL,32,45,10,319.0,3190.0
2020-03-05,2020030501019661,MFIL,32,34,250,319.0,79750.0
2020-03-05,2020030501019706,MLBBL,22,17,41,778.0,31898.0
2020-03-05,2020030501019637,MLBL,21,41,46,221.0,10166.0
2020-03-05,2020030501020024,MNBBL,50,41,165,336.0,55440.0
2020-03-05,2020030501020001,MNBBL,49,41,200,337.0,67400.0
2020-03-05,2020030501019940,MNBBL,49,4,42,337.0,14154.0
2020-03-05,2020030501019763,MNBBL,49,51,181,337.0,60997.0
2020-03-05,2020030501019736,MNBBL,45,51,50,337.0,16850.0
2020-03-05,2020030501019735,MNBBL,45,16,100,337.0,33700.0
2020-03-05,2020030501019674,MNBBL,50,34,135,336.0,45360.0
2020-03-05,2020030501019664,MNBBL,58,1,198,335.0,66330.0
2020-03-05,2020030501019663,MNBBL,38,1,217,335.0,72695.0
2020-03-05,2020030501019588,MNBBL,45,34,30,336.0,10080.0
2020-03-05,2020030501019789,MPFL,25,16,65,128.0,8320.0
2020-03-05,2020030501019568,MSMBS,17,17,11,795.0,8745.0
2020-03-05,2020030501019987,NABIL,28,6,43,840.0,36120.0
2020-03-05,2020030501019986,NABIL,44,6,75,841.0,63075.0
2020-03-05,2020030501019985,NABIL,7,6,10,842.0,8420.0
2020-03-05,2020030501019851,NABIL,38,34,260,844.0,219440.0
2020-03-05,2020030501019788,NABIL,7,34,82,844.0,69208.0
2020-03-05,2020030501019787,NABIL,7,48,18,844.0,15192.0
2020-03-05,2020030501019687,NABIL,41,48,42,844.0,35448.0
2020-03-05,2020030501019686,NABIL,41,57,178,844.0,150232.0
2020-03-05,2020030501019553,NABIL,44,28,13,841.0,10933.0
2020-03-05,2020030501019679,NBB,1,10,500,226.0,113000.0
2020-03-05,2020030501019645,NBB,43,8,411,225.0,92475.0
2020-03-05,2020030501019581,NBB,57,8,589,225.0,132525.0
2020-03-05,2020030501019552,NBB,40,8,110,224.0,24640.0
2020-03-05,2020030501019551,NBB,57,8,390,224.0,87360.0
2020-03-05,2020030501020023,NBL,17,26,1000,283.0,283000.0
2020-03-05,2020030501020021,NBL,17,11,5000,283.0,1415000.0
2020-03-05,2020030501020000,NBL,6,26,800,284.0,227200.0
2020-03-05,2020030501019981,NBL,6,13,200,284.0,56800.0
2020-03-05,2020030501019930,NBL,45,25,400,284.0,113600.0
2020-03-05,2020030501019929,NBL,45,36,245,284.0,69580.0
2020-03-05,2020030501019868,NBL,32,36,100,284.0,28400.0
2020-03-05,2020030501019854,NBL,17,44,100,283.0,28300.0
2020-03-05,2020030501019807,NBL,45,36,100,284.0,28400.0
2020-03-05,2020030501019607,NBL,17,14,500,283.0,141500.0
2020-03-05,2020030501020009,NCCB,52,33,95,200.0,19000.0
2020-03-05,2020030501020008,NCCB,6,33,60,200.0,12000.0
2020-03-05,2020030501019848,NCCB,6,34,19,200.0,3800.0
2020-03-05,2020030501019569,NCCB,6,10,1400,200.0,280000.0
2020-03-05,2020030501019540,NCCB,6,6,451,200.0,90200.0
2020-03-05,2020030501019537,NCCB,6,8,70,200.0,14000.0
2020-03-05,2020030501019536,NCCB,28,8,50,200.0,10000.0
2020-03-05,2020030501019535,NCCB,38,8,1000,200.0,200000.0
2020-03-05,2020030501019534,NCCB,51,8,50,200.0,10000.0
2020-03-05,2020030501019533,NCCB,47,8,34,200.0,6800.0
2020-03-05,2020030501019532,NCCB,45,8,100,200.0,20000.0
2020-03-05,2020030501019937,NEF,26,7,2195,8.47,18591.65
2020-03-05,2020030501019936,NEF,26,7,219,8.47,1854.93
2020-03-05,2020030501019646,NEF,26,17,966,8.47,8182.02
2020-03-05,2020030501020027,NHPC,39,55,1000,59.0,59000.0
2020-03-05,2020030501020016,NIB,38,1,200,419.0,83800.0
2020-03-05,2020030501019960,NIB,38,45,14,419.0,5866.0
2020-03-05,2020030501019959,NIB,1,45,100,420.0,42000.0
2020-03-05,2020030501019766,NIB,45,25,54,420.0,22680.0
2020-03-05,2020030501019765,NIB,45,13,96,420.0,40320.0
2020-03-05,2020030501019579,NIB,22,25,77,420.0,32340.0
2020-03-05,2020030501019974,NICA,44,50,210,576.0,120960.0
2020-03-05,2020030501019856,NICA,34,36,799,575.0,459425.0
2020-03-05,2020030501019839,NICA,34,36,2921,575.0,1679575.0
2020-03-05,2020030501019838,NICA,18,36,500,575.0,287500.0
2020-03-05,2020030501019837,NICA,11,36,50,575.0,28750.0
2020-03-05,2020030501019836,NICA,25,36,300,575.0,172500.0
2020-03-05,2020030501019640,NICA,34,51,500,575.0,287500.0
2020-03-05,2020030501019606,NICA,29,34,500,576.0,288000.0
2020-03-05,2020030501019582,NICA,50,34,500,576.0,288000.0
2020-03-05,2020030501019546,NICA,33,51,500,577.0,288500.0
2020-03-05,2020030501019835,NICA,50,36,800,575.0,460000.0
2020-03-05,2020030501019834,NICA,32,36,100,575.0,57500.0
2020-03-05,2020030501019833,NICA,22,36,50,575.0,28750.0
2020-03-05,2020030501019832,NICA,34,36,279,575.0,160425.0
2020-03-05,2020030501019782,NICA,13,50,90,576.0,51840.0
2020-03-05,2020030501019669,NICA,58,51,500,576.0,288000.0
2020-03-05,2020030501019609,NICL,43,21,711,458.0,325638.0
2020-03-05,2020030501019608,NICL,6,21,100,458.0,45800.0
2020-03-05,2020030501019860,NIL,38,45,118,589.0,69502.0
2020-03-05,2020030501019654,NLBBL,41,21,25,755.0,18875.0
2020-03-05,2020030501020011,NLIC,34,6,62,1256.0,77872.0
2020-03-05,2020030501020003,NLIC,40,22,209,1257.0,262713.0
2020-03-05,2020030501019961,NLIC,49,49,1000,1254.0,1254000.0
2020-03-05,2020030501019891,NLIC,44,22,91,1257.0,114387.0
2020-03-05,2020030501019890,NLIC,44,35,100,1257.0,125700.0
2020-03-05,2020030501019889,NLIC,44,20,200,1257.0,251400.0
2020-03-05,2020030501019592,NLIC,7,50,30,1255.0,37650.0
2020-03-05,2020030501019561,NLIC,58,38,22,1254.0,27588.0
2020-03-05,2020030501019549,NLIC,32,52,184,1253.0,230552.0
2020-03-05,2020030501019548,NLIC,14,52,16,1253.0,20048.0
2020-03-05,2020030501019888,NLIC,44,48,78,1257.0,98046.0
2020-03-05,2020030501019887,NLIC,44,38,31,1256.0,38936.0
2020-03-05,2020030501019878,NLIC,58,45,84,1254.0,105336.0
2020-03-05,2020030501019840,NLIC,29,58,50,1256.0,62800.0
2020-03-05,2020030501019692,NLIC,41,44,22,1255.0,27610.0
2020-03-05,2020030501019594,NLIC,41,50,270,1255.0,338850.0
2020-03-05,2020030501019958,NLICL,1,1,500,709.0,354500.0
2020-03-05,2020030501019858,NLICL,43,44,630,708.0,446040.0
2020-03-05,2020030501019846,NLICL,35,1,100,707.0,70700.0
2020-03-05,2020030501019774,NLICL,22,44,200,708.0,141600.0
2020-03-05,2020030501019690,NLICL,35,6,232,707.0,164024.0
2020-03-05,2020030501019951,NMB,34,21,84,460.0,38640.0
2020-03-05,2020030501019928,NMB,34,36,500,460.0,230000.0
2020-03-05,2020030501019911,NMB,44,38,200,461.0,92200.0
2020-03-05,2020030501019688,NMB,34,46,200,460.0,92000.0
2020-03-05,2020030501019589,NMB,34,41,250,460.0,115000.0
2020-03-05,2020030501019566,NMB,34,51,500,460.0,230000.0
2020-03-05,2020030501020010,NMBMF,17,57,29,839.0,24331.0
2020-03-05,2020030501019857,NMBMF,14,57,31,839.0,26009.0
2020-03-05,2020030501019779,NMBMF,14,19,29,839.0,24331.0
2020-03-05,2020030501019957,NSEWA,21,22,47,726.0,34122.0
2020-03-05,2020030501019956,NSEWA,41,22,25,726.0,18150.0
2020-03-05,2020030501019946,NTC,28,14,400,655.0,262000.0
2020-03-05,2020030501019877,NTC,25,45,10,658.0,6580.0
2020-03-05,2020030501019866,NTC,28,11,100,655.0,65500.0
2020-03-05,2020030501019657,NTC,28,56,150,655.0,98250.0
2020-03-05,2020030501019656,NTC,22,56,250,655.0,163750.0
2020-03-05,2020030501019655,NTC,11,56,100,656.0,65600.0
2020-03-05,2020030501019574,OHL,57,55,514,442.0,227188.0
2020-03-05,2020030501019573,OHL,22,55,186,443.0,82398.0
2020-03-05,2020030501020017,PCBL,13,32,41,303.0,12423.0
2020-03-05,2020030501020015,PCBL,4,32,59,303.0,17877.0
2020-03-05,2020030501020014,PCBL,4,34,12,303.0,3636.0
2020-03-05,2020030501019963,PCBL,40,51,500,304.0,152000.0
2020-03-05,2020030501019962,PCBL,40,6,19,304.0,5776.0
2020-03-05,2020030501019778,PIC,11,10,16,601.0,9616.0
2020-03-05,2020030501019993,PLIC,34,22,90,596.0,53640.0
2020-03-05,2020030501019780,PLIC,59,50,193,595.0,114835.0
2020-03-05,2020030501019809,PPCL,34,55,10,117.0,1170.0
2020-03-05,2020030501019562,PRVU,17,44,900,255.0,229500.0
2020-03-05,2020030501020020,RHPL,38,26,50,158.0,7900.0
2020-03-05,2020030501019975,RHPL,38,42,40,158.0,6320.0
2020-03-05,2020030501019972,RHPL,38,55,30,158.0,4740.0
2020-03-05,2020030501019922,RHPL,38,26,40,158.0,6320.0
2020-03-05,2020030501019900,RHPL,50,55,230,160.0,36800.0
2020-03-05,2020030501019899,RHPL,50,48,770,159.0,122430.0
2020-03-05,2020030501019794,RHPL,38,7,40,158.0,6320.0
2020-03-05,2020030501019773,RHPL,38,42,40,158.0,6320.0
2020-03-05,2020030501019999,RMDC,34,34,500,710.0,355000.0
2020-03-05,2020030501019998,RMDC,34,5,200,710.0,142000.0
2020-03-05,2020030501019997,RMDC,34,59,100,709.0,70900.0
2020-03-05,2020030501019746,RRHP,48,44,10,98.0,980.0
2020-03-05,2020030501019934,RSDC,22,29,500,515.0,257500.0
2020-03-05,2020030501019933,RSDC,16,29,10,515.0,5150.0
2020-03-05,2020030501019932,RSDC,16,29,20,515.0,10300.0
2020-03-05,2020030501019931,RSDC,48,29,50,516.0,25800.0
2020-03-05,2020030501019812,RSDC,32,36,30,519.0,15570.0
2020-03-05,2020030501019771,SABSL,22,44,10,805.0,8050.0
2020-03-05,2020030501019912,SADBL,6,46,1047,169.0,176943.0
2020-03-05,2020030501020025,SANIMA,14,39,382,364.0,139048.0
2020-03-05,2020030501019804,SANIMA,34,42,80,365.0,29200.0
2020-03-05,2020030501019557,SANIMA,49,42,50,365.0,18250.0
2020-03-05,2020030501020006,SBI,39,39,242,475.0,114950.0
2020-03-05,2020030501019918,SBI,39,8,730,475.0,346750.0
2020-03-05,2020030501019917,SBI,22,8,28,475.0,13300.0
2020-03-05,2020030501019916,SBI,14,8,52,476.0,24752.0
2020-03-05,2020030501019660,SBI,14,29,48,476.0,22848.0
2020-03-05,2020030501019979,SBL,25,39,187,326.0,60962.0
2020-03-05,2020030501019978,SBL,39,39,100,327.0,32700.0
2020-03-05,2020030501019977,SBL,33,39,70,327.0,22890.0
2020-03-05,2020030501019954,SBL,33,8,300,327.0,98100.0
2020-03-05,2020030501019953,SBL,52,8,100,328.0,32800.0
2020-03-05,2020030501019920,SCB,52,21,30,705.0,21150.0
2020-03-05,2020030501019919,SCB,52,32,60,705.0,42300.0
2020-03-05,2020030501019829,SCB,25,32,10,705.0,7050.0
2020-03-05,2020030501019803,SCB,25,44,20,703.0,14060.0
2020-03-05,2020030501019631,SCB,1,55,10,690.0,6900.0
2020-03-05,2020030501019630,SCB,17,55,50,690.0,34500.0
2020-03-05,2020030501019599,SCB,44,14,200,701.0,140200.0
2020-03-05,2020030501019598,SCB,38,14,140,702.0,98280.0
2020-03-05,2020030501019564,SCB,38,58,60,702.0,42120.0
2020-03-05,2020030501019541,SCB,38,33,100,702.0,70200.0
2020-03-05,2020030501019611,SCB,21,55,100,700.0,70000.0
2020-03-05,2020030501019610,SCB,18,55,190,700.0,133000.0
2020-03-05,2020030501019603,SCB,18,14,60,700.0,42000.0
2020-03-05,2020030501019602,SCB,40,14,500,700.0,350000.0
2020-03-05,2020030501019601,SCB,51,14,50,700.0,35000.0
2020-03-05,2020030501019600,SCB,16,14,50,700.0,35000.0
2020-03-05,2020030501019617,SCB,36,55,50,695.0,34750.0
2020-03-05,2020030501019616,SCB,22,55,20,695.0,13900.0
2020-03-05,2020030501019615,SCB,11,55,30,696.0,20880.0
2020-03-05,2020030501019614,SCB,36,55,50,699.0,34950.0
2020-03-05,2020030501019613,SCB,42,55,100,699.0,69900.0
2020-03-05,2020030501019612,SCB,57,55,14,699.0,9786.0
2020-03-05,2020030501019623,SCB,53,55,50,691.0,34550.0
2020-03-05,2020030501019622,SCB,43,55,100,691.0,69100.0
2020-03-05,2020030501019621,SCB,35,55,200,691.0,138200.0
2020-03-05,2020030501019620,SCB,45,55,36,692.0,24912.0
2020-03-05,2020030501019619,SCB,51,55,20,692.0,13840.0
2020-03-05,2020030501019618,SCB,51,55,100,692.0,69200.0
2020-03-05,2020030501019629,SCB,32,55,100,690.0,69000.0
2020-03-05,2020030501019628,SCB,41,55,50,690.0,34500.0
2020-03-05,2020030501019627,SCB,42,55,60,690.0,41400.0
2020-03-05,2020030501019626,SCB,48,55,50,691.0,34550.0
2020-03-05,2020030501019625,SCB,51,55,20,691.0,13820.0
2020-03-05,2020030501019624,SCB,29,55,100,691.0,69100.0
2020-03-05,2020030501019813,SDESI,14,40,27,939.0,25353.0
2020-03-05,2020030501019903,SHINE,13,4,200,302.0,60400.0
2020-03-05,2020030501019902,SHINE,21,4,500,302.0,151000.0
2020-03-05,2020030501019901,SHINE,21,4,300,302.0,90600.0
2020-03-05,2020030501019894,SHINE,33,18,100,303.0,30300.0
2020-03-05,2020030501019764,SHINE,21,33,50,302.0,15100.0
2020-03-05,2020030501019751,SHIVM,48,55,150,597.0,89550.0
2020-03-05,2020030501019750,SHIVM,33,55,30,598.0,17940.0
2020-03-05,2020030501019749,SHIVM,36,55,500,598.0,299000.0
2020-03-05,2020030501019748,SHIVM,45,55,100,598.0,59800.0
2020-03-05,2020030501019747,SHIVM,58,55,220,599.0,131780.0
2020-03-05,2020030501019914,SHL,29,35,100,181.0,18100.0
2020-03-05,2020030501019873,SHL,1,35,500,181.0,90500.0
2020-03-05,2020030501019872,SHL,10,35,1364,181.0,246884.0
2020-03-05,2020030501019781,SHL,10,35,1000,181.0,181000.0
2020-03-05,2020030501019776,SHL,10,34,100,181.0,18100.0
2020-03-05,2020030501019752,SHL,10,46,1336,181.0,241816.0
2020-03-05,2020030501019597,SHL,10,36,1200,181.0,217200.0
2020-03-05,2020030501019596,SHL,37,36,200,181.0,36200.0
2020-03-05,2020030501019595,SHL,13,36,600,181.0,108600.0
2020-03-05,2020030501019996,SICL,13,16,100,968.0,96800.0
2020-03-05,2020030501019952,SICL,6,16,200,968.0,193600.0
2020-03-05,2020030501019853,SICL,43,14,100,969.0,96900.0
2020-03-05,2020030501019822,SICL,52,56,50,970.0,48500.0
2020-03-05,2020030501019821,SICL,58,56,48,970.0,46560.0
2020-03-05,2020030501019820,SICL,37,56,100,970.0,97000.0
2020-03-05,2020030501019705,SICL,17,49,20,976.0,19520.0
2020-03-05,2020030501019770,SICL,50,53,320,975.0,312000.0
2020-03-05,2020030501019769,SICL,51,53,50,975.0,48750.0
2020-03-05,2020030501019768,SICL,37,53,100,976.0,97600.0
2020-03-05,2020030501019767,SICL,17,53,30,976.0,29280.0
2020-03-05,2020030501019819,SICL,38,56,100,970.0,97000.0
2020-03-05,2020030501019818,SICL,4,56,100,970.0,97000.0
2020-03-05,2020030501019817,SICL,28,56,500,971.0,485500.0
2020-03-05,2020030501019816,SICL,52,56,100,972.0,97200.0
2020-03-05,2020030501019811,SICL,44,34,10,975.0,9750.0
2020-03-05,2020030501019810,SICL,50,34,180,975.0,175500.0
2020-03-05,2020030501019938,SIL,34,19,30,563.0,16890.0
2020-03-05,2020030501020031,SJCL,6,26,20,153.0,3060.0
2020-03-05,2020030501020012,SJCL,6,26,40,153.0,6120.0
2020-03-05,2020030501020007,SJCL,6,55,10,153.0,1530.0
2020-03-05,2020030501020002,SJCL,6,42,20,153.0,3060.0
2020-03-05,2020030501019955,SJCL,6,7,20,153.0,3060.0
2020-03-05,2020030501019808,SJCL,6,42,20,153.0,3060.0
2020-03-05,2020030501019793,SJCL,1,36,10,155.0,1550.0
2020-03-05,2020030501019935,SJCL,6,26,20,153.0,3060.0
2020-03-05,2020030501019814,SJCL,1,36,10,155.0,1550.0
2020-03-05,2020030501019973,SLBBL,16,32,20,910.0,18200.0
2020-03-05,2020030501019950,SLBBL,16,13,19,910.0,17290.0
2020-03-05,2020030501019949,SLBBL,42,13,50,910.0,45500.0
2020-03-05,2020030501019784,SLBBL,34,16,100,911.0,91100.0
2020-03-05,2020030501019783,SLBBL,34,16,75,912.0,68400.0
2020-03-05,2020030501019665,SLBBL,34,21,200,912.0,182400.0
2020-03-05,2020030501019859,SLBSL,38,36,10,896.0,8960.0
2020-03-05,2020030501019791,SLBSL,22,34,10,890.0,8900.0
2020-03-05,2020030501019995,SLICL,48,34,295,470.0,138650.0
2020-03-05,2020030501019576,SLICL,48,21,205,470.0,96350.0
2020-03-05,2020030501019575,SLICL,36,21,245,470.0,115150.0
2020-03-05,2020030501019673,SMATA,49,34,10,744.0,7440.0
2020-03-05,2020030501019689,SMB,34,34,10,953.0,9530.0
2020-03-05,2020030501019585,SMB,34,36,110,935.0,102850.0
2020-03-05,2020030501019584,SMB,34,44,10,934.0,9340.0
2020-03-05,2020030501019831,SMFBS,51,44,10,981.0,9810.0
2020-03-05,2020030501019643,SMFBS,45,48,10,1000.0,10000.0
2020-03-05,2020030501019639,SMFBS,7,34,50,1019.0,50950.0
2020-03-05,2020030501019638,SMFBS,7,48,50,1018.0,50900.0
2020-03-05,2020030501019556,SPDL,16,1,10,103.0,1030.0
2020-03-05,2020030501019676,SRBL,57,57,50,264.0,13200.0
2020-03-05,2020030501019675,SRBL,57,48,39,263.0,10257.0
2020-03-05,2020030501019662,SRBL,34,48,100,261.0,26100.0
2020-03-05,2020030501019670,TMDBL,34,33,80,201.0,16080.0
2020-03-05,2020030501019567,TMDBL,34,33,100,201.0,20100.0
2020-03-05,2020030501019939,UPCL,34,44,50,76.0,3800.0
2020-03-05,2020030501019870,UPCL,34,26,50,76.0,3800.0
2020-03-05,2020030501019862,UPCL,34,44,30,76.0,2280.0
2020-03-05,2020030501019861,UPCL,29,44,20,76.0,1520.0
2020-03-05,2020030501019578,UPCL,29,55,80,76.0,6080.0
2020-03-05,2020030501020018,UPPER,52,42,50,235.0,11750.0
2020-03-05,2020030501019921,UPPER,33,14,10,236.0,2360.0
2020-03-05,2020030501019909,UPPER,52,26,40,235.0,9400.0
2020-03-05,2020030501019650,UPPER,45,14,50,236.0,11800.0
2020-03-05,2020030501019580,UPPER,33,14,30,236.0,7080.0
2020-03-05,2020030501019555,UPPER,52,58,150,235.0,35250.0
2020-03-05,2020030501019852,UPPER,52,42,40,235.0,9400.0
2020-03-05,2020030501019738,UPPER,33,14,40,236.0,9440.0
2020-03-05,2020030501019691,UPPER,33,14,20,236.0,4720.0
2020-03-05,2020030501019881,VLBS,29,44,13,1023.0,13299.0
2020-03-05,2020030501016876,ADBL,49,49,1000,407.0,407000.0
2020-03-05,2020030501016875,ADBL,49,41,54,407.0,21978.0
2020-03-05,2020030501016592,ADBL,18,1,93,408.0,37944.0
2020-03-05,2020030501016591,ADBL,32,1,50,408.0,20400.0
2020-03-05,2020030501016590,ADBL,53,1,89,408.0,36312.0
2020-03-05,2020030501016589,ADBL,5,1,200,409.0,81800.0
2020-03-05,2020030501016588,ADBL,44,1,178,409.0,72802.0
2020-03-05,2020030501016849,ADBL,41,41,47,406.0,19082.0
2020-03-05,2020030501016848,ADBL,58,41,200,406.0,81200.0
2020-03-05,2020030501016764,ADBL,18,41,100,407.0,40700.0
2020-03-05,2020030501016763,ADBL,51,41,100,407.0,40700.0
2020-03-05,2020030501016762,ADBL,50,41,53,407.0,21571.0
2020-03-05,2020030501016673,AHPC,26,6,411,100.0,41100.0
2020-03-05,2020030501016672,AHPC,29,6,62,101.0,6262.0
2020-03-05,2020030501016851,AKPL,36,38,435,126.0,54810.0
2020-03-05,2020030501016837,AKPL,37,33,200,125.0,25000.0
2020-03-05,2020030501016750,AKPL,6,38,100,126.0,12600.0
2020-03-05,2020030501016749,AKPL,36,38,222,126.0,27972.0
2020-03-05,2020030501016751,ALBSL,34,29,53,698.0,36994.0
2020-03-05,2020030501016653,ALBSL,34,26,11,698.0,7678.0
2020-03-05,2020030501016574,ALBSL,22,29,67,700.0,46900.0
2020-03-05,2020030501016546,ALBSL,22,17,11,700.0,7700.0
2020-03-05,2020030501016720,ALICL,41,5,580,570.0,330600.0
2020-03-05,2020030501016614,ALICL,32,1,100,567.0,56700.0
2020-03-05,2020030501016593,ALICL,36,5,100,570.0,57000.0
2020-03-05,2020030501016955,API,54,56,100,131.0,13100.0
2020-03-05,2020030501016954,API,1,56,100,131.0,13100.0
2020-03-05,2020030501016953,API,57,56,900,131.0,117900.0
2020-03-05,2020030501016921,BARUN,41,38,10,93.0,930.0
2020-03-05,2020030501016905,BARUN,55,33,239,94.0,22466.0
2020-03-05,2020030501016819,BFC,35,14,330,104.0,34320.0
2020-03-05,2020030501016922,BNT,29,57,15,7136.0,107040.0
2020-03-05,2020030501016976,BOKL,39,44,773,246.0,190158.0
2020-03-05,2020030501016975,BOKL,29,44,227,246.0,55842.0
2020-03-05,2020030501016739,BOKL,29,41,84,246.0,20664.0
2020-03-05,2020030501016620,BOKL,29,18,689,246.0,169494.0
2020-03-05,2020030501016619,BOKL,41,18,100,246.0,24600.0
2020-03-05,2020030501016618,BOKL,42,18,400,246.0,98400.0
2020-03-05,2020030501016617,BOKL,42,18,64,246.0,15744.0
2020-03-05,2020030501016616,BOKL,34,18,347,247.0,85709.0
2020-03-05,2020030501016586,BOKL,34,51,53,247.0,13091.0
2020-03-05,2020030501016930,BPCL,11,41,20,364.0,7280.0
2020-03-05,2020030501016815,BPCL,35,33,28,360.0,10080.0
2020-03-05,2020030501016814,BPCL,34,33,172,360.0,61920.0
2020-03-05,2020030501016633,BPCL,34,46,28,360.0,10080.0
2020-03-05,2020030501016984,CBBL,44,53,70,1080.0,75600.0
2020-03-05,2020030501016979,CBBL,44,7,100,1080.0,108000.0
2020-03-05,2020030501016978,CBBL,44,49,30,1080.0,32400.0
2020-03-05,2020030501016943,CBBL,17,45,50,1070.0,53500.0
2020-03-05,2020030501016891,CBBL,17,32,20,1070.0,21400.0
2020-03-05,2020030501016845,CBBL,17,21,30,1070.0,32100.0
2020-03-05,2020030501016838,CBBL,17,57,100,1064.0,106400.0
2020-03-05,2020030501016790,CBBL,41,42,13,1079.0,14027.0
2020-03-05,2020030501016983,CBL,11,1,100,149.0,14900.0
2020-03-05,2020030501016730,CBL,48,35,122,148.0,18056.0
2020-03-05,2020030501016716,CBL,48,34,500,148.0,74000.0
2020-03-05,2020030501016700,CBL,36,1,100,149.0,14900.0
2020-03-05,2020030501016649,CBL,48,1,31,148.0,4588.0
2020-03-05,2020030501016648,CBL,16,1,500,148.0,74000.0
2020-03-05,2020030501016647,CBL,21,1,1000,148.0,148000.0
2020-03-05,2020030501016646,CBL,38,1,140,148.0,20720.0
2020-03-05,2020030501016594,CBL,38,42,360,148.0,53280.0
2020-03-05,2020030501016914,CCBL,26,57,321,185.0,59385.0
2020-03-05,2020030501016809,CCBL,26,42,62,185.0,11470.0
2020-03-05,2020030501016691,CCBL,36,34,100,186.0,18600.0
2020-03-05,2020030501016665,CCBL,26,1,492,185.0,91020.0
2020-03-05,2020030501016723,CIT,45,19,25,2679.0,66975.0
2020-03-05,2020030501016712,CIT,38,19,75,2695.0,202125.0
2020-03-05,2020030501016644,CIT,38,58,25,2695.0,67375.0
2020-03-05,2020030501016643,CIT,6,58,200,2701.0,540200.0
2020-03-05,2020030501016642,CIT,41,58,25,2715.0,67875.0
2020-03-05,2020030501016843,CZBIL,17,21,50,205.0,10250.0
2020-03-05,2020030501016842,CZBIL,13,21,317,205.0,64985.0
2020-03-05,2020030501016680,CZBIL,13,1,183,205.0,37515.0
2020-03-05,2020030501016679,CZBIL,42,1,200,205.0,41000.0
2020-03-05,2020030501016678,CZBIL,28,1,1004,205.0,205820.0
2020-03-05,2020030501016613,CZBIL,17,41,100,207.0,20700.0
2020-03-05,2020030501016901,DDBL,5,26,46,880.0,40480.0
2020-03-05,2020030501016949,EBL,21,48,20,745.0,14900.0
2020-03-05,2020030501016941,EBL,8,33,447,741.0,331227.0
2020-03-05,2020030501016940,EBL,49,33,231,741.0,171171.0
2020-03-05,2020030501016939,EBL,7,33,322,742.0,238924.0
2020-03-05,2020030501016927,EBL,48,48,200,745.0,149000.0
2020-03-05,2020030501016926,EBL,49,33,669,741.0,495729.0
2020-03-05,2020030501016640,EBL,57,48,20,751.0,15020.0
2020-03-05,2020030501016639,EBL,1,48,59,751.0,44309.0
2020-03-05,2020030501016699,EBL,21,1,178,747.0,132966.0
2020-03-05,2020030501016685,EBL,49,33,1000,750.0,750000.0
2020-03-05,2020030501016684,EBL,6,33,200,750.0,150000.0
2020-03-05,2020030501016683,EBL,33,33,50,750.0,37500.0
2020-03-05,2020030501016682,EBL,28,33,36,750.0,27000.0
2020-03-05,2020030501016641,EBL,28,48,14,750.0,10500.0
2020-03-05,2020030501016788,EBL,49,48,50,745.0,37250.0
2020-03-05,2020030501016787,EBL,46,48,100,745.0,74500.0
2020-03-05,2020030501016786,EBL,41,48,50,745.0,37250.0
2020-03-05,2020030501016785,EBL,45,48,50,745.0,37250.0
2020-03-05,2020030501016784,EBL,45,48,500,746.0,373000.0
2020-03-05,2020030501016783,EBL,21,48,22,747.0,16434.0
2020-03-05,2020030501016938,EDBL,47,5,50,394.0,19700.0
2020-03-05,2020030501016835,EDBL,47,21,300,394.0,118200.0
2020-03-05,2020030501016581,EIC,54,48,78,400.0,31200.0
2020-03-05,2020030501016580,EIC,58,48,500,400.0,200000.0
2020-03-05,2020030501016989,FMDBL,39,48,239,515.0,123085.0
2020-03-05,2020030501016967,FMDBL,38,48,91,515.0,46865.0
2020-03-05,2020030501016966,FMDBL,38,29,50,515.0,25750.0
2020-03-05,2020030501016965,FMDBL,38,32,269,515.0,138535.0
2020-03-05,2020030501016964,FMDBL,38,19,590,515.0,303850.0
2020-03-05,2020030501016942,FMDBL,45,1,200,514.0,102800.0
2020-03-05,2020030501016654,FMDBL,44,13,10,505.0,5050.0
2020-03-05,2020030501017004,FOWAD,45,42,12,1500.0,18000.0
2020-03-05,2020030501017003,FOWAD,45,25,19,1500.0,28500.0
2020-03-05,2020030501017002,FOWAD,45,16,49,1490.0,73010.0
2020-03-05,2020030501016928,FOWAD,21,39,17,1495.0,25415.0
2020-03-05,2020030501016896,GBBL,58,48,438,242.0,105996.0
2020-03-05,2020030501016895,GBBL,14,48,200,243.0,48600.0
2020-03-05,2020030501016963,GBIME,4,6,18,287.0,5166.0
2020-03-05,2020030501016806,GBIME,4,19,20,287.0,5740.0
2020-03-05,2020030501016770,GBIME,4,48,3581,287.0,1027747.0
2020-03-05,2020030501016769,GBIME,11,48,666,287.0,191142.0
2020-03-05,2020030501016768,GBIME,34,48,753,288.0,216864.0
2020-03-05,2020030501016765,GBIME,34,10,1000,288.0,288000.0
2020-03-05,2020030501016601,GBIME,13,52,65,288.0,18720.0
2020-03-05,2020030501016547,GBIME,47,32,1,288.0,288.0
2020-03-05,2020030501016760,GBIME,34,14,691,288.0,199008.0
2020-03-05,2020030501016729,GBIME,34,57,500,288.0,144000.0
2020-03-05,2020030501016718,GBIME,34,1,1444,288.0,415872.0
2020-03-05,2020030501016694,GBIME,34,13,300,288.0,86400.0
2020-03-05,2020030501016693,GBIME,34,42,12,288.0,3456.0
2020-03-05,2020030501016628,GBIME,13,42,195,288.0,56160.0
2020-03-05,2020030501016980,GBLBS,1,22,1000,509.0,509000.0
2020-03-05,2020030501016958,GBLBS,52,14,74,508.0,37592.0
2020-03-05,2020030501016936,GBLBS,52,49,170,500.0,85000.0
2020-03-05,2020030501016915,GBLBS,52,51,150,499.0,74850.0
2020-03-05,2020030501016885,GBLBS,45,46,15,490.0,7350.0
2020-03-05,2020030501016884,GBLBS,45,38,89,490.0,43610.0
2020-03-05,2020030501016605,GBLBS,33,38,2000,490.0,980000.0
2020-03-05,2020030501016604,GBLBS,51,38,10,490.0,4900.0
2020-03-05,2020030501016603,GBLBS,50,38,71,490.0,34790.0
2020-03-05,2020030501016602,GBLBS,26,38,100,495.0,49500.0
2020-03-05,2020030501016873,GBLBS,34,38,200,490.0,98000.0
2020-03-05,2020030501016744,GBLBS,50,22,15,485.0,7275.0
2020-03-05,2020030501016698,GBLBS,44,17,15,483.0,7245.0
2020-03-05,2020030501016690,GBLBS,50,22,274,485.0,132890.0
2020-03-05,2020030501016676,GBLBS,50,36,15,485.0,7275.0
2020-03-05,2020030501016606,GBLBS,38,38,30,490.0,14700.0
2020-03-05,2020030501016656,GGBSL,38,47,10,821.0,8210.0
2020-03-05,2020030501016532,GGBSL,38,29,10,821.0,8210.0
2020-03-05,2020030501017000,GLBSL,6,39,200,663.0,132600.0
2020-03-05,2020030501017023,GLICL,6,50,100,493.0,49300.0
2020-03-05,2020030501016999,GLICL,6,17,100,492.0,49200.0
2020-03-05,2020030501016912,GLICL,34,42,182,490.0,89180.0
2020-03-05,2020030501016731,GLICL,34,5,100,490.0,49000.0
2020-03-05,2020030501016637,GUFL,43,28,1000,131.0,131000.0
2020-03-05,2020030501016572,HBL,17,34,50,615.0,30750.0
2020-03-05,2020030501016571,HBL,17,34,50,615.0,30750.0
2020-03-05,2020030501016570,HBL,38,34,34,615.0,20910.0
2020-03-05,2020030501016563,HBL,38,35,100,615.0,61500.0
2020-03-05,2020030501016766,HDHPC,58,34,10,108.0,1080.0
2020-03-05,2020030501016608,HDHPC,58,42,10,110.0,1100.0
2020-03-05,2020030501016935,HDL,45,42,100,1617.0,161700.0
2020-03-05,2020030501016934,HDL,48,42,200,1618.0,323600.0
2020-03-05,2020030501016923,HDL,48,57,65,1619.0,105235.0
2020-03-05,2020030501016861,HDL,45,57,10,1619.0,16190.0
2020-03-05,2020030501016860,HDL,32,57,125,1619.0,202375.0
2020-03-05,2020030501016671,HDL,4,41,50,1625.0,81250.0
2020-03-05,2020030501016664,HDL,32,42,25,1619.0,40475.0
2020-03-05,2020030501016663,HDL,4,42,50,1620.0,81000.0
2020-03-05,2020030501016662,HDL,48,42,100,1620.0,162000.0
2020-03-05,2020030501016661,HDL,4,42,50,1620.0,81000.0
2020-03-05,2020030501016622,HDL,37,7,100,1620.0,162000.0
2020-03-05,2020030501016780,HGI,26,41,100,400.0,40000.0
2020-03-05,2020030501016779,HGI,22,41,30,400.0,12000.0
2020-03-05,2020030501016951,HIDCL,59,42,13,137.0,1781.0
2020-03-05,2020030501016913,HIDCL,59,38,30,137.0,4110.0
2020-03-05,2020030501016825,HIDCL,38,42,200,138.0,27600.0
2020-03-05,2020030501016727,HIDCL,59,40,50,137.0,6850.0
2020-03-05,2020030501016595,HIDCL,34,38,11,138.0,1518.0
2020-03-05,2020030501016554,HIDCL,59,40,50,137.0,6850.0
2020-03-05,2020030501016907,HPPL,50,38,10,144.0,1440.0
2020-03-05,2020030501016898,HPPL,50,1,10,144.0,1440.0
2020-03-05,2020030501016818,HPPL,50,19,20,144.0,2880.0
2020-03-05,2020030501016775,HPPL,50,7,10,144.0,1440.0
2020-03-05,2020030501017025,ICFC,21,19,480,190.0,91200.0
2020-03-05,2020030501017011,ICFC,42,19,20,192.0,3840.0
2020-03-05,2020030501016534,ILBS,36,26,10,745.0,7450.0
2020-03-05,2020030501017010,JBBL,48,51,32,190.0,6080.0
2020-03-05,2020030501017009,JBBL,48,59,68,190.0,12920.0
2020-03-05,2020030501016722,JBBL,56,59,200,190.0,38000.0
2020-03-05,2020030501016946,KBL,58,41,53,209.0,11077.0
2020-03-05,2020030501016945,KBL,34,41,130,209.0,27170.0
2020-03-05,2020030501016944,KBL,50,41,56,210.0,11760.0
2020-03-05,2020030501016894,KBL,50,41,194,210.0,40740.0
2020-03-05,2020030501016893,KBL,14,41,276,210.0,57960.0
2020-03-05,2020030501016761,KBL,49,49,4000,210.0,840000.0
2020-03-05,2020030501016652,KBL,14,42,224,210.0,47040.0
2020-03-05,2020030501017027,KMCDB,17,43,10,890.0,8900.0
2020-03-05,2020030501017026,KMCDB,34,48,10,882.0,8820.0
2020-03-05,2020030501017014,KMCDB,34,48,10,882.0,8820.0
2020-03-05,2020030501016872,KMCDB,34,40,10,882.0,8820.0
2020-03-05,2020030501016771,KMCDB,34,36,10,882.0,8820.0
2020-03-05,2020030501016982,KPCL,4,1,10,107.0,1070.0
2020-03-05,2020030501016882,KSBBL,4,21,10,169.0,1690.0
2020-03-05,2020030501016881,KSBBL,25,21,449,169.0,75881.0
2020-03-05,2020030501016850,KSBBL,33,1,249,170.0,42330.0
2020-03-05,2020030501016772,KSBBL,33,1,803,170.0,136510.0
2020-03-05,2020030501016773,LBBL,17,45,100,200.0,20000.0
2020-03-05,2020030501016805,LBL,57,1,496,228.0,113088.0
2020-03-05,2020030501016804,LBL,39,1,400,228.0,91200.0
2020-03-05,2020030501016803,LBL,10,1,50,228.0,11400.0
2020-03-05,2020030501016802,LBL,32,1,50,229.0,11450.0
2020-03-05,2020030501016544,LGIL,48,50,50,490.0,24500.0
2020-03-05,2020030501016834,LICN,34,1,275,1480.0,407000.0
2020-03-05,2020030501016833,LICN,39,1,100,1480.0,148000.0
2020-03-05,2020030501016715,LICN,50,44,15,1490.0,22350.0
2020-03-05,2020030501016756,MBL,21,48,12,247.0,2964.0
2020-03-05,2020030501016734,MBL,10,14,1000,248.0,248000.0
2020-03-05,2020030501016733,MBL,34,14,200,249.0,49800.0
2020-03-05,2020030501016732,MBL,34,14,175,249.0,43575.0
2020-03-05,2020030501016719,MBL,34,59,525,249.0,130725.0
2020-03-05,2020030501016711,MBL,22,48,50,250.0,12500.0
2020-03-05,2020030501016542,MDB,58,7,927,446.0,413442.0
2020-03-05,2020030501016541,MDB,58,7,173,446.0,77158.0
2020-03-05,2020030501016540,MDB,17,7,100,447.0,44700.0
2020-03-05,2020030501017024,MEGA,43,42,544,229.0,124576.0
2020-03-05,2020030501016675,MEGA,36,35,100,230.0,23000.0
2020-03-05,2020030501017013,MERO,40,40,82,652.0,53464.0
2020-03-05,2020030501016985,MERO,57,59,32,651.0,20832.0
2020-03-05,2020030501016974,MERO,57,14,11,651.0,7161.0
2020-03-05,2020030501016952,MERO,55,40,200,652.0,130400.0
2020-03-05,2020030501016931,MERO,57,14,51,651.0,33201.0
2020-03-05,2020030501016903,MERO,57,38,55,651.0,35805.0
2020-03-05,2020030501016578,MERO,18,43,53,652.0,34556.0
2020-03-05,2020030501016577,MERO,17,43,50,654.0,32700.0
2020-03-05,2020030501016886,MERO,57,41,33,651.0,21483.0
2020-03-05,2020030501016579,MERO,57,43,197,651.0,128247.0
2020-03-05,2020030501016904,MFIL,4,49,500,318.0,159000.0
2020-03-05,2020030501016753,MFIL,34,45,500,319.0,159500.0
2020-03-05,2020030501016752,MFIL,34,7,300,319.0,95700.0
2020-03-05,2020030501016697,MFIL,4,7,500,319.0,159500.0
2020-03-05,2020030501016696,MFIL,56,7,200,319.0,63800.0
2020-03-05,2020030501016659,MFIL,56,48,400,319.0,127600.0
2020-03-05,2020030501016634,MFIL,56,33,36,319.0,11484.0
2020-03-05,2020030501016863,MLBL,34,49,100,222.0,22200.0
2020-03-05,2020030501016822,MLBL,34,58,188,222.0,41736.0
2020-03-05,2020030501016811,MLBL,34,14,553,222.0,122766.0
2020-03-05,2020030501016810,MLBL,43,14,113,222.0,25086.0
2020-03-05,2020030501016852,MNBBL,45,1,280,333.0,93240.0
2020-03-05,2020030501016692,MNBBL,13,58,10,333.0,3330.0
2020-03-05,2020030501016584,MNBBL,13,16,990,333.0,329670.0
2020-03-05,2020030501016583,MNBBL,56,16,10,333.0,3330.0
2020-03-05,2020030501016598,MSMBS,17,58,139,803.0,111617.0
2020-03-05,2020030501016597,MSMBS,17,58,10,804.0,8040.0
2020-03-05,2020030501016561,MSMBS,17,51,60,804.0,48240.0
2020-03-05,2020030501016560,MSMBS,17,16,10,804.0,8040.0
2020-03-05,2020030501016559,MSMBS,17,32,20,804.0,16080.0
2020-03-05,2020030501016539,MSMBS,17,55,50,803.0,40150.0
2020-03-05,2020030501016970,NABIL,33,36,50,839.0,41950.0
2020-03-05,2020030501016969,NABIL,33,7,10,839.0,8390.0
2020-03-05,2020030501016968,NABIL,33,40,500,839.0,419500.0
2020-03-05,2020030501016900,NADEP,43,41,23,688.0,15824.0
2020-03-05,2020030501016839,NADEP,43,38,150,688.0,103200.0
2020-03-05,2020030501016681,NBB,36,14,100,225.0,22500.0
2020-03-05,2020030501016991,NBL,37,52,170,285.0,48450.0
2020-03-05,2020030501016909,NBL,6,6,200,283.0,56600.0
2020-03-05,2020030501016713,NBL,6,46,100,283.0,28300.0
2020-03-05,2020030501017021,NCCB,52,52,50,202.0,10100.0
2020-03-05,2020030501016962,NCCB,58,48,1258,201.0,252858.0
2020-03-05,2020030501016859,NCCB,58,11,1000,201.0,201000.0
2020-03-05,2020030501016743,NCCB,58,46,99,201.0,19899.0
2020-03-05,2020030501016916,NEF,35,41,243,8.45,2053.35
2020-03-05,2020030501016562,NGPL,34,49,550,116.0,63800.0
2020-03-05,2020030501016553,NGPL,14,49,449,117.0,52533.0
2020-03-05,2020030501016830,NHDL,40,46,12,149.0,1788.0
2020-03-05,2020030501016824,NHPC,14,54,1000,59.0,59000.0
2020-03-05,2020030501016995,NIB,45,48,461,417.0,192237.0
2020-03-05,2020030501016994,NIB,17,48,50,418.0,20900.0
2020-03-05,2020030501016993,NIB,45,48,35,418.0,14630.0
2020-03-05,2020030501016992,NIB,35,48,10,418.0,4180.0
2020-03-05,2020030501016956,NIB,11,51,44,420.0,18480.0
2020-03-05,2020030501016908,NIB,33,41,44,418.0,18392.0
2020-03-05,2020030501016902,NIB,33,7,44,418.0,18392.0
2020-03-05,2020030501016817,NIB,33,59,200,418.0,83600.0
2020-03-05,2020030501016755,NIB,32,6,100,419.0,41900.0
2020-03-05,2020030501016726,NIBPO,22,50,200,360.0,72000.0
2020-03-05,2020030501016701,NIBPO,22,50,200,360.0,72000.0
2020-03-05,2020030501016596,NIBPO,26,13,50,358.0,17900.0
2020-03-05,2020030501017016,NICA,34,48,56,575.0,32200.0
2020-03-05,2020030501016948,NICA,34,56,98,575.0,56350.0
2020-03-05,2020030501016918,NICA,34,46,21,574.0,12054.0
2020-03-05,2020030501016781,NICA,33,46,100,574.0,57400.0
2020-03-05,2020030501016724,NICA,33,42,142,574.0,81508.0
2020-03-05,2020030501016721,NICA,18,42,100,574.0,57400.0
2020-03-05,2020030501016710,NICA,47,47,1,573.0,573.0
2020-03-05,2020030501016536,NICA,50,4,308,573.0,176484.0
2020-03-05,2020030501016535,NICA,55,4,192,573.0,110016.0
2020-03-05,2020030501016950,NICL,43,28,400,461.0,184400.0
2020-03-05,2020030501016821,NICL,29,28,50,461.0,23050.0
2020-03-05,2020030501016820,NICL,17,28,50,461.0,23050.0
2020-03-05,2020030501016537,NICL,17,7,200,465.0,93000.0
2020-03-05,2020030501017029,NIL,44,48,321,582.0,186822.0
2020-03-05,2020030501017028,NIL,36,48,200,585.0,117000.0
2020-03-05,2020030501017005,NIL,5,50,100,590.0,59000.0
2020-03-05,2020030501016990,NIL,43,50,10,590.0,5900.0
2020-03-05,2020030501016878,NIL,6,19,70,582.0,40740.0
2020-03-05,2020030501016855,NIL,6,33,430,582.0,250260.0
2020-03-05,2020030501016854,NIL,34,33,50,583.0,29150.0
2020-03-05,2020030501016853,NIL,34,33,20,583.0,11660.0
2020-03-05,2020030501016847,NIL,38,28,100,585.0,58500.0
2020-03-05,2020030501016576,NIL,36,28,100,585.0,58500.0
2020-03-05,2020030501017031,NLBBL,44,50,200,769.0,153800.0
2020-03-05,2020030501017030,NLBBL,44,58,250,766.0,191500.0
2020-03-05,2020030501017022,NLBBL,33,39,50,762.0,38100.0
2020-03-05,2020030501017018,NLIC,43,57,22,1253.0,27566.0
2020-03-05,2020030501016988,NLIC,43,21,12,1253.0,15036.0
2020-03-05,2020030501016987,NLIC,50,21,10,1255.0,12550.0
2020-03-05,2020030501016933,NLIC,17,41,22,1252.0,27544.0
2020-03-05,2020030501016892,NLIC,17,16,50,1252.0,62600.0
2020-03-05,2020030501016844,NLIC,39,35,100,1252.0,125200.0
2020-03-05,2020030501016742,NLIC,58,4,86,1251.0,107586.0
2020-03-05,2020030501016741,NLIC,41,4,40,1251.0,50040.0
2020-03-05,2020030501016714,NLIC,41,48,50,1251.0,62550.0
2020-03-05,2020030501016645,NLIC,38,49,152,1255.0,190760.0
2020-03-05,2020030501016607,NLIC,41,45,10,1251.0,12510.0
2020-03-05,2020030501016564,NLIC,6,52,30,1251.0,37530.0
2020-03-05,2020030501016836,NLIC,39,59,100,1252.0,125200.0
2020-03-05,2020030501016813,NLIC,49,28,100,1250.0,125000.0
2020-03-05,2020030501016801,NLIC,49,28,200,1250.0,250000.0
2020-03-05,2020030501016778,NLIC,49,5,1886,1250.0,2357500.0
2020-03-05,2020030501016777,NLIC,56,5,200,1251.0,250200.0
2020-03-05,2020030501016776,NLIC,58,5,14,1251.0,17514.0
2020-03-05,2020030501016757,NLICL,37,35,200,710.0,142000.0
2020-03-05,2020030501016728,NLICL,37,36,277,710.0,196670.0
2020-03-05,2020030501016704,NLICL,37,6,200,710.0,142000.0
2020-03-05,2020030501016703,NLICL,36,6,200,711.0,142200.0
2020-03-05,2020030501016960,NMB,34,52,100,460.0,46000.0
2020-03-05,2020030501016959,NMB,34,14,1924,460.0,885040.0
2020-03-05,2020030501016789,NMB,58,59,100,459.0,45900.0
2020-03-05,2020030501016740,NMB,50,14,300,460.0,138000.0
2020-03-05,2020030501016717,NMB,58,42,220,459.0,100980.0
2020-03-05,2020030501016667,NMB,58,39,210,459.0,96390.0
2020-03-05,2020030501016666,NMB,34,39,390,459.0,179010.0
2020-03-05,2020030501016621,NMB,49,14,2000,460.0,920000.0
2020-03-05,2020030501016615,NMB,34,48,10,459.0,4590.0
2020-03-05,2020030501016899,NTC,39,29,10,664.0,6640.0
2020-03-05,2020030501016826,NTC,53,59,50,653.0,32650.0
2020-03-05,2020030501016707,NTC,53,25,550,653.0,359150.0
2020-03-05,2020030501016706,NTC,22,25,100,654.0,65400.0
2020-03-05,2020030501016705,NTC,44,25,50,654.0,32700.0
2020-03-05,2020030501016658,NTC,34,29,10,664.0,6640.0
2020-03-05,2020030501016887,PCBL,13,28,358,302.0,108116.0
2020-03-05,2020030501016709,PCBL,6,28,42,302.0,12684.0
2020-03-05,2020030501016669,PCBL,36,28,100,305.0,30500.0
2020-03-05,2020030501016585,PCBL,17,52,100,304.0,30400.0
2020-03-05,2020030501016627,PFL,43,48,219,162.0,35478.0
2020-03-05,2020030501016626,PFL,45,48,284,162.0,46008.0
2020-03-05,2020030501016625,PFL,57,48,444,163.0,72372.0
2020-03-05,2020030501016551,PFL,57,32,56,163.0,9128.0
2020-03-05,2020030501016998,PIC,8,33,1087,608.0,660896.0
2020-03-05,2020030501016997,PIC,8,39,250,606.0,151500.0
2020-03-05,2020030501016996,PIC,8,36,20,605.0,12100.0
2020-03-05,2020030501016688,PLIC,32,6,300,592.0,177600.0
2020-03-05,2020030501016687,PLIC,41,6,100,593.0,59300.0
2020-03-05,2020030501016796,PPCL,34,42,10,119.0,1190.0
2020-03-05,2020030501016795,PPCL,34,41,10,119.0,1190.0
2020-03-05,2020030501016794,PPCL,34,34,30,119.0,3570.0
2020-03-05,2020030501016793,PPCL,34,6,20,119.0,2380.0
2020-03-05,2020030501016792,PPCL,34,46,30,119.0,3570.0
2020-03-05,2020030501016791,PPCL,34,6,10,119.0,1190.0
2020-03-05,2020030501017012,PRVU,14,14,100,254.0,25400.0
2020-03-05,2020030501016816,PRVU,17,46,187,253.0,47311.0
2020-03-05,2020030501016735,PRVU,17,42,250,253.0,63250.0
2020-03-05,2020030501016677,PRVU,17,21,173,253.0,43769.0
2020-03-05,2020030501016582,PRVU,17,49,175,253.0,44275.0
2020-03-05,2020030501016827,RADHI,38,19,12,169.0,2028.0
2020-03-05,2020030501016600,RADHI,38,26,12,169.0,2028.0
2020-03-05,2020030501016925,RHPC,4,17,33,87.0,2871.0
2020-03-05,2020030501016910,RHPC,4,51,117,86.0,10062.0
2020-03-05,2020030501016957,RHPL,50,41,70,159.0,11130.0
2020-03-05,2020030501016924,RHPL,50,40,50,159.0,7950.0
2020-03-05,2020030501016906,RHPL,50,40,40,159.0,6360.0
2020-03-05,2020030501016862,RHPL,50,20,30,159.0,4770.0
2020-03-05,2020030501016774,RHPL,50,18,40,159.0,6360.0
2020-03-05,2020030501016767,RHPL,50,40,50,159.0,7950.0
2020-03-05,2020030501016545,RHPL,50,26,40,159.0,6360.0
2020-03-05,2020030501016695,RHPL,50,40,40,159.0,6360.0
2020-03-05,2020030501016657,RHPL,50,29,40,159.0,6360.0
2020-03-05,2020030501016655,RHPL,50,26,40,159.0,6360.0
2020-03-05,2020030501016612,RHPL,50,26,40,159.0,6360.0
2020-03-05,2020030501016573,RHPL,18,14,50,161.0,8050.0
2020-03-05,2020030501016552,RHPL,50,29,40,159.0,6360.0
2020-03-05,2020030501016871,RMDC,48,59,50,694.0,34700.0
2020-03-05,2020030501016708,RMDC,19,52,34,694.0,23596.0
2020-03-05,2020030501016631,RMDC,59,59,10,700.0,7000.0
2020-03-05,2020030501016630,RMDC,38,59,20,700.0,14000.0
2020-03-05,2020030501016629,RMDC,38,59,43,702.0,30186.0
2020-03-05,2020030501016557,RMDC,38,38,93,702.0,65286.0
2020-03-05,2020030501016556,RMDC,17,38,50,705.0,35250.0
2020-03-05,2020030501016917,RRHP,48,6,10,98.0,980.0
2020-03-05,2020030501016538,RRHP,48,42,10,98.0,980.0
2020-03-05,2020030501017015,RSDC,44,14,14,512.0,7168.0
2020-03-05,2020030501016920,RSDC,45,50,43,515.0,22145.0
2020-03-05,2020030501016919,RSDC,45,36,100,514.0,51400.0
2020-03-05,2020030501016890,RSDC,44,38,31,512.0,15872.0
2020-03-05,2020030501016610,RSDC,22,1,300,515.0,154500.0
2020-03-05,2020030501016609,RSDC,28,1,78,516.0,40248.0
2020-03-05,2020030501016550,RSDC,28,41,122,516.0,62952.0
2020-03-05,2020030501017006,SABSL,52,21,11,815.0,8965.0
2020-03-05,2020030501016812,SABSL,28,26,10,821.0,8210.0
2020-03-05,2020030501016937,SADBL,6,45,426,169.0,71994.0
2020-03-05,2020030501017017,SANIMA,53,57,100,370.0,37000.0
2020-03-05,2020030501016897,SANIMA,25,57,10,370.0,3700.0
2020-03-05,2020030501016808,SANIMA,13,59,20,366.0,7320.0
2020-03-05,2020030501016759,SANIMA,45,59,35,366.0,12810.0
2020-03-05,2020030501016758,SANIMA,48,59,55,366.0,20130.0
2020-03-05,2020030501016587,SANIMA,48,59,345,366.0,126270.0
2020-03-05,2020030501016575,SAPDBL,1,48,27,140.0,3780.0
2020-03-05,2020030501017008,SBI,34,33,2000,477.0,954000.0
2020-03-05,2020030501017007,SBI,34,33,1022,477.0,487494.0
2020-03-05,2020030501016880,SBI,34,18,978,477.0,466506.0
2020-03-05,2020030501016879,SBI,47,18,22,478.0,10516.0
2020-03-05,2020030501016569,SBI,34,14,1000,479.0,479000.0
2020-03-05,2020030501016568,SBI,33,14,70,479.0,33530.0
2020-03-05,2020030501016567,SBI,41,14,200,480.0,96000.0
2020-03-05,2020030501016566,SBI,40,14,309,480.0,148320.0
2020-03-05,2020030501016973,SBL,47,16,519,330.0,171270.0
2020-03-05,2020030501016972,SBL,47,13,10,329.0,3290.0
2020-03-05,2020030501016971,SBL,47,38,207,329.0,68103.0
2020-03-05,2020030501016828,SBL,25,48,107,326.0,34882.0
2020-03-05,2020030501016823,SBL,56,38,10,329.0,3290.0
2020-03-05,2020030501017001,SCB,11,57,20,696.0,13920.0
2020-03-05,2020030501016947,SCB,28,1,102,699.0,71298.0
2020-03-05,2020030501016737,SCB,28,48,143,698.0,99814.0
2020-03-05,2020030501016736,SCB,28,14,55,698.0,38390.0
2020-03-05,2020030501016689,SCB,11,14,10,698.0,6980.0
2020-03-05,2020030501017020,SHIVM,44,50,725,608.0,440800.0
2020-03-05,2020030501017019,SHIVM,44,21,100,606.0,60600.0
2020-03-05,2020030501016877,SHIVM,56,34,30,607.0,18210.0
2020-03-05,2020030501016858,SHIVM,44,16,115,602.0,69230.0
2020-03-05,2020030501016857,SHIVM,4,16,25,602.0,15050.0
2020-03-05,2020030501016856,SHIVM,57,16,60,603.0,36180.0
2020-03-05,2020030501016832,SHIVM,57,57,40,603.0,24120.0
2020-03-05,2020030501016831,SHIVM,43,57,10,603.0,6030.0
2020-03-05,2020030501016977,SHL,10,56,700,180.0,126000.0
2020-03-05,2020030501016660,SHPC,14,48,39,216.0,8424.0
2020-03-05,2020030501016636,SHPC,38,14,25,219.0,5475.0
2020-03-05,2020030501016635,SHPC,41,14,300,219.0,65700.0
2020-03-05,2020030501016543,SICL,55,55,45,980.0,44100.0
2020-03-05,2020030501016883,SJCL,29,20,20,154.0,3080.0
2020-03-05,2020030501016782,SJCL,29,40,20,154.0,3080.0
2020-03-05,2020030501016686,SJCL,29,48,20,154.0,3080.0
2020-03-05,2020030501016674,SJCL,29,29,20,154.0,3080.0
2020-03-05,2020030501016670,SJCL,29,26,20,154.0,3080.0
2020-03-05,2020030501016623,SJCL,29,26,10,154.0,1540.0
2020-03-05,2020030501016565,SJCL,29,29,20,154.0,3080.0
2020-03-05,2020030501016555,SJCL,29,26,20,154.0,3080.0
2020-03-05,2020030501016533,SJCL,29,18,20,154.0,3080.0
2020-03-05,2020030501016929,SKBBL,19,32,30,1160.0,34800.0
2020-03-05,2020030501016754,SLICL,17,42,64,462.0,29568.0
2020-03-05,2020030501016548,SPDL,14,42,10,101.0,1010.0
2020-03-05,2020030501016961,SRBL,22,16,81,261.0,21141.0
2020-03-05,2020030501016889,SRBL,33,48,1888,260.0,490880.0
2020-03-05,2020030501016888,SRBL,36,48,141,260.0,36660.0
2020-03-05,2020030501016870,SRBL,36,51,859,260.0,223340.0
2020-03-05,2020030501016869,SRBL,19,51,300,260.0,78000.0
2020-03-05,2020030501016868,SRBL,57,51,500,260.0,130000.0
2020-03-05,2020030501016650,SRBL,33,18,950,263.0,249850.0
2020-03-05,2020030501016638,SRBL,33,4,1404,262.0,367848.0
2020-03-05,2020030501016599,SRBL,34,14,1511,261.0,394371.0
2020-03-05,2020030501016867,SRBL,13,51,100,260.0,26000.0
2020-03-05,2020030501016866,SRBL,35,51,2167,260.0,563420.0
2020-03-05,2020030501016865,SRBL,33,51,1000,261.0,261000.0
2020-03-05,2020030501016864,SRBL,34,51,394,261.0,102834.0
2020-03-05,2020030501016702,SRBL,34,48,113,261.0,29493.0
2020-03-05,2020030501016651,SRBL,33,45,200,263.0,52600.0
2020-03-05,2020030501016986,TMDBL,52,14,100,204.0,20400.0
2020-03-05,2020030501016725,TMDBL,49,44,1000,205.0,205000.0
2020-03-05,2020030501016932,TRH,17,6,650,263.0,170950.0
2020-03-05,2020030501016800,UIC,29,57,500,371.0,185500.0
2020-03-05,2020030501016799,UIC,26,57,100,371.0,37100.0
2020-03-05,2020030501016798,UIC,3,57,500,371.0,185500.0
2020-03-05,2020030501016797,UIC,17,57,70,371.0,25970.0
2020-03-05,2020030501016748,UIC,43,42,200,372.0,74400.0
2020-03-05,2020030501016747,UIC,41,42,100,372.0,37200.0
2020-03-05,2020030501016746,UIC,28,42,60,373.0,22380.0
2020-03-05,2020030501016745,UIC,38,42,80,375.0,30000.0
2020-03-05,2020030501016911,UPPER,22,48,40,235.0,9400.0
2020-03-05,2020030501016874,UPPER,22,36,50,235.0,11750.0
2020-03-05,2020030501016846,UPPER,22,48,40,235.0,9400.0
2020-03-05,2020030501016841,UPPER,58,52,72,236.0,16992.0
2020-03-05,2020030501016840,UPPER,19,52,198,236.0,46728.0
2020-03-05,2020030501016829,UPPER,19,48,50,236.0,11800.0
2020-03-05,2020030501016807,UPPER,19,40,50,236.0,11800.0
2020-03-05,2020030501016738,UPPER,19,48,50,236.0,11800.0
2020-03-05,2020030501016624,UPPER,19,42,40,236.0,9440.0
2020-03-05,2020030501016558,UPPER,19,42,80,236.0,18880.0
2020-03-05,2020030501016549,UPPER,34,1,10,237.0,2370.0
2020-03-05,2020030501016632,VLBS,38,44,19,1019.0,19361.0
2020-03-05,2020030501016611,VLBS,38,44,31,1019.0,31589.0
2020-03-05,2020030501016981,WOMI,38,26,152,1050.0,159600.0
2020-03-05,2020030501016668,WOMI,5,41,27,1045.0,28215.0
2020-03-05,2020030501015394,ADBL,51,22,40,412.0,16480.0
2020-03-05,2020030501015393,ADBL,14,22,50,412.0,20600.0
2020-03-05,2020030501015392,ADBL,1,22,10,412.0,4120.0
2020-03-05,2020030501015377,ADBL,6,42,10,413.0,4130.0
2020-03-05,2020030501015376,ADBL,6,32,10,413.0,4130.0
2020-03-05,2020030501015491,AKJCL,42,32,20,53.0,1060.0
2020-03-05,2020030501015478,AKPL,56,43,1000,126.0,126000.0
2020-03-05,2020030501015298,AKPL,58,46,1000,127.0,127000.0
2020-03-05,2020030501015456,ALBSL,48,29,10,727.0,7270.0
2020-03-05,2020030501015530,ALICL,36,6,500,586.0,293000.0
2020-03-05,2020030501015492,ALICL,44,45,250,590.0,147500.0
2020-03-05,2020030501015336,ALICL,34,45,100,590.0,59000.0
2020-03-05,2020030501015254,ALICL,5,5,200,590.0,118000.0
2020-03-05,2020030501015253,ALICL,25,5,100,590.0,59000.0
2020-03-05,2020030501015194,ALICL,58,6,150,596.0,89400.0
2020-03-05,2020030501015107,ALICL,57,6,46,600.0,27600.0
2020-03-05,2020030501015097,ALICL,57,14,50,600.0,30000.0
2020-03-05,2020030501015069,ALICL,57,32,404,600.0,242400.0
2020-03-05,2020030501015068,ALICL,14,32,96,600.0,57600.0
2020-03-05,2020030501015185,API,6,41,250,133.0,33250.0
2020-03-05,2020030501015515,BOKL,34,44,504,249.0,125496.0
2020-03-05,2020030501015514,BOKL,42,44,50,250.0,12500.0
2020-03-05,2020030501015513,BOKL,34,44,200,250.0,50000.0
2020-03-05,2020030501015403,BOKL,48,34,17,252.0,4284.0
2020-03-05,2020030501015479,BPCL,33,32,33,367.0,12111.0
2020-03-05,2020030501015300,BPCL,25,55,120,368.0,44160.0
2020-03-05,2020030501015345,CBBL,51,40,100,1097.0,109700.0
2020-03-05,2020030501015344,CBBL,58,40,20,1097.0,21940.0
2020-03-05,2020030501015343,CBBL,17,40,32,1100.0,35200.0
2020-03-05,2020030501015231,CBBL,58,52,50,1109.0,55450.0
2020-03-05,2020030501015429,CBL,32,48,100,151.0,15100.0
2020-03-05,2020030501015391,CBL,36,59,1186,149.0,176714.0
2020-03-05,2020030501015390,CBL,56,59,350,149.0,52150.0
2020-03-05,2020030501015389,CBL,29,59,1000,149.0,149000.0
2020-03-05,2020030501015388,CBL,38,59,200,149.0,29800.0
2020-03-05,2020030501015387,CBL,48,59,400,149.0,59600.0
2020-03-05,2020030501015386,CBL,34,59,200,149.0,29800.0
2020-03-05,2020030501015385,CBL,25,59,161,149.0,23989.0
2020-03-05,2020030501015384,CBL,49,59,1000,150.0,150000.0
2020-03-05,2020030501015383,CBL,33,59,500,150.0,75000.0
2020-03-05,2020030501015382,CBL,36,59,2000,150.0,300000.0
2020-03-05,2020030501015381,CBL,58,59,1003,150.0,150450.0
2020-03-05,2020030501015508,CCBL,1,53,469,188.0,88172.0
2020-03-05,2020030501015334,CCBL,1,35,3022,188.0,568136.0
2020-03-05,2020030501015333,CCBL,1,35,978,190.0,185820.0
2020-03-05,2020030501015314,CCBL,47,45,100,191.0,19100.0
2020-03-05,2020030501015225,CCBL,47,34,400,191.0,76400.0
2020-03-05,2020030501015129,CFCL,25,45,30,147.0,4410.0
2020-03-05,2020030501015375,CHCL,34,57,100,423.0,42300.0
2020-03-05,2020030501015118,CHCL,13,28,12,423.0,5076.0
2020-03-05,2020030501015073,CHCL,13,45,258,420.0,108360.0
2020-03-05,2020030501015072,CHCL,13,50,446,420.0,187320.0
2020-03-05,2020030501015044,CHCL,13,57,99,418.0,41382.0
2020-03-05,2020030501015043,CHCL,13,56,826,418.0,345268.0
2020-03-05,2020030501015472,CIT,39,25,30,2751.0,82530.0
2020-03-05,2020030501015461,CIT,39,1,20,2751.0,55020.0
2020-03-05,2020030501015421,CIT,46,7,50,2752.0,137600.0
2020-03-05,2020030501015420,CIT,25,7,28,2752.0,77056.0
2020-03-05,2020030501015419,CIT,58,7,50,2752.0,137600.0
2020-03-05,2020030501015418,CIT,58,7,93,2752.0,255936.0
2020-03-05,2020030501015267,CIT,5,1,50,2753.0,137650.0
2020-03-05,2020030501015080,CIT,44,7,100,2780.0,278000.0
2020-03-05,2020030501015079,CIT,49,7,440,2780.0,1223200.0
2020-03-05,2020030501015301,CMF1,43,21,500,9.5,4750.0
2020-03-05,2020030501015507,CZBIL,28,21,586,205.0,120130.0
2020-03-05,2020030501015506,CZBIL,34,21,214,205.0,43870.0
2020-03-05,2020030501015505,CZBIL,1,21,400,206.0,82400.0
2020-03-05,2020030501015088,CZBIL,43,37,14,206.0,2884.0
2020-03-05,2020030501015159,DDBL,25,34,340,908.0,308720.0
2020-03-05,2020030501015111,DDBL,25,32,159,908.0,144372.0
2020-03-05,2020030501015110,DDBL,38,32,100,909.0,90900.0
2020-03-05,2020030501015109,DDBL,48,32,20,909.0,18180.0
2020-03-05,2020030501015108,DDBL,49,32,21,910.0,19110.0
2020-03-05,2020030501015047,DDBL,49,25,16,910.0,14560.0
2020-03-05,2020030501015510,EBL,38,39,50,760.0,38000.0
2020-03-05,2020030501015463,EBL,52,39,250,760.0,190000.0
2020-03-05,2020030501015396,EBL,52,39,150,760.0,114000.0
2020-03-05,2020030501015395,EBL,6,39,150,761.0,114150.0
2020-03-05,2020030501015362,EBL,45,13,100,767.0,76700.0
2020-03-05,2020030501015342,EBL,17,8,50,768.0,38400.0
2020-03-05,2020030501015341,EBL,1,8,521,768.0,400128.0
2020-03-05,2020030501015193,EBL,1,38,50,768.0,38400.0
2020-03-05,2020030501015457,EIC,56,59,100,413.0,41300.0
2020-03-05,2020030501015326,EIC,56,38,100,413.0,41300.0
2020-03-05,2020030501015288,EIC,57,57,130,414.0,53820.0
2020-03-05,2020030501015252,EIC,57,38,470,414.0,194580.0
2020-03-05,2020030501015096,EIC,56,28,150,413.0,61950.0
2020-03-05,2020030501015500,FMDBL,37,16,20,525.0,10500.0
2020-03-05,2020030501015372,FMDBL,45,18,200,529.0,105800.0
2020-03-05,2020030501015340,FMDBL,36,18,200,529.0,105800.0
2020-03-05,2020030501015339,FMDBL,10,56,50,530.0,26500.0
2020-03-05,2020030501015338,FMDBL,48,56,50,530.0,26500.0
2020-03-05,2020030501015337,FMDBL,7,56,150,530.0,79500.0
2020-03-05,2020030501015316,FMDBL,38,39,20,533.0,10660.0
2020-03-05,2020030501015286,FMDBL,52,28,250,535.0,133750.0
2020-03-05,2020030501015262,FMDBL,6,28,20,535.0,10700.0
2020-03-05,2020030501015348,GBBL,34,41,10,245.0,2450.0
2020-03-05,2020030501015297,GBBL,34,25,990,245.0,242550.0
2020-03-05,2020030501015296,GBBL,34,25,10,246.0,2460.0
2020-03-05,2020030501015156,GBBL,25,17,1000,247.0,247000.0
2020-03-05,2020030501015487,GBIME,52,6,400,289.0,115600.0
2020-03-05,2020030501015471,GBIME,36,6,500,289.0,144500.0
2020-03-05,2020030501015356,GBIME,32,57,153,289.0,44217.0
2020-03-05,2020030501015355,GBIME,32,17,136,289.0,39304.0
2020-03-05,2020030501015308,GBIME,59,52,11,288.0,3168.0
2020-03-05,2020030501015095,GBIME,59,36,150,288.0,43200.0
2020-03-05,2020030501015094,GBIME,28,36,500,288.0,144000.0
2020-03-05,2020030501015093,GBIME,18,36,200,288.0,57600.0
2020-03-05,2020030501015092,GBIME,58,36,100,288.0,28800.0
2020-03-05,2020030501015091,GBIME,49,36,500,288.0,144000.0
2020-03-05,2020030501015090,GBIME,28,36,500,288.0,144000.0
2020-03-05,2020030501015089,GBIME,34,36,50,288.0,14400.0
2020-03-05,2020030501015512,GBLBS,53,34,200,505.0,101000.0
2020-03-05,2020030501015371,GBLBS,45,21,500,510.0,255000.0
2020-03-05,2020030501015370,GBLBS,50,21,200,510.0,102000.0
2020-03-05,2020030501015295,GBLBS,39,50,50,515.0,25750.0
2020-03-05,2020030501015294,GBLBS,49,50,50,515.0,25750.0
2020-03-05,2020030501015293,GBLBS,45,50,25,515.0,12875.0
2020-03-05,2020030501015167,GBLBS,34,56,500,517.0,258500.0
2020-03-05,2020030501015066,GBLBS,34,53,95,517.0,49115.0
2020-03-05,2020030501015287,GBLBS,45,8,100,515.0,51500.0
2020-03-05,2020030501015268,GBLBS,44,33,250,516.0,129000.0
2020-03-05,2020030501015259,GBLBS,42,33,300,516.0,154800.0
2020-03-05,2020030501015258,GBLBS,57,33,1000,516.0,516000.0
2020-03-05,2020030501015257,GBLBS,34,33,45,517.0,23265.0
2020-03-05,2020030501015178,GBLBS,34,45,260,517.0,134420.0
2020-03-05,2020030501015098,GFCL,5,59,30,163.0,4890.0
2020-03-05,2020030501015188,GHL,25,4,10,67.0,670.0
2020-03-05,2020030501015283,GIMES1,7,42,1700,9.2,15640.0
2020-03-05,2020030501015282,GIMES1,7,50,2000,9.16,18320.0
2020-03-05,2020030501015441,GLICL,39,39,126,499.0,62874.0
2020-03-05,2020030501015358,GLICL,13,44,995,500.0,497500.0
2020-03-05,2020030501015331,GLICL,13,6,300,500.0,150000.0
2020-03-05,2020030501015320,GLICL,42,53,480,503.0,241440.0
2020-03-05,2020030501015319,GLICL,42,41,20,502.0,10040.0
2020-03-05,2020030501015191,GLICL,13,14,75,500.0,37500.0
2020-03-05,2020030501015158,GLICL,39,14,25,504.0,12600.0
2020-03-05,2020030501015128,GLICL,39,41,20,504.0,10080.0
2020-03-05,2020030501015102,GLICL,39,45,150,504.0,75600.0
2020-03-05,2020030501015101,GLICL,39,38,661,504.0,333144.0
2020-03-05,2020030501015100,GLICL,39,39,73,503.0,36719.0
2020-03-05,2020030501015099,GLICL,39,25,71,503.0,35713.0
2020-03-05,2020030501015335,HBL,44,49,332,620.0,205840.0
2020-03-05,2020030501015256,HBL,44,26,100,620.0,62000.0
2020-03-05,2020030501015529,HDL,55,53,50,1640.0,82000.0
2020-03-05,2020030501015469,HDL,17,4,50,1645.0,82250.0
2020-03-05,2020030501015468,HDL,55,4,50,1645.0,82250.0
2020-03-05,2020030501015467,HDL,5,4,150,1645.0,246750.0
2020-03-05,2020030501015466,HDL,42,4,200,1646.0,329200.0
2020-03-05,2020030501015465,HDL,7,4,100,1646.0,164600.0
2020-03-05,2020030501015105,HDL,44,25,50,1660.0,83000.0
2020-03-05,2020030501015104,HDL,10,25,50,1665.0,83250.0
2020-03-05,2020030501015275,HDL,20,19,10,1660.0,16600.0
2020-03-05,2020030501015228,HDL,45,48,45,1660.0,74700.0
2020-03-05,2020030501015210,HDL,45,49,55,1660.0,91300.0
2020-03-05,2020030501015192,HDL,37,49,20,1660.0,33200.0
2020-03-05,2020030501015131,HDL,44,10,50,1660.0,83000.0
2020-03-05,2020030501015115,HDL,39,44,50,1669.0,83450.0
2020-03-05,2020030501015459,HDL,17,32,50,1650.0,82500.0
2020-03-05,2020030501015402,HDL,17,32,50,1650.0,82500.0
2020-03-05,2020030501015401,HDL,35,32,100,1650.0,165000.0
2020-03-05,2020030501015352,HDL,35,55,100,1650.0,165000.0
2020-03-05,2020030501015351,HDL,34,55,100,1651.0,165100.0
2020-03-05,2020030501015276,HDL,13,19,30,1655.0,49650.0
2020-03-05,2020030501015443,HGI,51,39,50,407.0,20350.0
2020-03-05,2020030501015442,HGI,28,39,50,408.0,20400.0
2020-03-05,2020030501015425,HGI,28,25,100,408.0,40800.0
2020-03-05,2020030501015373,HGI,28,21,50,408.0,20400.0
2020-03-05,2020030501015137,HPPL,5,37,20,143.0,2860.0
2020-03-05,2020030501015458,ILBS,25,55,100,798.0,79800.0
2020-03-05,2020030501015399,ILBS,25,39,100,798.0,79800.0
2020-03-05,2020030501015226,ILBS,48,55,50,810.0,40500.0
2020-03-05,2020030501015368,JBBL,54,57,615,192.0,118080.0
2020-03-05,2020030501015215,KBL,14,49,190,210.0,39900.0
2020-03-05,2020030501015214,KBL,46,49,10,211.0,2110.0
2020-03-05,2020030501015504,KMCDB,41,42,10,882.0,8820.0
2020-03-05,2020030501015503,KMCDB,7,42,20,884.0,17680.0
2020-03-05,2020030501015424,KMCDB,1,48,10,900.0,9000.0
2020-03-05,2020030501015353,KMCDB,1,48,10,900.0,9000.0
2020-03-05,2020030501015329,KMCDB,1,59,10,900.0,9000.0
2020-03-05,2020030501015277,KMCDB,1,38,10,900.0,9000.0
2020-03-05,2020030501015236,KMCDB,48,38,10,905.0,9050.0
2020-03-05,2020030501015150,KRBL,1,17,20,109.0,2180.0
2020-03-05,2020030501015270,KRBL,57,17,57,110.0,6270.0
2020-03-05,2020030501015499,KSBBL,13,33,200,172.0,34400.0
2020-03-05,2020030501015498,KSBBL,4,33,500,172.0,86000.0
2020-03-05,2020030501015313,LBBL,7,33,20,201.0,4020.0
2020-03-05,2020030501015237,LGIL,25,59,95,506.0,48070.0
2020-03-05,2020030501015263,LLBS,45,55,26,1100.0,28600.0
2020-03-05,2020030501015475,LVF1,47,42,10000,9.64,96400.0
2020-03-05,2020030501015127,LVF1,47,42,2000,9.64,19280.0
2020-03-05,2020030501015436,MBL,42,34,50,250.0,12500.0
2020-03-05,2020030501015435,MBL,10,34,100,250.0,25000.0
2020-03-05,2020030501015240,MDB,34,42,100,450.0,45000.0
2020-03-05,2020030501015239,MDB,34,42,50,450.0,22500.0
2020-03-05,2020030501015125,MDB,5,21,500,450.0,225000.0
2020-03-05,2020030501015482,MEGA,35,41,19,231.0,4389.0
2020-03-05,2020030501015481,MEGA,56,41,200,231.0,46200.0
2020-03-05,2020030501015428,MEGA,19,14,500,232.0,116000.0
2020-03-05,2020030501015084,MEGA,48,6,1000,232.0,232000.0
2020-03-05,2020030501015083,MEGA,34,6,200,232.0,46400.0
2020-03-05,2020030501015082,MEGA,46,6,200,232.0,46400.0
2020-03-05,2020030501015055,MEGA,14,16,100,234.0,23400.0
2020-03-05,2020030501015049,MEGA,13,16,300,234.0,70200.0
2020-03-05,2020030501015048,MEGA,1,16,110,234.0,25740.0
2020-03-05,2020030501015524,MERO,34,11,50,684.0,34200.0
2020-03-05,2020030501015493,MERO,34,16,300,684.0,205200.0
2020-03-05,2020030501015431,MERO,34,22,150,684.0,102600.0
2020-03-05,2020030501015430,MERO,6,22,50,686.0,34300.0
2020-03-05,2020030501015422,MERO,42,56,20,691.0,13820.0
2020-03-05,2020030501015322,MERO,6,41,100,686.0,68600.0
2020-03-05,2020030501015290,MERO,6,43,50,686.0,34300.0
2020-03-05,2020030501015289,MERO,39,43,100,686.0,68600.0
2020-03-05,2020030501015271,MERO,14,45,100,691.0,69100.0
2020-03-05,2020030501015211,MERO,14,29,200,691.0,138200.0
2020-03-05,2020030501015464,MFIL,28,43,9399,319.0,2998281.0
2020-03-05,2020030501015349,MFIL,4,43,196,319.0,62524.0
2020-03-05,2020030501015205,MFIL,4,39,600,319.0,191400.0
2020-03-05,2020030501015204,MFIL,4,43,350,319.0,111650.0
2020-03-05,2020030501015203,MFIL,4,38,500,319.0,159500.0
2020-03-05,2020030501015202,MFIL,4,51,200,319.0,63800.0
2020-03-05,2020030501015201,MFIL,4,43,1154,319.0,368126.0
2020-03-05,2020030501015117,MFIL,7,50,500,318.0,159000.0
2020-03-05,2020030501015087,MFIL,7,57,200,318.0,63600.0
2020-03-05,2020030501015076,MFIL,4,43,716,319.0,228404.0
2020-03-05,2020030501015033,MFIL,14,43,1000,319.0,319000.0
2020-03-05,2020030501015485,MNBBL,47,20,91,335.0,30485.0
2020-03-05,2020030501015484,MNBBL,26,20,1526,336.0,512736.0
2020-03-05,2020030501015483,MNBBL,56,20,60,337.0,20220.0
2020-03-05,2020030501015249,MNBBL,39,33,100,340.0,34000.0
2020-03-05,2020030501015227,MNBBL,35,34,200,341.0,68200.0
2020-03-05,2020030501015285,NABIL,43,43,115,850.0,97750.0
2020-03-05,2020030501015248,NABIL,43,44,105,850.0,89250.0
2020-03-05,2020030501015247,NABIL,43,29,10,850.0,8500.0
2020-03-05,2020030501015246,NABIL,43,21,84,850.0,71400.0
2020-03-05,2020030501015245,NABIL,43,40,86,845.0,72670.0
2020-03-05,2020030501015221,NABIL,37,1,200,840.0,168000.0
2020-03-05,2020030501015149,NABIL,50,40,138,845.0,116610.0
2020-03-05,2020030501015114,NABIL,50,35,450,845.0,380250.0
2020-03-05,2020030501015113,NABIL,48,35,50,845.0,42250.0
2020-03-05,2020030501015085,NABIL,48,35,50,845.0,42250.0
2020-03-05,2020030501015032,NABIL,33,26,100,847.0,84700.0
2020-03-05,2020030501015400,NADEP,49,46,54,730.0,39420.0
2020-03-05,2020030501015350,NADEP,49,35,46,730.0,33580.0
2020-03-05,2020030501015480,NBB,58,56,1797,227.0,407919.0
2020-03-05,2020030501015179,NBB,19,19,1000,228.0,228000.0
2020-03-05,2020030501015148,NBB,19,39,500,228.0,114000.0
2020-03-05,2020030501015147,NBB,32,39,400,228.0,91200.0
2020-03-05,2020030501015146,NBB,19,39,100,228.0,22800.0
2020-03-05,2020030501015244,NBL,44,19,995,285.0,283575.0
2020-03-05,2020030501015243,NBL,57,19,305,285.0,86925.0
2020-03-05,2020030501015242,NBL,42,19,300,286.0,85800.0
2020-03-05,2020030501015241,NBL,34,19,500,286.0,143000.0
2020-03-05,2020030501015176,NBL,18,36,200,288.0,57600.0
2020-03-05,2020030501015175,NBL,59,36,50,288.0,14400.0
2020-03-05,2020030501015174,NBL,41,36,120,288.0,34560.0
2020-03-05,2020030501015106,NBL,28,44,300,289.0,86700.0
2020-03-05,2020030501015511,NCCB,56,58,1000,203.0,203000.0
2020-03-05,2020030501015346,NCCB,56,34,1100,203.0,223300.0
2020-03-05,2020030501015291,NCCB,56,49,300,203.0,60900.0
2020-03-05,2020030501015223,NCCB,56,35,855,203.0,173565.0
2020-03-05,2020030501015222,NCCB,39,35,73,203.0,14819.0
2020-03-05,2020030501015126,NCCB,39,58,27,203.0,5481.0
2020-03-05,2020030501015071,NCCB,33,58,43,203.0,8729.0
2020-03-05,2020030501015070,NCCB,33,11,57,203.0,11571.0
2020-03-05,2020030501015103,NFS,58,49,500,151.0,75500.0
2020-03-05,2020030501015473,NGPL,59,37,11,119.0,1309.0
2020-03-05,2020030501015497,NIB,45,49,124,421.0,52204.0
2020-03-05,2020030501015405,NIB,45,57,18,421.0,7578.0
2020-03-05,2020030501015404,NIB,33,57,100,421.0,42100.0
2020-03-05,2020030501015380,NIB,33,39,900,421.0,378900.0
2020-03-05,2020030501015379,NIB,49,39,100,421.0,42100.0
2020-03-05,2020030501015189,NIB,45,42,100,424.0,42400.0
2020-03-05,2020030501015224,NIBLPF,25,18,2525,8.36,21109.0
2020-03-05,2020030501015037,NIBSF1,7,22,3000,10.32,30960.0
2020-03-05,2020030501015509,NICA,34,1,300,576.0,172800.0
2020-03-05,2020030501015455,NICA,34,22,15,576.0,8640.0
2020-03-05,2020030501015454,NICA,34,22,135,576.0,77760.0
2020-03-05,2020030501015453,NICA,40,22,350,577.0,201950.0
2020-03-05,2020030501015361,NICA,40,21,150,577.0,86550.0
2020-03-05,2020030501015360,NICA,45,21,50,577.0,28850.0
2020-03-05,2020030501015063,NICA,47,28,10,584.0,5840.0
2020-03-05,2020030501015061,NICA,58,21,300,583.0,174900.0
2020-03-05,2020030501015060,NICA,1,21,100,583.0,58300.0
2020-03-05,2020030501015045,NICA,1,32,200,583.0,116600.0
2020-03-05,2020030501015229,NICA,28,36,509,582.0,296238.0
2020-03-05,2020030501015216,NICA,28,52,100,582.0,58200.0
2020-03-05,2020030501015209,NICA,22,33,50,583.0,29150.0
2020-03-05,2020030501015166,NICA,28,33,100,583.0,58300.0
2020-03-05,2020030501015065,NICA,47,58,77,585.0,45045.0
2020-03-05,2020030501015064,NICA,47,37,13,585.0,7605.0
2020-03-05,2020030501015359,NICA,32,21,100,577.0,57700.0
2020-03-05,2020030501015328,NICA,44,21,200,580.0,116000.0
2020-03-05,2020030501015318,NICA,28,33,1000,580.0,580000.0
2020-03-05,2020030501015273,NICA,13,21,90,582.0,52380.0
2020-03-05,2020030501015272,NICA,13,21,10,582.0,5820.0
2020-03-05,2020030501015230,NICA,51,36,991,582.0,576762.0
2020-03-05,2020030501015496,NIL,13,33,216,592.0,127872.0
2020-03-05,2020030501015474,NIL,13,35,100,592.0,59200.0
2020-03-05,2020030501015367,NIL,13,48,200,592.0,118400.0
2020-03-05,2020030501015365,NIL,13,39,184,592.0,108928.0
2020-03-05,2020030501015364,NIL,13,57,300,592.0,177600.0
2020-03-05,2020030501015323,NIL,51,33,200,595.0,119000.0
2020-03-05,2020030501015307,NIL,34,59,100,599.0,59900.0
2020-03-05,2020030501015306,NIL,59,59,100,599.0,59900.0
2020-03-05,2020030501015305,NIL,42,55,40,600.0,24000.0
2020-03-05,2020030501015304,NIL,58,55,90,600.0,54000.0
2020-03-05,2020030501015299,NIL,58,50,10,600.0,6000.0
2020-03-05,2020030501015212,NLBBL,22,33,470,780.0,366600.0
2020-03-05,2020030501015138,NLBBL,22,42,30,780.0,23400.0
2020-03-05,2020030501015528,NLIC,34,45,100,1255.0,125500.0
2020-03-05,2020030501015520,NLIC,39,45,220,1255.0,276100.0
2020-03-05,2020030501015519,NLIC,39,20,100,1255.0,125500.0
2020-03-05,2020030501015518,NLIC,39,6,200,1255.0,251000.0
2020-03-05,2020030501015517,NLIC,39,43,200,1255.0,251000.0
2020-03-05,2020030501015516,NLIC,39,35,280,1255.0,351400.0
2020-03-05,2020030501015041,NLIC,56,33,187,1257.0,235059.0
2020-03-05,2020030501015040,NLIC,25,33,100,1257.0,125700.0
2020-03-05,2020030501015039,NLIC,14,33,20,1258.0,25160.0
2020-03-05,2020030501015038,NLIC,49,45,50,1261.0,63050.0
2020-03-05,2020030501015190,NLIC,40,21,100,1259.0,125900.0
2020-03-05,2020030501015184,NLIC,48,45,100,1260.0,126000.0
2020-03-05,2020030501015144,NLIC,56,45,100,1260.0,126000.0
2020-03-05,2020030501015136,NLIC,40,45,100,1260.0,126000.0
2020-03-05,2020030501015130,NLIC,53,45,31,1260.0,39060.0
2020-03-05,2020030501015124,NLIC,21,35,100,1260.0,126000.0
2020-03-05,2020030501015410,NLIC,34,35,100,1256.0,125600.0
2020-03-05,2020030501015409,NLIC,55,35,100,1257.0,125700.0
2020-03-05,2020030501015408,NLIC,56,35,113,1257.0,142041.0
2020-03-05,2020030501015317,NLIC,56,52,200,1257.0,251400.0
2020-03-05,2020030501015309,NLIC,47,45,20,1260.0,25200.0
2020-03-05,2020030501015238,NLIC,45,45,50,1260.0,63000.0
2020-03-05,2020030501015416,NLIC,57,35,200,1255.0,251000.0
2020-03-05,2020030501015415,NLIC,53,35,800,1255.0,1004000.0
2020-03-05,2020030501015414,NLIC,40,35,40,1255.0,50200.0
2020-03-05,2020030501015413,NLIC,58,35,100,1255.0,125500.0
2020-03-05,2020030501015412,NLIC,13,35,50,1255.0,62750.0
2020-03-05,2020030501015411,NLIC,21,35,400,1256.0,502400.0
2020-03-05,2020030501015460,NLICL,55,35,200,722.0,144400.0
2020-03-05,2020030501015446,NLICL,5,44,80,725.0,58000.0
2020-03-05,2020030501015440,NLICL,5,21,20,725.0,14500.0
2020-03-05,2020030501015439,NLICL,42,21,30,725.0,21750.0
2020-03-05,2020030501015310,NLICL,42,42,100,725.0,72500.0
2020-03-05,2020030501015169,NLICL,52,26,20,726.0,14520.0
2020-03-05,2020030501015168,NLICL,29,26,30,727.0,21810.0
2020-03-05,2020030501015123,NLICL,29,56,20,727.0,14540.0
2020-03-05,2020030501015122,NLICL,51,56,100,727.0,72700.0
2020-03-05,2020030501015121,NLICL,16,56,300,728.0,218400.0
2020-03-05,2020030501015120,NLICL,45,56,30,730.0,21900.0
2020-03-05,2020030501015119,NLICL,5,56,50,730.0,36500.0
2020-03-05,2020030501015501,NMB,34,38,1500,464.0,696000.0
2020-03-05,2020030501015490,NMB,34,39,500,464.0,232000.0
2020-03-05,2020030501015489,NMB,6,39,500,464.0,232000.0
2020-03-05,2020030501015452,NMB,6,6,179,465.0,83235.0
2020-03-05,2020030501015445,NMB,6,49,21,465.0,9765.0
2020-03-05,2020030501015444,NMB,32,49,175,465.0,81375.0
2020-03-05,2020030501015208,NMB,13,38,111,466.0,51726.0
2020-03-05,2020030501015163,NMB,45,38,1059,466.0,493494.0
2020-03-05,2020030501015162,NMB,25,38,500,466.0,233000.0
2020-03-05,2020030501015161,NMB,45,38,195,466.0,90870.0
2020-03-05,2020030501015160,NMB,51,38,135,466.0,62910.0
2020-03-05,2020030501015423,NMB,32,13,500,465.0,232500.0
2020-03-05,2020030501015417,NMB,32,21,500,465.0,232500.0
2020-03-05,2020030501015366,NMB,32,25,100,465.0,46500.0
2020-03-05,2020030501015363,NMB,32,29,25,465.0,11625.0
2020-03-05,2020030501015327,NMB,32,14,700,465.0,325500.0
2020-03-05,2020030501015235,NMB,13,4,224,466.0,104384.0
2020-03-05,2020030501015434,NMBMF,34,39,11,890.0,9790.0
2020-03-05,2020030501015427,NMBMF,21,21,6,882.0,5292.0
2020-03-05,2020030501015165,NMFBS,58,42,15,1799.0,26985.0
2020-03-05,2020030501015164,NMFBS,58,17,15,1799.0,26985.0
2020-03-05,2020030501015133,NSEWA,35,58,10,742.0,7420.0
2020-03-05,2020030501015132,NSEWA,35,13,10,742.0,7420.0
2020-03-05,2020030501015502,OHL,44,42,100,459.0,45900.0
2020-03-05,2020030501015438,PCBL,40,48,271,307.0,83197.0
2020-03-05,2020030501015437,PCBL,45,48,29,307.0,8903.0
2020-03-05,2020030501015250,PCBL,17,14,200,310.0,62000.0
2020-03-05,2020030501015173,PCBL,39,33,500,311.0,155500.0
2020-03-05,2020030501015155,PCBL,39,36,100,310.0,31000.0
2020-03-05,2020030501015143,PCBL,39,36,849,310.0,263190.0
2020-03-05,2020030501015142,PCBL,39,34,998,310.0,309380.0
2020-03-05,2020030501015141,PCBL,39,25,100,310.0,31000.0
2020-03-05,2020030501015140,PCBL,39,41,100,310.0,31000.0
2020-03-05,2020030501015139,PCBL,39,25,100,309.0,30900.0
2020-03-05,2020030501015486,PIC,39,38,50,614.0,30700.0
2020-03-05,2020030501015398,PIC,39,38,450,614.0,276300.0
2020-03-05,2020030501015397,PIC,10,38,50,614.0,30700.0
2020-03-05,2020030501015357,PIC,43,38,100,615.0,61500.0
2020-03-05,2020030501015274,PIC,43,48,100,615.0,61500.0
2020-03-05,2020030501015059,PIC,57,5,1000,615.0,615000.0
2020-03-05,2020030501015058,PIC,33,5,39,615.0,23985.0
2020-03-05,2020030501015057,PIC,28,5,500,620.0,310000.0
2020-03-05,2020030501015056,PIC,53,5,579,620.0,358980.0
2020-03-05,2020030501015451,PLIC,59,42,580,610.0,353800.0
2020-03-05,2020030501015450,PLIC,13,42,1000,610.0,610000.0
2020-03-05,2020030501015449,PLIC,53,42,500,610.0,305000.0
2020-03-05,2020030501015448,PLIC,13,42,300,610.0,183000.0
2020-03-05,2020030501015447,PLIC,29,42,50,610.0,30500.0
2020-03-05,2020030501015324,PRIN,43,48,300,465.0,139500.0
2020-03-05,2020030501015292,PRIN,29,49,1000,463.0,463000.0
2020-03-05,2020030501015278,PRIN,43,29,200,470.0,94000.0
2020-03-05,2020030501015525,PRVU,17,45,500,257.0,128500.0
2020-03-05,2020030501015207,PRVU,17,44,35,259.0,9065.0
2020-03-05,2020030501015206,PRVU,17,49,15,259.0,3885.0
2020-03-05,2020030501015199,PRVU,34,4,2657,256.0,680192.0
2020-03-05,2020030501015198,PRVU,58,4,253,256.0,64768.0
2020-03-05,2020030501015197,PRVU,38,4,40,257.0,10280.0
2020-03-05,2020030501015196,PRVU,22,4,50,257.0,12850.0
2020-03-05,2020030501015284,RBCL,8,6,10,10201.0,102010.0
2020-03-05,2020030501015251,RBCL,37,45,10,10350.0,103500.0
2020-03-05,2020030501015183,RBCL,37,35,10,10350.0,103500.0
2020-03-05,2020030501015462,RBCLPO,3,6,30,8845.0,265350.0
2020-03-05,2020030501015186,RBCLPO,49,6,10,8844.0,88440.0
2020-03-05,2020030501015134,RHPL,50,18,60,159.0,9540.0
2020-03-05,2020030501015112,RHPL,17,6,40,160.0,6400.0
2020-03-05,2020030501015531,RSDC,47,41,50,526.0,26300.0
2020-03-05,2020030501015495,RSDC,44,45,100,535.0,53500.0
2020-03-05,2020030501015494,RSDC,46,45,85,535.0,45475.0
2020-03-05,2020030501015347,RSDC,40,53,10,544.0,5440.0
2020-03-05,2020030501015234,RSDC,38,34,50,545.0,27250.0
2020-03-05,2020030501015233,RSDC,38,34,95,545.0,51775.0
2020-03-05,2020030501015232,RSDC,46,34,50,548.0,27400.0
2020-03-05,2020030501015187,RSDC,46,45,50,548.0,27400.0
2020-03-05,2020030501015281,SANIMA,33,59,18,370.0,6660.0
2020-03-05,2020030501015280,SANIMA,6,59,100,370.0,37000.0
2020-03-05,2020030501015279,SANIMA,13,59,82,370.0,30340.0
2020-03-05,2020030501015116,SANIMA,14,44,158,371.0,58618.0
2020-03-05,2020030501015081,SANIMA,14,38,100,371.0,37100.0
2020-03-05,2020030501015074,SANIMA,19,44,500,372.0,186000.0
2020-03-05,2020030501015046,SBI,25,10,300,485.0,145500.0
2020-03-05,2020030501015488,SCB,25,14,300,700.0,210000.0
2020-03-05,2020030501015220,SCB,1,40,20,710.0,14200.0
2020-03-05,2020030501015219,SCB,54,40,33,710.0,23430.0
2020-03-05,2020030501015218,SCB,48,40,100,711.0,71100.0
2020-03-05,2020030501015170,SCB,51,16,100,712.0,71200.0
2020-03-05,2020030501015135,SCB,48,49,134,715.0,95810.0
2020-03-05,2020030501015086,SCB,48,42,66,715.0,47190.0
2020-03-05,2020030501015195,SEF,7,49,5000,9.6,48000.0
2020-03-05,2020030501015369,SHINE,6,21,36,305.0,10980.0
2020-03-05,2020030501015433,SHIVM,4,41,30,610.0,18300.0
2020-03-05,2020030501015374,SHIVM,4,29,170,610.0,103700.0
2020-03-05,2020030501015042,SHIVM,52,18,100,612.0,61200.0
2020-03-05,2020030501015036,SHIVM,52,57,70,612.0,42840.0
2020-03-05,2020030501015035,SHIVM,7,57,180,612.0,110160.0
2020-03-05,2020030501015034,SHIVM,25,57,50,613.0,30650.0
2020-03-05,2020030501015180,SHIVM,26,58,200,615.0,123000.0
2020-03-05,2020030501015054,SHIVM,16,21,170,610.0,103700.0
2020-03-05,2020030501015053,SHIVM,52,21,100,610.0,61000.0
2020-03-05,2020030501015052,SHIVM,33,21,100,611.0,61100.0
2020-03-05,2020030501015051,SHIVM,14,21,100,612.0,61200.0
2020-03-05,2020030501015050,SHIVM,52,21,30,612.0,18360.0
2020-03-05,2020030501015213,SHIVM,16,29,330,610.0,201300.0
2020-03-05,2020030501015182,SHIVM,26,58,165,617.0,101805.0
2020-03-05,2020030501015181,SHIVM,26,56,135,617.0,83295.0
2020-03-05,2020030501015477,SICL,6,14,130,990.0,128700.0
2020-03-05,2020030501015476,SICL,16,14,10,990.0,9900.0
2020-03-05,2020030501015200,SICL,21,33,30,1000.0,30000.0
2020-03-05,2020030501015062,SJCL,29,18,20,154.0,3080.0
2020-03-05,2020030501015523,SKBBL,28,14,200,1157.0,231400.0
2020-03-05,2020030501015522,SKBBL,19,14,40,1160.0,46400.0
2020-03-05,2020030501015521,SKBBL,58,14,10,1160.0,11600.0
2020-03-05,2020030501015078,SKBBL,25,11,40,1176.0,47040.0
2020-03-05,2020030501015077,SKBBL,51,11,100,1176.0,117600.0
2020-03-05,2020030501015302,SLBBL,58,53,100,915.0,91500.0
2020-03-05,2020030501015332,SLICL,45,6,41,477.0,19557.0
2020-03-05,2020030501015315,SLICL,29,21,30,478.0,14340.0
2020-03-05,2020030501015312,SLICL,29,44,470,478.0,224660.0
2020-03-05,2020030501015311,SLICL,6,44,30,478.0,14340.0
2020-03-05,2020030501015266,SLICL,46,44,100,480.0,48000.0
2020-03-05,2020030501015265,SLICL,19,44,100,481.0,48100.0
2020-03-05,2020030501015154,SLICL,36,42,22,485.0,10670.0
2020-03-05,2020030501015153,SLICL,36,1,150,485.0,72750.0
2020-03-05,2020030501015264,SLICL,49,44,200,482.0,96400.0
2020-03-05,2020030501015261,SLICL,34,50,100,483.0,48300.0
2020-03-05,2020030501015260,SLICL,35,50,278,483.0,134274.0
2020-03-05,2020030501015217,SLICL,35,59,500,483.0,241500.0
2020-03-05,2020030501015172,SLICL,35,42,222,483.0,107226.0
2020-03-05,2020030501015171,SLICL,36,42,28,485.0,13580.0
2020-03-05,2020030501015470,SMB,10,52,10,954.0,9540.0
2020-03-05,2020030501015330,SPARS,41,32,28,877.0,24556.0
2020-03-05,2020030501015157,SPARS,41,49,10,860.0,8600.0
2020-03-05,2020030501015426,SRBL,51,18,2000,263.0,526000.0
2020-03-05,2020030501015406,SRBL,29,45,1000,264.0,264000.0
2020-03-05,2020030501015354,SRBL,57,59,90,265.0,23850.0
2020-03-05,2020030501015145,SRBL,46,4,10,266.0,2660.0
2020-03-05,2020030501015303,STC,25,40,100,2700.0,270000.0
2020-03-05,2020030501015255,STC,16,22,50,2705.0,135250.0
2020-03-05,2020030501015152,UIC,43,29,100,395.0,39500.0
2020-03-05,2020030501015151,UIC,43,49,100,394.0,39400.0
2020-03-05,2020030501015177,UPPER,39,18,40,236.0,9440.0
2020-03-05,2020030501015075,UPPER,39,49,40,236.0,9440.0
2020-03-05,2020030501015527,VLBS,7,57,10,1040.0,10400.0
2020-03-05,2020030501015526,VLBS,7,57,10,1040.0,10400.0
2020-03-05,2020030501015407,VLBS,57,57,67,1041.0,69747.0
2020-03-05,2020030501015378,VLBS,57,49,100,1041.0,104100.0
2020-03-05,2020030501015325,VLBS,57,55,13,1041.0,13533.0
2020-03-05,2020030501015321,VLBS,57,41,20,1041.0,20820.0
2020-03-05,2020030501015269,VLBS,57,45,100,1041.0,104100.0
2020-03-05,2020030501016073,ADBL,47,32,70,410.0,28700.0
2020-03-05,2020030501016072,ADBL,47,32,20,410.0,8200.0
2020-03-05,2020030501016071,ADBL,5,32,100,410.0,41000.0
2020-03-05,2020030501016070,ADBL,1,32,200,410.0,82000.0
2020-03-05,2020030501016069,ADBL,44,32,110,410.0,45100.0
2020-03-05,2020030501016198,ADBL,47,4,130,410.0,53300.0
2020-03-05,2020030501016475,AKJCL,42,18,20,53.0,1060.0
2020-03-05,2020030501016303,AKJCL,42,49,10,53.0,530.0
2020-03-05,2020030501016429,ALBSL,43,50,100,715.0,71500.0
2020-03-05,2020030501016340,ALBSL,29,26,11,711.0,7821.0
2020-03-05,2020030501016529,ALICL,38,5,113,570.0,64410.0
2020-03-05,2020030501016528,ALICL,38,36,680,570.0,387600.0
2020-03-05,2020030501016487,ALICL,29,36,200,570.0,114000.0
2020-03-05,2020030501016486,ALICL,41,36,119,570.0,67830.0
2020-03-05,2020030501016376,ALICL,34,5,500,571.0,285500.0
2020-03-05,2020030501016375,ALICL,52,5,1000,573.0,573000.0
2020-03-05,2020030501016368,ALICL,45,5,200,576.0,115200.0
2020-03-05,2020030501016367,ALICL,59,5,150,576.0,86400.0
2020-03-05,2020030501016374,ALICL,52,5,1000,573.0,573000.0
2020-03-05,2020030501016373,ALICL,21,5,90,574.0,51660.0
2020-03-05,2020030501016372,ALICL,25,5,200,574.0,114800.0
2020-03-05,2020030501016371,ALICL,57,5,200,574.0,114800.0
2020-03-05,2020030501016370,ALICL,37,5,200,574.0,114800.0
2020-03-05,2020030501016369,ALICL,34,5,89,575.0,51175.0
2020-03-05,2020030501016314,BOKL,34,29,600,247.0,148200.0
2020-03-05,2020030501016313,BOKL,25,29,100,247.0,24700.0
2020-03-05,2020030501016312,BOKL,45,29,300,247.0,74100.0
2020-03-05,2020030501016488,BPCL,59,18,11,360.0,3960.0
2020-03-05,2020030501016295,BPCL,59,40,524,360.0,188640.0
2020-03-05,2020030501016087,BPCL,37,5,13,361.0,4693.0
2020-03-05,2020030501016086,BPCL,13,5,467,362.0,169054.0
2020-03-05,2020030501016085,BPCL,53,5,60,363.0,21780.0
2020-03-05,2020030501016294,BPCL,38,40,200,361.0,72200.0
2020-03-05,2020030501016293,BPCL,13,40,1000,361.0,361000.0
2020-03-05,2020030501016292,BPCL,37,40,276,361.0,99636.0
2020-03-05,2020030501016253,CBBL,7,51,60,1085.0,65100.0
2020-03-05,2020030501016345,CCBL,26,47,33,185.0,6105.0
2020-03-05,2020030501016344,CCBL,35,34,21,186.0,3906.0
2020-03-05,2020030501016261,CCBL,35,47,36,186.0,6696.0
2020-03-05,2020030501016199,CCBL,47,47,8,186.0,1488.0
2020-03-05,2020030501016118,CCBL,47,47,7,186.0,1302.0
2020-03-05,2020030501016077,CCBL,35,21,80,186.0,14880.0
2020-03-05,2020030501016075,CCBL,35,54,225,186.0,41850.0
2020-03-05,2020030501016306,CHCL,13,59,299,413.0,123487.0
2020-03-05,2020030501016305,CHCL,14,59,82,413.0,33866.0
2020-03-05,2020030501016240,CHCL,14,25,18,413.0,7434.0
2020-03-05,2020030501016165,CIT,11,21,50,2740.0,137000.0
2020-03-05,2020030501016164,CIT,11,44,11,2739.0,30129.0
2020-03-05,2020030501016042,CIT,11,21,100,2740.0,274000.0
2020-03-05,2020030501016507,CZBIL,25,41,40,207.0,8280.0
2020-03-05,2020030501016500,CZBIL,45,41,20,207.0,4140.0
2020-03-05,2020030501016499,CZBIL,45,48,10,206.0,2060.0
2020-03-05,2020030501016498,CZBIL,45,44,20,206.0,4120.0
2020-03-05,2020030501016441,CZBIL,28,53,100,205.0,20500.0
2020-03-05,2020030501016389,CZBIL,28,18,10,205.0,2050.0
2020-03-05,2020030501016346,CZBIL,28,7,300,205.0,61500.0
2020-03-05,2020030501016289,CZBIL,17,5,50,206.0,10300.0
2020-03-05,2020030501016288,CZBIL,1,5,50,206.0,10300.0
2020-03-05,2020030501016228,CZBIL,1,21,50,206.0,10300.0
2020-03-05,2020030501016197,CZBIL,1,21,100,206.0,20600.0
2020-03-05,2020030501016036,CZBIL,1,5,200,206.0,41200.0
2020-03-05,2020030501016452,DDBL,5,45,10,888.0,8880.0
2020-03-05,2020030501016252,DDBL,28,6,120,871.0,104520.0
2020-03-05,2020030501016251,DDBL,5,6,20,875.0,17500.0
2020-03-05,2020030501016250,DDBL,58,6,10,885.0,8850.0
2020-03-05,2020030501016249,DDBL,45,6,10,886.0,8860.0
2020-03-05,2020030501016135,EBL,1,33,141,751.0,105891.0
2020-03-05,2020030501016134,EBL,17,33,50,752.0,37600.0
2020-03-05,2020030501016133,EBL,17,33,20,752.0,15040.0
2020-03-05,2020030501016132,EBL,50,33,45,752.0,33840.0
2020-03-05,2020030501016423,EDBL,47,41,33,394.0,13002.0
2020-03-05,2020030501016360,EDBL,43,41,267,393.0,104931.0
2020-03-05,2020030501016212,EDBL,49,41,33,394.0,13002.0
2020-03-05,2020030501016451,EIC,28,34,181,406.0,73486.0
2020-03-05,2020030501016450,EIC,28,14,319,405.0,129195.0
2020-03-05,2020030501016385,EIC,45,14,500,400.0,200000.0
2020-03-05,2020030501016384,EIC,45,14,500,400.0,200000.0
2020-03-05,2020030501016383,EIC,14,14,250,401.0,100250.0
2020-03-05,2020030501016382,EIC,34,14,100,402.0,40200.0
2020-03-05,2020030501016381,EIC,58,14,100,403.0,40300.0
2020-03-05,2020030501016380,EIC,38,14,30,403.0,12090.0
2020-03-05,2020030501016298,EIC,38,58,10,403.0,4030.0
2020-03-05,2020030501016297,EIC,57,58,30,403.0,12090.0
2020-03-05,2020030501016211,EIC,57,46,50,403.0,20150.0
2020-03-05,2020030501016050,FMDBL,44,19,10,515.0,5150.0
2020-03-05,2020030501016465,FOWAD,18,54,350,1490.0,521500.0
2020-03-05,2020030501016196,FOWAD,55,54,50,1490.0,74500.0
2020-03-05,2020030501016246,GBBL,58,14,253,242.0,61226.0
2020-03-05,2020030501016427,GBIME,13,6,200,288.0,57600.0
2020-03-05,2020030501016426,GBIME,13,34,140,288.0,40320.0
2020-03-05,2020030501016425,GBIME,13,59,400,288.0,115200.0
2020-03-05,2020030501016379,GBIME,14,34,300,288.0,86400.0
2020-03-05,2020030501016366,GBIME,28,34,60,288.0,17280.0
2020-03-05,2020030501016365,GBIME,28,44,150,288.0,43200.0
2020-03-05,2020030501016335,GBIME,11,20,334,287.0,95858.0
2020-03-05,2020030501016334,GBIME,11,20,166,287.0,47642.0
2020-03-05,2020030501016168,GBIME,11,37,834,287.0,239358.0
2020-03-05,2020030501016167,GBIME,34,37,4166,287.0,1195642.0
2020-03-05,2020030501016163,GBIME,34,7,41,287.0,11767.0
2020-03-05,2020030501016117,GBIME,34,40,261,287.0,74907.0
2020-03-05,2020030501016339,GBLBS,50,14,100,500.0,50000.0
2020-03-05,2020030501016338,GBLBS,17,14,15,500.0,7500.0
2020-03-05,2020030501016278,GBLBS,50,50,75,500.0,37500.0
2020-03-05,2020030501016191,GBLBS,50,4,54,500.0,27000.0
2020-03-05,2020030501016190,GBLBS,58,4,50,500.0,25000.0
2020-03-05,2020030501016189,GBLBS,14,4,500,500.0,250000.0
2020-03-05,2020030501016188,GBLBS,19,4,300,501.0,150300.0
2020-03-05,2020030501016110,GILB,57,34,45,1360.0,61200.0
2020-03-05,2020030501016304,GLBSL,57,21,110,670.0,73700.0
2020-03-05,2020030501016206,GLBSL,58,21,84,678.0,56952.0
2020-03-05,2020030501016049,GLBSL,58,49,20,678.0,13560.0
2020-03-05,2020030501016494,GLICL,34,54,50,490.0,24500.0
2020-03-05,2020030501016493,GLICL,1,54,150,491.0,73650.0
2020-03-05,2020030501016449,GLICL,13,50,100,493.0,49300.0
2020-03-05,2020030501016444,GLICL,32,53,100,493.0,49300.0
2020-03-05,2020030501016438,GLICL,34,50,832,494.0,411008.0
2020-03-05,2020030501016433,GLICL,34,43,68,494.0,33592.0
2020-03-05,2020030501016394,GLICL,52,1,50,495.0,24750.0
2020-03-05,2020030501016393,GLICL,42,1,25,495.0,12375.0
2020-03-05,2020030501016392,GLICL,34,1,50,495.0,24750.0
2020-03-05,2020030501016244,GLICL,34,20,144,495.0,71280.0
2020-03-05,2020030501016044,GLICL,34,25,12,495.0,5940.0
2020-03-05,2020030501016059,GMFBS,52,6,30,830.0,24900.0
2020-03-05,2020030501016187,HBL,38,57,30,615.0,18450.0
2020-03-05,2020030501016456,HDHPC,58,17,10,112.0,1120.0
2020-03-05,2020030501016203,HDHPC,58,14,10,114.0,1140.0
2020-03-05,2020030501016397,HDL,37,14,100,1620.0,162000.0
2020-03-05,2020030501016273,HDL,59,40,95,1625.0,154375.0
2020-03-05,2020030501016208,HDL,59,13,100,1625.0,162500.0
2020-03-05,2020030501016122,HDL,59,4,55,1625.0,89375.0
2020-03-05,2020030501016121,HDL,18,4,25,1625.0,40625.0
2020-03-05,2020030501016120,HDL,47,4,50,1627.0,81350.0
2020-03-05,2020030501016317,HGI,25,59,116,400.0,46400.0
2020-03-05,2020030501016316,HGI,6,59,34,400.0,13600.0
2020-03-05,2020030501016243,HGI,6,45,66,400.0,26400.0
2020-03-05,2020030501016242,HGI,56,45,150,400.0,60000.0
2020-03-05,2020030501016241,HGI,46,45,84,400.0,33600.0
2020-03-05,2020030501016170,HGI,21,59,200,401.0,80200.0
2020-03-05,2020030501016169,HGI,49,59,150,401.0,60150.0
2020-03-05,2020030501016035,HIDCL,4,33,30,139.0,4170.0
2020-03-05,2020030501016480,HPPL,50,56,10,144.0,1440.0
2020-03-05,2020030501016207,IGI,21,51,100,441.0,44100.0
2020-03-05,2020030501016519,ILBS,13,51,10,760.0,7600.0
2020-03-05,2020030501016501,ILBS,17,19,45,768.0,34560.0
2020-03-05,2020030501016468,ILBS,17,26,10,783.0,7830.0
2020-03-05,2020030501016462,JBBL,40,51,100,189.0,18900.0
2020-03-05,2020030501016287,JBBL,53,59,100,190.0,19000.0
2020-03-05,2020030501016283,JBBL,59,59,50,190.0,9500.0
2020-03-05,2020030501016282,JBBL,44,59,148,190.0,28120.0
2020-03-05,2020030501016210,JBBL,44,56,30,190.0,5700.0
2020-03-05,2020030501016147,JBBL,44,57,322,190.0,61180.0
2020-03-05,2020030501016146,JBBL,58,57,678,190.0,128820.0
2020-03-05,2020030501016219,JSLBB,25,41,13,1539.0,20007.0
2020-03-05,2020030501016496,KBL,34,29,290,209.0,60610.0
2020-03-05,2020030501016332,KBL,34,7,300,209.0,62700.0
2020-03-05,2020030501016272,KBL,34,58,50,209.0,10450.0
2020-03-05,2020030501016230,KBL,34,40,230,209.0,48070.0
2020-03-05,2020030501016229,KBL,16,40,36,209.0,7524.0
2020-03-05,2020030501016185,KBL,14,29,10,210.0,2100.0
2020-03-05,2020030501016038,KBL,14,47,100,210.0,21000.0
2020-03-05,2020030501016524,KMCDB,34,42,10,882.0,8820.0
2020-03-05,2020030501016506,KMCDB,7,18,10,882.0,8820.0
2020-03-05,2020030501016464,KMCDB,17,7,170,900.0,153000.0
2020-03-05,2020030501016458,KMCDB,17,42,10,900.0,9000.0
2020-03-05,2020030501016443,KMCDB,17,58,10,900.0,9000.0
2020-03-05,2020030501016442,KMCDB,17,29,10,900.0,9000.0
2020-03-05,2020030501016256,KMCDB,17,51,10,899.0,8990.0
2020-03-05,2020030501016248,KMCDB,17,34,10,899.0,8990.0
2020-03-05,2020030501016218,KMCDB,17,51,10,899.0,8990.0
2020-03-05,2020030501016155,KMCDB,17,25,50,899.0,44950.0
2020-03-05,2020030501016154,KMCDB,17,48,10,899.0,8990.0
2020-03-05,2020030501016400,KMCDB,17,51,10,899.0,8990.0
2020-03-05,2020030501016378,KMCDB,17,29,10,899.0,8990.0
2020-03-05,2020030501016364,KMCDB,17,51,10,899.0,8990.0
2020-03-05,2020030501016336,KMCDB,17,51,10,899.0,8990.0
2020-03-05,2020030501016302,KMCDB,17,51,10,899.0,8990.0
2020-03-05,2020030501016301,KMCDB,17,6,60,899.0,53940.0
2020-03-05,2020030501016396,KPCL,25,41,10,108.0,1080.0
2020-03-05,2020030501016395,KPCL,25,40,10,108.0,1080.0
2020-03-05,2020030501016484,KSBBL,33,21,1000,170.0,170000.0
2020-03-05,2020030501016495,LGIL,38,21,200,490.0,98000.0
2020-03-05,2020030501016410,LGIL,17,48,55,500.0,27500.0
2020-03-05,2020030501016409,LGIL,58,48,200,500.0,100000.0
2020-03-05,2020030501016343,LGIL,58,42,185,500.0,92500.0
2020-03-05,2020030501016255,LICN,50,28,100,1490.0,149000.0
2020-03-05,2020030501016342,LVF1,34,42,30000,9.63,288900.0
2020-03-05,2020030501016432,MDB,40,49,300,452.0,135600.0
2020-03-05,2020030501016431,MDB,40,49,143,450.0,64350.0
2020-03-05,2020030501016430,MDB,40,25,100,448.0,44800.0
2020-03-05,2020030501016351,MDB,10,25,100,448.0,44800.0
2020-03-05,2020030501016268,MDB,17,49,50,450.0,22500.0
2020-03-05,2020030501016267,MDB,17,42,350,450.0,157500.0
2020-03-05,2020030501016139,MEGA,32,14,496,229.0,113584.0
2020-03-05,2020030501016138,MEGA,14,14,20,230.0,4600.0
2020-03-05,2020030501016056,MEGA,32,42,35,230.0,8050.0
2020-03-05,2020030501016055,MEGA,32,37,469,230.0,107870.0
2020-03-05,2020030501016144,MEGA,51,14,335,228.0,76380.0
2020-03-05,2020030501016143,MEGA,11,14,200,228.0,45600.0
2020-03-05,2020030501016142,MEGA,58,14,100,228.0,22800.0
2020-03-05,2020030501016141,MEGA,41,14,1000,228.0,228000.0
2020-03-05,2020030501016140,MEGA,39,14,1500,228.0,342000.0
2020-03-05,2020030501016463,MERO,35,40,118,658.0,77644.0
2020-03-05,2020030501016461,MERO,35,11,32,658.0,21056.0
2020-03-05,2020030501016209,MERO,17,45,357,665.0,237405.0
2020-03-05,2020030501016130,MERO,26,45,200,670.0,134000.0
2020-03-05,2020030501016510,MFIL,14,33,64,319.0,20416.0
2020-03-05,2020030501016509,MFIL,14,40,436,319.0,139084.0
2020-03-05,2020030501016460,MFIL,59,40,1000,319.0,319000.0
2020-03-05,2020030501016406,MFIL,4,49,590,318.0,187620.0
2020-03-05,2020030501016331,MFIL,34,22,110,317.0,34870.0
2020-03-05,2020030501016083,MFIL,53,49,200,318.0,63600.0
2020-03-05,2020030501016082,MFIL,7,49,210,318.0,66780.0
2020-03-05,2020030501016045,MFIL,38,40,134,319.0,42746.0
2020-03-05,2020030501016356,MLBBL,38,48,150,793.0,118950.0
2020-03-05,2020030501016307,MLBBL,49,56,10,795.0,7950.0
2020-03-05,2020030501016201,MLBBL,49,35,70,795.0,55650.0
2020-03-05,2020030501016437,MLBL,43,49,87,222.0,19314.0
2020-03-05,2020030501016436,MLBL,21,49,13,222.0,2886.0
2020-03-05,2020030501016202,MLBL,54,14,2000,223.0,446000.0
2020-03-05,2020030501016457,MNBBL,53,48,13,335.0,4355.0
2020-03-05,2020030501016127,MNBBL,7,51,100,338.0,33800.0
2020-03-05,2020030501016404,MPFL,51,22,365,127.0,46355.0
2020-03-05,2020030501016403,MPFL,32,22,35,127.0,4445.0
2020-03-05,2020030501016421,NABIL,49,47,134,835.0,111890.0
2020-03-05,2020030501016363,NABIL,49,33,1254,835.0,1047090.0
2020-03-05,2020030501016362,NABIL,49,59,10,835.0,8350.0
2020-03-05,2020030501016277,NABIL,43,32,60,834.0,50040.0
2020-03-05,2020030501016254,NABIL,13,59,490,835.0,409150.0
2020-03-05,2020030501016245,NABIL,13,46,10,835.0,8350.0
2020-03-05,2020030501016285,NADEP,45,10,50,697.0,34850.0
2020-03-05,2020030501016033,NADEP,21,26,11,711.0,7821.0
2020-03-05,2020030501016402,NBB,34,51,61,223.0,13603.0
2020-03-05,2020030501016329,NBB,57,14,200,225.0,45000.0
2020-03-05,2020030501016328,NBB,20,14,500,225.0,112500.0
2020-03-05,2020030501016327,NBB,45,14,500,225.0,112500.0
2020-03-05,2020030501016326,NBB,6,14,367,225.0,82575.0
2020-03-05,2020030501016299,NBB,6,45,500,226.0,113000.0
2020-03-05,2020030501016047,NBB,58,1,600,227.0,136200.0
2020-03-05,2020030501016274,NBB,53,45,100,226.0,22600.0
2020-03-05,2020030501016128,NBB,6,48,10,225.0,2250.0
2020-03-05,2020030501016109,NBB,6,51,100,225.0,22500.0
2020-03-05,2020030501016105,NBB,6,1,173,225.0,38925.0
2020-03-05,2020030501016104,NBB,13,1,100,225.0,22500.0
2020-03-05,2020030501016078,NBB,46,1,150,226.0,33900.0
2020-03-05,2020030501016157,NBL,6,1,122,283.0,34526.0
2020-03-05,2020030501016156,NBL,7,1,250,283.0,70750.0
2020-03-05,2020030501016341,NCCB,58,45,718,201.0,144318.0
2020-03-05,2020030501016319,NCCB,58,7,1129,201.0,226929.0
2020-03-05,2020030501016291,NCCB,58,1,200,201.0,40200.0
2020-03-05,2020030501016174,NCCB,58,10,99,201.0,19899.0
2020-03-05,2020030501016173,NCCB,58,10,1272,201.0,255672.0
2020-03-05,2020030501016446,NEF,35,40,483,8.45,4081.35
2020-03-05,2020030501016391,NGPL,14,34,411,119.0,48909.0
2020-03-05,2020030501016048,NHDL,4,17,10,149.0,1490.0
2020-03-05,2020030501016247,NIB,33,1,94,418.0,39292.0
2020-03-05,2020030501016215,NIB,53,1,120,420.0,50400.0
2020-03-05,2020030501016214,NIB,37,1,365,420.0,153300.0
2020-03-05,2020030501016258,NIBPO,22,50,500,360.0,180000.0
2020-03-05,2020030501016257,NIBPO,58,50,50,360.0,18000.0
2020-03-05,2020030501016058,NIBPO,58,7,900,360.0,324000.0
2020-03-05,2020030501016053,NIBPO,58,50,50,360.0,18000.0
2020-03-05,2020030501016052,NIBPO,58,50,650,360.0,234000.0
2020-03-05,2020030501016265,NICA,55,35,100,573.0,57300.0
2020-03-05,2020030501016227,NICA,55,59,208,573.0,119184.0
2020-03-05,2020030501016226,NICA,14,59,200,573.0,114600.0
2020-03-05,2020030501016225,NICA,4,59,400,573.0,229200.0
2020-03-05,2020030501016224,NICA,58,59,290,574.0,166460.0
2020-03-05,2020030501016223,NICA,18,59,100,575.0,57500.0
2020-03-05,2020030501016057,NICA,58,45,210,574.0,120540.0
2020-03-05,2020030501016041,NICA,22,14,500,575.0,287500.0
2020-03-05,2020030501016040,NICA,55,14,200,575.0,115000.0
2020-03-05,2020030501016039,NICA,50,14,553,575.0,317975.0
2020-03-05,2020030501016270,NICL,6,6,100,462.0,46200.0
2020-03-05,2020030501016269,NICL,29,6,50,465.0,23250.0
2020-03-05,2020030501016233,NICL,36,6,100,468.0,46800.0
2020-03-05,2020030501016037,NICL,17,53,50,470.0,23500.0
2020-03-05,2020030501016060,NIL,58,32,62,581.0,36022.0
2020-03-05,2020030501016448,NLG,29,59,50,640.0,32000.0
2020-03-05,2020030501016440,NLG,52,59,150,637.0,95550.0
2020-03-05,2020030501016405,NLG,52,46,50,637.0,31850.0
2020-03-05,2020030501016377,NLG,6,59,50,640.0,32000.0
2020-03-05,2020030501016054,NLG,25,29,297,655.0,194535.0
2020-03-05,2020030501016221,NLG,1,29,91,647.0,58877.0
2020-03-05,2020030501016098,NLG,34,14,100,650.0,65000.0
2020-03-05,2020030501016097,NLG,49,14,50,650.0,32500.0
2020-03-05,2020030501016526,NLIC,49,48,629,1250.0,786250.0
2020-03-05,2020030501016525,NLIC,34,48,500,1255.0,627500.0
2020-03-05,2020030501016511,NLIC,34,5,500,1255.0,627500.0
2020-03-05,2020030501016504,NLIC,49,34,250,1250.0,312500.0
2020-03-05,2020030501016503,NLIC,49,28,500,1250.0,625000.0
2020-03-05,2020030501016502,NLIC,49,34,77,1250.0,96250.0
2020-03-05,2020030501016195,NLIC,11,58,14,1258.0,17612.0
2020-03-05,2020030501016194,NLIC,11,42,22,1257.0,27654.0
2020-03-05,2020030501016103,NLIC,26,57,20,1255.0,25100.0
2020-03-05,2020030501016046,NLIC,57,39,400,1259.0,503600.0
2020-03-05,2020030501016330,NLIC,32,1,219,1250.0,273750.0
2020-03-05,2020030501016322,NLIC,32,58,128,1250.0,160000.0
2020-03-05,2020030501016321,NLIC,41,58,70,1250.0,87500.0
2020-03-05,2020030501016320,NLIC,40,58,66,1250.0,82500.0
2020-03-05,2020030501016232,NLIC,20,8,270,1255.0,338850.0
2020-03-05,2020030501016231,NLIC,26,8,100,1255.0,125500.0
2020-03-05,2020030501016482,NLIC,51,34,100,1250.0,125000.0
2020-03-05,2020030501016453,NLIC,32,50,50,1248.0,62400.0
2020-03-05,2020030501016390,NLIC,32,45,49,1248.0,61152.0
2020-03-05,2020030501016355,NLIC,47,34,40,1250.0,50000.0
2020-03-05,2020030501016350,NLIC,56,34,330,1250.0,412500.0
2020-03-05,2020030501016349,NLIC,32,34,153,1250.0,191250.0
2020-03-05,2020030501016162,NLICL,5,14,50,710.0,35500.0
2020-03-05,2020030501016161,NLICL,39,14,100,710.0,71000.0
2020-03-05,2020030501016160,NLICL,6,14,200,711.0,142200.0
2020-03-05,2020030501016043,NLICL,6,16,100,711.0,71100.0
2020-03-05,2020030501016489,NMB,34,20,1600,459.0,734400.0
2020-03-05,2020030501016418,NMB,17,14,50,460.0,23000.0
2020-03-05,2020030501016417,NMB,34,14,40,460.0,18400.0
2020-03-05,2020030501016416,NMB,59,14,500,460.0,230000.0
2020-03-05,2020030501016415,NMB,58,14,50,460.0,23000.0
2020-03-05,2020030501016414,NMB,52,14,100,460.0,46000.0
2020-03-05,2020030501016108,NMB,34,32,500,461.0,230500.0
2020-03-05,2020030501016281,NMB,14,28,246,460.0,113160.0
2020-03-05,2020030501016280,NMB,33,28,554,460.0,254840.0
2020-03-05,2020030501016193,NMB,33,59,446,460.0,205160.0
2020-03-05,2020030501016192,NMB,34,59,54,461.0,24894.0
2020-03-05,2020030501016166,NMB,26,8,100,462.0,46200.0
2020-03-05,2020030501016149,NMB,34,51,300,461.0,138300.0
2020-03-05,2020030501016413,NMB,16,14,100,460.0,46000.0
2020-03-05,2020030501016412,NMB,58,14,200,460.0,92000.0
2020-03-05,2020030501016411,NMB,37,14,522,460.0,240120.0
2020-03-05,2020030501016359,NMB,37,1,506,460.0,232760.0
2020-03-05,2020030501016358,NMB,14,1,554,460.0,254840.0
2020-03-05,2020030501016357,NMB,18,1,40,461.0,18440.0
2020-03-05,2020030501016447,PCBL,6,14,232,302.0,70064.0
2020-03-05,2020030501016401,PCBL,6,42,26,302.0,7852.0
2020-03-05,2020030501016399,PCBL,33,1,87,301.0,26187.0
2020-03-05,2020030501016398,PCBL,35,1,200,301.0,60200.0
2020-03-05,2020030501016137,PCBL,48,14,500,303.0,151500.0
2020-03-05,2020030501016136,PCBL,32,14,280,303.0,84840.0
2020-03-05,2020030501016123,PCBL,32,25,20,303.0,6060.0
2020-03-05,2020030501016112,PCBL,52,46,1783,304.0,542032.0
2020-03-05,2020030501016096,PCBL,52,40,217,304.0,65968.0
2020-03-05,2020030501016095,PCBL,29,40,177,304.0,53808.0
2020-03-05,2020030501016076,PCBL,29,25,23,304.0,6992.0
2020-03-05,2020030501016454,PFL,43,17,13,165.0,2145.0
2020-03-05,2020030501016129,PIC,36,21,20,602.0,12040.0
2020-03-05,2020030501016527,PLIC,55,36,987,591.0,583317.0
2020-03-05,2020030501016234,PLIC,8,5,700,592.0,414400.0
2020-03-05,2020030501016205,PLIC,21,5,100,593.0,59300.0
2020-03-05,2020030501016204,PLIC,29,5,200,593.0,118600.0
2020-03-05,2020030501016099,PLIC,34,21,100,598.0,59800.0
2020-03-05,2020030501016066,PLIC,59,48,580,600.0,348000.0
2020-03-05,2020030501016065,PLIC,6,48,50,600.0,30000.0
2020-03-05,2020030501016064,PLIC,53,48,243,602.0,146286.0
2020-03-05,2020030501016063,PLIC,34,48,40,604.0,24160.0
2020-03-05,2020030501016145,PMHPL,25,29,10,84.0,840.0
2020-03-05,2020030501016275,PRIN,38,38,42,447.0,18774.0
2020-03-05,2020030501016220,PRIN,35,11,500,450.0,225000.0
2020-03-05,2020030501016119,PRIN,35,38,758,452.0,342616.0
2020-03-05,2020030501016106,PRIN,44,57,20,455.0,9100.0
2020-03-05,2020030501016091,PRIN,44,6,980,455.0,445900.0
2020-03-05,2020030501016090,PRIN,44,6,10,456.0,4560.0
2020-03-05,2020030501016089,PRIN,36,6,10,456.0,4560.0
2020-03-05,2020030501016088,PRIN,36,14,490,456.0,223440.0
2020-03-05,2020030501016084,PRIN,6,14,10,456.0,4560.0
2020-03-05,2020030501016518,PRVU,19,14,2000,254.0,508000.0
2020-03-05,2020030501016517,PRVU,45,14,500,254.0,127000.0
2020-03-05,2020030501016516,PRVU,49,14,2080,254.0,528320.0
2020-03-05,2020030501016515,PRVU,4,14,500,254.0,127000.0
2020-03-05,2020030501016514,PRVU,17,14,1500,254.0,381000.0
2020-03-05,2020030501016513,PRVU,17,14,5000,254.0,1270000.0
2020-03-05,2020030501016512,PRVU,41,14,2132,254.0,541528.0
2020-03-05,2020030501016469,PRVU,7,49,100,255.0,25500.0
2020-03-05,2020030501016354,PRVU,41,4,2868,254.0,728472.0
2020-03-05,2020030501016353,PRVU,29,4,132,254.0,33528.0
2020-03-05,2020030501016222,PRVU,29,10,157,254.0,39878.0
2020-03-05,2020030501016200,PRVU,29,57,1000,254.0,254000.0
2020-03-05,2020030501016388,RHPC,34,48,19,85.0,1615.0
2020-03-05,2020030501016107,RHPC,34,17,33,85.0,2805.0
2020-03-05,2020030501016523,RHPL,50,25,880,160.0,140800.0
2020-03-05,2020030501016522,RHPL,50,40,50,159.0,7950.0
2020-03-05,2020030501016471,RHPL,38,26,40,158.0,6320.0
2020-03-05,2020030501016439,RHPL,38,47,70,158.0,11060.0
2020-03-05,2020030501016428,RHPL,38,29,40,158.0,6320.0
2020-03-05,2020030501016424,RHPL,38,48,40,158.0,6320.0
2020-03-05,2020030501016131,RHPL,18,25,60,160.0,9600.0
2020-03-05,2020030501016068,RHPL,25,29,20,159.0,3180.0
2020-03-05,2020030501016067,RHPL,50,29,20,159.0,3180.0
2020-03-05,2020030501016180,RHPL,28,56,350,159.0,55650.0
2020-03-05,2020030501016179,RHPL,22,56,190,159.0,30210.0
2020-03-05,2020030501016178,RHPL,52,56,500,159.0,79500.0
2020-03-05,2020030501016177,RHPL,42,56,300,159.0,47700.0
2020-03-05,2020030501016176,RHPL,7,56,480,159.0,76320.0
2020-03-05,2020030501016175,RHPL,25,56,180,159.0,28620.0
2020-03-05,2020030501016408,RHPL,38,26,20,158.0,3160.0
2020-03-05,2020030501016407,RHPL,28,26,20,159.0,3180.0
2020-03-05,2020030501016361,RHPL,18,25,60,160.0,9600.0
2020-03-05,2020030501016300,RHPL,28,26,40,159.0,6360.0
2020-03-05,2020030501016284,RHPL,28,29,50,159.0,7950.0
2020-03-05,2020030501016213,RHPL,28,29,40,159.0,6360.0
2020-03-05,2020030501016455,RMDC,38,48,49,702.0,34398.0
2020-03-05,2020030501016476,RRHP,48,42,10,98.0,980.0
2020-03-05,2020030501016530,RSDC,22,56,200,515.0,103000.0
2020-03-05,2020030501016505,RSDC,22,17,500,515.0,257500.0
2020-03-05,2020030501016311,RSDC,36,16,72,520.0,37440.0
2020-03-05,2020030501016279,RSDC,36,19,100,520.0,52000.0
2020-03-05,2020030501016276,RSDC,36,38,28,520.0,14560.0
2020-03-05,2020030501016333,SAEF,43,21,500,9.5,4750.0
2020-03-05,2020030501016309,SAEF,43,52,500,9.45,4725.0
2020-03-05,2020030501016266,SAEF,16,52,1000,9.45,9450.0
2020-03-05,2020030501016238,SAEF,43,52,1000,9.45,9450.0
2020-03-05,2020030501016310,SANIMA,17,59,55,366.0,20130.0
2020-03-05,2020030501016148,SANIMA,43,59,100,366.0,36600.0
2020-03-05,2020030501016186,SAPDBL,1,17,144,141.0,20304.0
2020-03-05,2020030501016081,SBI,40,22,434,480.0,208320.0
2020-03-05,2020030501016521,SBL,42,1,97,327.0,31719.0
2020-03-05,2020030501016473,SBL,56,52,30,328.0,9840.0
2020-03-05,2020030501016472,SBL,13,52,335,328.0,109880.0
2020-03-05,2020030501016217,SBL,33,38,1583,329.0,520807.0
2020-03-05,2020030501016216,SBL,57,38,200,330.0,66000.0
2020-03-05,2020030501016531,SCB,11,14,35,699.0,24465.0
2020-03-05,2020030501016435,SCB,11,21,20,700.0,14000.0
2020-03-05,2020030501016324,SCB,38,21,30,700.0,21000.0
2020-03-05,2020030501016323,SCB,38,50,20,700.0,14000.0
2020-03-05,2020030501016259,SCB,38,50,180,700.0,126000.0
2020-03-05,2020030501016126,SCB,17,1,100,705.0,70500.0
2020-03-05,2020030501016125,SCB,17,1,100,705.0,70500.0
2020-03-05,2020030501016124,SCB,44,1,300,705.0,211500.0
2020-03-05,2020030501016290,SEF,56,52,2500,9.45,23625.0
2020-03-05,2020030501016434,SHINE,21,49,300,302.0,90600.0
2020-03-05,2020030501016422,SHINE,21,17,100,302.0,30200.0
2020-03-05,2020030501016387,SHINE,21,44,400,302.0,120800.0
2020-03-05,2020030501016386,SHINE,5,44,100,303.0,30300.0
2020-03-05,2020030501016352,SHINE,5,59,200,303.0,60600.0
2020-03-05,2020030501016315,SHINE,51,44,500,304.0,152000.0
2020-03-05,2020030501016296,SHINE,14,57,36,305.0,10980.0
2020-03-05,2020030501016159,SHIVM,4,48,175,602.0,105350.0
2020-03-05,2020030501016158,SHIVM,45,48,25,603.0,15075.0
2020-03-05,2020030501016051,SHIVM,38,50,10,608.0,6080.0
2020-03-05,2020030501016483,SHL,7,56,500,180.0,90000.0
2020-03-05,2020030501016348,SHL,25,41,400,179.0,71600.0
2020-03-05,2020030501016347,SHL,7,41,300,180.0,54000.0
2020-03-05,2020030501016478,SIC,6,22,16,723.0,11568.0
2020-03-05,2020030501016477,SIC,6,1,84,723.0,60732.0
2020-03-05,2020030501016467,SIC,50,1,10,723.0,7230.0
2020-03-05,2020030501016466,SIC,36,1,56,723.0,40488.0
2020-03-05,2020030501016286,SIC,36,45,44,723.0,31812.0
2020-03-05,2020030501016497,SICL,55,51,55,980.0,53900.0
2020-03-05,2020030501016308,SICL,5,51,10,980.0,9800.0
2020-03-05,2020030501016492,SJCL,29,26,20,154.0,3080.0
2020-03-05,2020030501016474,SJCL,29,29,20,154.0,3080.0
2020-03-05,2020030501016445,SJCL,29,26,20,154.0,3080.0
2020-03-05,2020030501016419,SJCL,29,18,20,154.0,3080.0
2020-03-05,2020030501016337,SJCL,29,26,20,154.0,3080.0
2020-03-05,2020030501016325,SJCL,29,29,20,154.0,3080.0
2020-03-05,2020030501016092,SJCL,29,29,20,154.0,3080.0
2020-03-05,2020030501016080,SJCL,29,18,20,154.0,3080.0
2020-03-05,2020030501016239,SJCL,29,29,20,154.0,3080.0
2020-03-05,2020030501016520,SLBBL,49,39,470,876.0,411720.0
2020-03-05,2020030501016172,SLBBL,32,56,99,890.0,88110.0
2020-03-05,2020030501016102,SLBBL,32,56,101,890.0,89890.0
2020-03-05,2020030501016101,SLBBL,58,56,99,898.0,88902.0
2020-03-05,2020030501016062,SLBBL,57,34,20,900.0,18000.0
2020-03-05,2020030501016061,SLBBL,58,34,30,909.0,27270.0
2020-03-05,2020030501016264,SLICL,17,48,184,462.0,85008.0
2020-03-05,2020030501016263,SLICL,13,48,100,465.0,46500.0
2020-03-05,2020030501016262,SLICL,34,48,150,465.0,69750.0
2020-03-05,2020030501016171,SLICL,42,48,417,466.0,194322.0
2020-03-05,2020030501016508,SMATA,47,41,48,737.0,35376.0
2020-03-05,2020030501016491,SMATA,45,41,10,747.0,7470.0
2020-03-05,2020030501016490,SPDL,14,42,10,101.0,1010.0
2020-03-05,2020030501016479,SRBL,34,48,100,261.0,26100.0
2020-03-05,2020030501016470,SRBL,34,1,328,261.0,85608.0
2020-03-05,2020030501016459,SRBL,34,57,500,261.0,130500.0
2020-03-05,2020030501016420,SRBL,34,48,20,261.0,5220.0
2020-03-05,2020030501016271,SRBL,34,10,34,261.0,8874.0
2020-03-05,2020030501016237,SRBL,53,4,500,262.0,131000.0
2020-03-05,2020030501016236,SRBL,34,4,96,262.0,25152.0
2020-03-05,2020030501016074,SRBL,34,39,69,262.0,18078.0
2020-03-05,2020030501016481,TMDBL,52,43,199,204.0,40596.0
2020-03-05,2020030501016184,TRH,17,6,350,263.0,92050.0
2020-03-05,2020030501016183,TRH,17,6,230,264.0,60720.0
2020-03-05,2020030501016182,TRH,44,6,50,264.0,13200.0
2020-03-05,2020030501016181,TRH,22,6,20,264.0,5280.0
2020-03-05,2020030501016100,TRH,17,41,220,265.0,58300.0
2020-03-05,2020030501016032,TRH,45,41,50,265.0,13250.0
2020-03-05,2020030501016260,UIC,38,57,20,375.0,7500.0
2020-03-05,2020030501016153,UIC,28,22,40,373.0,14920.0
2020-03-05,2020030501016152,UIC,34,22,1000,373.0,373000.0
2020-03-05,2020030501016151,UIC,43,22,150,373.0,55950.0
2020-03-05,2020030501016150,UIC,29,22,10,374.0,3740.0
2020-03-05,2020030501016079,UIC,38,48,245,377.0,92365.0
2020-03-05,2020030501016485,UPPER,19,1,50,236.0,11800.0
2020-03-05,2020030501016318,UPPER,19,54,300,236.0,70800.0
2020-03-05,2020030501016034,UPPER,19,44,40,236.0,9440.0
2020-03-05,2020030501016111,UPPER,19,29,40,236.0,9440.0
2020-03-05,2020030501016235,VLBS,38,55,10,1039.0,10390.0
2020-03-05,2020030501016116,WOMI,10,57,134,1040.0,139360.0
2020-03-05,2020030501016115,WOMI,39,57,11,1041.0,11451.0
2020-03-05,2020030501016114,WOMI,35,57,70,1046.0,73220.0
2020-03-05,2020030501016113,WOMI,49,57,35,1060.0,37100.0
2020-03-05,2020030501016094,WOMI,49,48,65,1060.0,68900.0
2020-03-05,2020030501016093,WOMI,16,48,25,1060.0,26500.0
2020-03-05,2020030501014800,ADBL,1,42,10,412.0,4120.0
2020-03-05,2020030501014949,AHPC,34,56,200,101.0,20200.0
2020-03-05,2020030501014948,AHPC,34,58,200,101.0,20200.0
2020-03-05,2020030501014878,AHPC,26,16,1104,100.0,110400.0
2020-03-05,2020030501014628,ALBSL,7,39,68,737.0,50116.0
2020-03-05,2020030501014564,ALBSL,49,39,32,737.0,23584.0
2020-03-05,2020030501014563,ALBSL,49,34,18,737.0,13266.0
2020-03-05,2020030501014900,ALICL,14,42,24,600.0,14400.0
2020-03-05,2020030501014899,ALICL,14,28,80,600.0,48000.0
2020-03-05,2020030501014781,ALICL,55,28,20,600.0,12000.0
2020-03-05,2020030501014560,ALICL,45,28,1420,600.0,852000.0
2020-03-05,2020030501014558,ALICL,59,35,100,605.0,60500.0
2020-03-05,2020030501014753,API,21,41,100,133.0,13300.0
2020-03-05,2020030501014752,API,21,17,100,133.0,13300.0
2020-03-05,2020030501014677,API,7,42,12,132.0,1584.0
2020-03-05,2020030501014676,API,7,42,18,132.0,2376.0
2020-03-05,2020030501014959,BOKL,48,33,350,252.0,88200.0
2020-03-05,2020030501014905,BOKL,48,57,212,252.0,53424.0
2020-03-05,2020030501014835,BOKL,48,18,500,252.0,126000.0
2020-03-05,2020030501014834,BOKL,48,35,21,252.0,5292.0
2020-03-05,2020030501014833,BOKL,48,39,500,252.0,126000.0
2020-03-05,2020030501014818,BOKL,34,34,310,251.0,77810.0
2020-03-05,2020030501014817,BOKL,43,34,190,251.0,47690.0
2020-03-05,2020030501014659,BOKL,43,59,200,251.0,50200.0
2020-03-05,2020030501014591,BOKL,46,51,168,250.0,42000.0
2020-03-05,2020030501015003,BPCL,57,55,300,368.0,110400.0
2020-03-05,2020030501014820,BPCL,19,55,500,368.0,184000.0
2020-03-05,2020030501014717,BPCL,33,6,50,367.0,18350.0
2020-03-05,2020030501014839,CBBL,58,28,25,1117.0,27925.0
2020-03-05,2020030501014838,CBBL,58,11,19,1115.0,21185.0
2020-03-05,2020030501014773,CBBL,41,55,75,1110.0,83250.0
2020-03-05,2020030501014772,CBBL,25,55,25,1111.0,27775.0
2020-03-05,2020030501014985,CBBL,17,26,68,1100.0,74800.0
2020-03-05,2020030501014984,CBBL,28,26,50,1101.0,55050.0
2020-03-05,2020030501014912,CBBL,26,29,200,1101.0,220200.0
2020-03-05,2020030501014911,CBBL,38,29,100,1101.0,110100.0
2020-03-05,2020030501014855,CBBL,41,55,25,1110.0,27750.0
2020-03-05,2020030501015002,CBL,33,48,10,151.0,1510.0
2020-03-05,2020030501014674,CBL,58,17,57,150.0,8550.0
2020-03-05,2020030501014604,CBL,58,59,2200,150.0,330000.0
2020-03-05,2020030501014574,CBL,29,49,1000,151.0,151000.0
2020-03-05,2020030501014549,CBL,58,25,1002,150.0,150300.0
2020-03-05,2020030501015015,CCBL,52,8,350,192.0,67200.0
2020-03-05,2020030501015014,CCBL,52,21,500,192.0,96000.0
2020-03-05,2020030501015013,CCBL,52,48,150,192.0,28800.0
2020-03-05,2020030501014947,CCBL,1,18,14,191.0,2674.0
2020-03-05,2020030501014927,CCBL,1,48,245,191.0,46795.0
2020-03-05,2020030501014926,CCBL,1,45,1000,191.0,191000.0
2020-03-05,2020030501014661,CCBL,47,6,500,189.0,94500.0
2020-03-05,2020030501014919,CCBL,1,46,122,190.0,23180.0
2020-03-05,2020030501014918,CCBL,1,49,500,189.0,94500.0
2020-03-05,2020030501014917,CCBL,1,49,500,189.0,94500.0
2020-03-05,2020030501014916,CCBL,1,48,491,189.0,92799.0
2020-03-05,2020030501014915,CCBL,1,16,1000,189.0,189000.0
2020-03-05,2020030501014914,CCBL,1,6,500,189.0,94500.0
2020-03-05,2020030501014925,CCBL,1,19,1800,191.0,343800.0
2020-03-05,2020030501014924,CCBL,1,33,200,190.0,38000.0
2020-03-05,2020030501014923,CCBL,1,16,1000,190.0,190000.0
2020-03-05,2020030501014922,CCBL,1,35,1000,190.0,190000.0
2020-03-05,2020030501014921,CCBL,1,56,150,190.0,28500.0
2020-03-05,2020030501014920,CCBL,1,48,500,190.0,95000.0
2020-03-05,2020030501014973,CHCL,13,16,500,417.0,208500.0
2020-03-05,2020030501014972,CHCL,13,56,258,417.0,107586.0
2020-03-05,2020030501014822,CIT,49,6,50,2780.0,139000.0
2020-03-05,2020030501014821,CIT,49,51,10,2775.0,27750.0
2020-03-05,2020030501014962,CZBIL,34,18,226,205.0,46330.0
2020-03-05,2020030501014598,CZBIL,32,37,1000,206.0,206000.0
2020-03-05,2020030501014997,DDBL,49,14,213,910.0,193830.0
2020-03-05,2020030501014996,DDBL,20,14,30,911.0,27330.0
2020-03-05,2020030501014933,DDBL,49,32,50,910.0,45500.0
2020-03-05,2020030501014932,DDBL,45,32,20,911.0,18220.0
2020-03-05,2020030501014931,DDBL,43,32,100,925.0,92500.0
2020-03-05,2020030501014868,DDBL,38,45,100,925.0,92500.0
2020-03-05,2020030501014867,DDBL,38,38,100,925.0,92500.0
2020-03-05,2020030501014721,DDBL,43,38,12,926.0,11112.0
2020-03-05,2020030501014720,DDBL,43,55,90,926.0,83340.0
2020-03-05,2020030501014719,DDBL,43,32,100,925.0,92500.0
2020-03-05,2020030501014718,DDBL,43,28,100,915.0,91500.0
2020-03-05,2020030501014946,EBL,1,26,200,768.0,153600.0
2020-03-05,2020030501014901,EBL,1,14,729,768.0,559872.0
2020-03-05,2020030501014573,EBL,35,45,50,767.0,38350.0
2020-03-05,2020030501014572,EBL,35,45,50,767.0,38350.0
2020-03-05,2020030501014747,EBL,42,6,50,767.0,38350.0
2020-03-05,2020030501014683,EBL,14,6,200,767.0,153400.0
2020-03-05,2020030501014675,EBL,49,45,100,765.0,76500.0
2020-03-05,2020030501014877,EBL,17,14,100,768.0,76800.0
2020-03-05,2020030501014876,EBL,34,14,100,768.0,76800.0
2020-03-05,2020030501014871,EBL,10,14,100,768.0,76800.0
2020-03-05,2020030501014870,EBL,10,58,250,768.0,192000.0
2020-03-05,2020030501014783,EBL,39,58,750,768.0,576000.0
2020-03-05,2020030501014782,EBL,39,6,250,767.0,191750.0
2020-03-05,2020030501015029,EIC,6,28,350,415.0,145250.0
2020-03-05,2020030501014904,EIC,6,50,150,415.0,62250.0
2020-03-05,2020030501014903,EIC,26,50,150,415.0,62250.0
2020-03-05,2020030501015030,FMDBL,6,52,250,535.0,133750.0
2020-03-05,2020030501015019,FMDBL,46,39,500,540.0,270000.0
2020-03-05,2020030501014941,FMDBL,6,6,30,535.0,16050.0
2020-03-05,2020030501014711,FMDBL,39,28,41,544.0,22304.0
2020-03-05,2020030501014710,FMDBL,39,55,627,543.0,340461.0
2020-03-05,2020030501014709,FMDBL,39,42,332,543.0,180276.0
2020-03-05,2020030501014682,FMDBL,53,18,137,542.0,74254.0
2020-03-05,2020030501014649,FMDBL,57,42,370,543.0,200910.0
2020-03-05,2020030501014569,FMDBL,57,58,30,543.0,16290.0
2020-03-05,2020030501014552,FMDBL,53,38,263,542.0,142546.0
2020-03-05,2020030501014551,FMDBL,53,43,100,541.0,54100.0
2020-03-05,2020030501014664,FOWAD,26,45,20,1580.0,31600.0
2020-03-05,2020030501014859,GBIME,34,16,500,290.0,145000.0
2020-03-05,2020030501014841,GBIME,40,16,370,290.0,107300.0
2020-03-05,2020030501014840,GBIME,40,57,30,290.0,8700.0
2020-03-05,2020030501014776,GBIME,48,36,1500,289.0,433500.0
2020-03-05,2020030501014775,GBIME,39,36,100,289.0,28900.0
2020-03-05,2020030501014774,GBIME,28,36,898,289.0,259522.0
2020-03-05,2020030501014600,GBIME,48,11,17,290.0,4930.0
2020-03-05,2020030501014672,GBIME,28,11,30,289.0,8670.0
2020-03-05,2020030501014624,GBIME,39,36,200,290.0,58000.0
2020-03-05,2020030501014616,GBIME,28,37,84,289.0,24276.0
2020-03-05,2020030501014603,GBIME,48,4,675,290.0,195750.0
2020-03-05,2020030501014602,GBIME,48,32,359,290.0,104110.0
2020-03-05,2020030501014601,GBIME,48,26,371,290.0,107590.0
2020-03-05,2020030501015024,GBLBS,34,50,100,517.0,51700.0
2020-03-05,2020030501015023,GBLBS,34,50,100,517.0,51700.0
2020-03-05,2020030501014936,GBLBS,38,34,20,518.0,10360.0
2020-03-05,2020030501014935,GBLBS,7,34,140,518.0,72520.0
2020-03-05,2020030501014910,GBLBS,36,33,130,520.0,67600.0
2020-03-05,2020030501014847,GBLBS,7,58,260,518.0,134680.0
2020-03-05,2020030501014723,GBLBS,22,58,150,525.0,78750.0
2020-03-05,2020030501014708,GBLBS,22,58,350,525.0,183750.0
2020-03-05,2020030501014641,GBLBS,17,58,100,529.0,52900.0
2020-03-05,2020030501014846,GBLBS,44,58,200,518.0,103600.0
2020-03-05,2020030501014845,GBLBS,1,58,100,518.0,51800.0
2020-03-05,2020030501014844,GBLBS,40,58,290,518.0,150220.0
2020-03-05,2020030501014843,GBLBS,29,58,500,519.0,259500.0
2020-03-05,2020030501014832,GBLBS,50,33,200,520.0,104000.0
2020-03-05,2020030501014831,GBLBS,51,33,195,522.0,101790.0
2020-03-05,2020030501014954,GLBSL,44,51,20,676.0,13520.0
2020-03-05,2020030501015020,GLICL,13,44,130,500.0,65000.0
2020-03-05,2020030501015009,GLICL,13,44,100,500.0,50000.0
2020-03-05,2020030501015008,GLICL,21,44,500,500.0,250000.0
2020-03-05,2020030501015007,GLICL,41,44,200,500.0,100000.0
2020-03-05,2020030501015006,GLICL,5,44,1000,501.0,501000.0
2020-03-05,2020030501015005,GLICL,58,44,70,501.0,35070.0
2020-03-05,2020030501014882,GLICL,41,41,20,504.0,10080.0
2020-03-05,2020030501014754,GLICL,29,16,26,503.0,13078.0
2020-03-05,2020030501014561,GLICL,29,17,208,503.0,104624.0
2020-03-05,2020030501015004,GLICL,1,44,1000,502.0,502000.0
2020-03-05,2020030501014896,GLICL,29,25,200,503.0,100600.0
2020-03-05,2020030501014895,GLICL,21,25,100,503.0,50300.0
2020-03-05,2020030501014894,GLICL,26,25,20,503.0,10060.0
2020-03-05,2020030501014893,GLICL,29,25,609,503.0,306327.0
2020-03-05,2020030501014883,GLICL,41,38,180,504.0,90720.0
2020-03-05,2020030501014909,HBL,44,42,68,620.0,42160.0
2020-03-05,2020030501014850,HBL,25,42,34,620.0,21080.0
2020-03-05,2020030501014690,HBL,25,11,50,620.0,31000.0
2020-03-05,2020030501015016,HDL,34,48,200,1661.0,332200.0
2020-03-05,2020030501014963,HDL,39,10,50,1665.0,83250.0
2020-03-05,2020030501014907,HDL,56,32,30,1662.0,49860.0
2020-03-05,2020030501014906,HDL,56,38,30,1660.0,49800.0
2020-03-05,2020030501014888,HDL,19,48,100,1660.0,166000.0
2020-03-05,2020030501014851,HDL,34,25,100,1658.0,165800.0
2020-03-05,2020030501014798,HDL,34,28,100,1655.0,165500.0
2020-03-05,2020030501014694,HDL,56,54,200,1657.0,331400.0
2020-03-05,2020030501014693,HDL,56,38,56,1656.0,92736.0
2020-03-05,2020030501014648,HDL,52,54,300,1657.0,497100.0
2020-03-05,2020030501014626,HDL,56,28,700,1656.0,1159200.0
2020-03-05,2020030501014625,HDL,56,49,50,1656.0,82800.0
2020-03-05,2020030501014610,HGI,55,28,100,412.0,41200.0
2020-03-05,2020030501014594,HGI,50,7,1000,410.0,410000.0
2020-03-05,2020030501014635,HIDCL,4,37,45,139.0,6255.0
2020-03-05,2020030501014866,HPPL,52,42,10,145.0,1450.0
2020-03-05,2020030501014750,IGI,47,34,95,440.0,41800.0
2020-03-05,2020030501014632,IGI,13,34,300,440.0,132000.0
2020-03-05,2020030501014983,ILBS,33,55,200,810.0,162000.0
2020-03-05,2020030501014982,ILBS,33,57,30,810.0,24300.0
2020-03-05,2020030501014874,ILBS,58,57,30,810.0,24300.0
2020-03-05,2020030501014873,ILBS,58,54,10,810.0,8100.0
2020-03-05,2020030501014872,ILBS,58,5,10,810.0,8100.0
2020-03-05,2020030501014854,ILBS,41,57,50,800.0,40000.0
2020-03-05,2020030501014706,JBBL,22,41,400,193.0,77200.0
2020-03-05,2020030501014705,JBBL,22,41,15,193.0,2895.0
2020-03-05,2020030501014704,JBBL,22,25,219,193.0,42267.0
2020-03-05,2020030501014703,JBBL,22,45,17,193.0,3281.0
2020-03-05,2020030501014702,JBBL,22,40,10,193.0,1930.0
2020-03-05,2020030501014701,JBBL,22,26,55,193.0,10615.0
2020-03-05,2020030501015012,JOSHI,16,18,20,60.0,1200.0
2020-03-05,2020030501014637,JOSHI,34,48,20,61.0,1220.0
2020-03-05,2020030501014636,JOSHI,34,11,20,61.0,1220.0
2020-03-05,2020030501014908,KBL,34,14,200,212.0,42400.0
2020-03-05,2020030501014830,KBL,55,28,200,212.0,42400.0
2020-03-05,2020030501014584,KBL,14,34,200,210.0,42000.0
2020-03-05,2020030501014583,KBL,43,34,800,210.0,168000.0
2020-03-05,2020030501014875,KMCDB,59,35,14,922.0,12908.0
2020-03-05,2020030501014853,KMCDB,59,22,50,938.0,46900.0
2020-03-05,2020030501014852,KMCDB,59,5,10,923.0,9230.0
2020-03-05,2020030501014806,KMCDB,33,17,10,920.0,9200.0
2020-03-05,2020030501014805,KMCDB,33,5,10,920.0,9200.0
2020-03-05,2020030501014615,KMCDB,44,5,10,923.0,9230.0
2020-03-05,2020030501014580,KMCDB,33,7,50,920.0,46000.0
2020-03-05,2020030501014579,KMCDB,33,21,10,920.0,9200.0
2020-03-05,2020030501014578,KMCDB,33,21,10,920.0,9200.0
2020-03-05,2020030501014597,KPCL,4,41,30,107.0,3210.0
2020-03-05,2020030501014689,KSBBL,4,29,1450,175.0,253750.0
2020-03-05,2020030501014688,KSBBL,4,6,50,174.0,8700.0
2020-03-05,2020030501014687,KSBBL,4,56,100,173.0,17300.0
2020-03-05,2020030501014686,KSBBL,4,21,200,173.0,34600.0
2020-03-05,2020030501014685,KSBBL,4,57,500,173.0,86500.0
2020-03-05,2020030501014684,KSBBL,4,17,1000,173.0,173000.0
2020-03-05,2020030501014942,LICN,48,17,100,1510.0,151000.0
2020-03-05,2020030501014543,LICN,58,17,500,1500.0,750000.0
2020-03-05,2020030501014545,LLBS,21,45,200,1110.0,222000.0
2020-03-05,2020030501014544,LLBS,21,45,30,1115.0,33450.0
2020-03-05,2020030501014691,LVF1,21,42,10000,9.65,96500.0
2020-03-05,2020030501014953,MBL,57,43,335,251.0,84085.0
2020-03-05,2020030501014734,MBL,11,43,50,252.0,12600.0
2020-03-05,2020030501014995,MEGA,44,6,1000,235.0,235000.0
2020-03-05,2020030501014966,MEGA,44,21,1000,235.0,235000.0
2020-03-05,2020030501014892,MEGA,34,42,10,236.0,2360.0
2020-03-05,2020030501014644,MEGA,49,21,100,235.0,23500.0
2020-03-05,2020030501014577,MEGA,11,11,43,236.0,10148.0
2020-03-05,2020030501014576,MEGA,11,41,35,236.0,8260.0
2020-03-05,2020030501015021,MFIL,55,43,5000,319.0,1595000.0
2020-03-05,2020030501015018,MFIL,14,43,1000,319.0,319000.0
2020-03-05,2020030501014856,MFIL,38,43,1000,319.0,319000.0
2020-03-05,2020030501014848,MFIL,14,43,1000,319.0,319000.0
2020-03-05,2020030501014823,MFIL,14,43,1000,319.0,319000.0
2020-03-05,2020030501014819,MFIL,7,33,200,318.0,63600.0
2020-03-05,2020030501014749,MFIL,52,43,1000,319.0,319000.0
2020-03-05,2020030501014662,MFIL,35,43,500,319.0,159500.0
2020-03-05,2020030501014567,MFIL,19,43,500,319.0,159500.0
2020-03-05,2020030501014581,MLBL,34,6,681,224.0,152544.0
2020-03-05,2020030501014811,MNBBL,45,40,300,345.0,103500.0
2020-03-05,2020030501014745,MNBBL,53,40,70,345.0,24150.0
2020-03-05,2020030501014744,MNBBL,53,58,430,345.0,148350.0
2020-03-05,2020030501014928,MPFL,32,29,519,128.0,66432.0
2020-03-05,2020030501014593,MPFL,32,41,24,128.0,3072.0
2020-03-05,2020030501015031,NABIL,25,26,100,847.0,84700.0
2020-03-05,2020030501014943,NABIL,17,21,16,850.0,13600.0
2020-03-05,2020030501014857,NABIL,17,34,84,850.0,71400.0
2020-03-05,2020030501014842,NABIL,28,1,250,848.0,212000.0
2020-03-05,2020030501014812,NABIL,28,14,26,848.0,22048.0
2020-03-05,2020030501014766,NABIL,42,34,50,850.0,42500.0
2020-03-05,2020030501014714,NABIL,14,11,50,851.0,42550.0
2020-03-05,2020030501014640,NABIL,44,14,12,849.0,10188.0
2020-03-05,2020030501014537,NABIL,28,35,24,848.0,20352.0
2020-03-05,2020030501015011,NBB,56,58,69,229.0,15801.0
2020-03-05,2020030501015010,NBB,56,49,269,229.0,61601.0
2020-03-05,2020030501014797,NBB,19,6,210,228.0,47880.0
2020-03-05,2020030501014795,NBB,34,6,100,228.0,22800.0
2020-03-05,2020030501014707,NBB,29,6,200,228.0,45600.0
2020-03-05,2020030501014671,NBB,29,6,480,228.0,109440.0
2020-03-05,2020030501014670,NBB,29,26,520,228.0,118560.0
2020-03-05,2020030501014568,NBB,25,6,10,228.0,2280.0
2020-03-05,2020030501014939,NBL,59,44,100,289.0,28900.0
2020-03-05,2020030501014938,NBL,51,44,1365,289.0,394485.0
2020-03-05,2020030501014865,NBL,7,16,10,290.0,2900.0
2020-03-05,2020030501014571,NBL,11,16,100,290.0,29000.0
2020-03-05,2020030501014828,NCCB,41,11,50,202.0,10100.0
2020-03-05,2020030501014748,NHDL,48,4,10,153.0,1530.0
2020-03-05,2020030501014680,NHPC,42,58,6000,60.0,360000.0
2020-03-05,2020030501014679,NHPC,42,29,840,60.0,50400.0
2020-03-05,2020030501014678,NHPC,42,55,947,60.0,56820.0
2020-03-05,2020030501014957,NIB,28,42,100,424.0,42400.0
2020-03-05,2020030501014930,NIB,53,42,50,424.0,21200.0
2020-03-05,2020030501014722,NIBLPF,26,26,2525,8.4,21210.0
2020-03-05,2020030501014804,NIBPO,58,50,1000,362.0,362000.0
2020-03-05,2020030501014761,NIBPO,58,50,1000,362.0,362000.0
2020-03-05,2020030501014586,NIBPO,58,55,450,360.0,162000.0
2020-03-05,2020030501014575,NIBPO,47,55,50,360.0,18000.0
2020-03-05,2020030501014547,NIBPO,37,55,500,360.0,180000.0
2020-03-05,2020030501014881,NICA,1,17,700,583.0,408100.0
2020-03-05,2020030501014760,NICA,19,37,100,585.0,58500.0
2020-03-05,2020030501014665,NICA,5,37,500,585.0,292500.0
2020-03-05,2020030501014612,NICA,7,36,100,586.0,58600.0
2020-03-05,2020030501014540,NICA,53,38,100,584.0,58400.0
2020-03-05,2020030501014992,NICL,39,26,145,483.0,70035.0
2020-03-05,2020030501014991,NICL,39,28,100,482.0,48200.0
2020-03-05,2020030501014990,NICL,39,34,10,480.0,4800.0
2020-03-05,2020030501014989,NICL,39,37,500,480.0,240000.0
2020-03-05,2020030501014988,NICL,39,10,100,477.0,47700.0
2020-03-05,2020030501014987,NICL,39,22,95,477.0,45315.0
2020-03-05,2020030501014657,NICL,38,57,100,477.0,47700.0
2020-03-05,2020030501014656,NICL,38,6,500,477.0,238500.0
2020-03-05,2020030501014655,NICL,38,1,100,477.0,47700.0
2020-03-05,2020030501014654,NICL,38,52,100,477.0,47700.0
2020-03-05,2020030501014653,NICL,38,59,395,476.0,188020.0
2020-03-05,2020030501014623,NICL,55,59,100,476.0,47600.0
2020-03-05,2020030501014751,NICL,38,22,205,477.0,97785.0
2020-03-05,2020030501014733,NICL,41,6,200,478.0,95600.0
2020-03-05,2020030501014986,NICL,39,41,50,475.0,23750.0
2020-03-05,2020030501015026,NIL,43,55,100,611.0,61100.0
2020-03-05,2020030501015025,NIL,43,55,120,612.0,73440.0
2020-03-05,2020030501014880,NIL,14,44,55,615.0,33825.0
2020-03-05,2020030501014827,NIL,38,11,100,614.0,61400.0
2020-03-05,2020030501014824,NIL,43,35,80,612.0,48960.0
2020-03-05,2020030501014668,NIL,43,10,400,610.0,244000.0
2020-03-05,2020030501014605,NIL,43,44,50,615.0,30750.0
2020-03-05,2020030501014562,NIL,43,53,100,609.0,60900.0
2020-03-05,2020030501014559,NIL,52,7,500,607.0,303500.0
2020-03-05,2020030501014546,NIL,49,59,500,605.0,302500.0
2020-03-05,2020030501014994,NLG,25,34,200,655.0,131000.0
2020-03-05,2020030501014993,NLG,25,17,103,655.0,67465.0
2020-03-05,2020030501014913,NLG,49,17,10,655.0,6550.0
2020-03-05,2020030501014826,NLG,39,17,900,655.0,589500.0
2020-03-05,2020030501014825,NLG,39,35,100,654.0,65400.0
2020-03-05,2020030501014961,NLIC,7,49,200,1260.0,252000.0
2020-03-05,2020030501014960,NLIC,57,49,456,1260.0,574560.0
2020-03-05,2020030501014944,NLIC,57,42,44,1260.0,55440.0
2020-03-05,2020030501014889,NLIC,7,44,500,1260.0,630000.0
2020-03-05,2020030501014885,NLIC,49,49,2000,1253.0,2506000.0
2020-03-05,2020030501014849,NLIC,47,34,500,1260.0,630000.0
2020-03-05,2020030501014700,NLIC,49,37,22,1260.0,27720.0
2020-03-05,2020030501014651,NLIC,6,35,100,1260.0,126000.0
2020-03-05,2020030501014608,NLIC,13,35,100,1260.0,126000.0
2020-03-05,2020030501014607,NLIC,58,35,100,1260.0,126000.0
2020-03-05,2020030501014599,NLIC,6,20,100,1260.0,126000.0
2020-03-05,2020030501014535,NLIC,33,49,200,1265.0,253000.0
2020-03-05,2020030501014837,NLIC,20,49,30,1263.0,37890.0
2020-03-05,2020030501014802,NLIC,32,49,25,1263.0,31575.0
2020-03-05,2020030501014801,NLIC,1,49,60,1263.0,75780.0
2020-03-05,2020030501014799,NLIC,21,34,125,1264.0,158000.0
2020-03-05,2020030501014736,NLIC,1,14,80,1263.0,101040.0
2020-03-05,2020030501014735,NLIC,50,14,20,1263.0,25260.0
2020-03-05,2020030501014902,NLICL,53,44,1000,733.0,733000.0
2020-03-05,2020030501014660,NLICL,26,45,100,740.0,74000.0
2020-03-05,2020030501014617,NLICL,51,45,100,740.0,74000.0
2020-03-05,2020030501015017,NMB,34,49,75,467.0,35025.0
2020-03-05,2020030501015000,NMB,51,16,865,466.0,403090.0
2020-03-05,2020030501014999,NMB,25,16,200,466.0,93200.0
2020-03-05,2020030501014998,NMB,1,16,200,466.0,93200.0
2020-03-05,2020030501014977,NMB,32,49,175,467.0,81725.0
2020-03-05,2020030501014976,NMB,32,6,25,467.0,11675.0
2020-03-05,2020030501014725,NMB,42,58,200,467.0,93400.0
2020-03-05,2020030501014724,NMB,42,28,210,467.0,98070.0
2020-03-05,2020030501014673,NMB,52,28,100,467.0,46700.0
2020-03-05,2020030501014731,NMB,42,45,300,468.0,140400.0
2020-03-05,2020030501014730,NMB,42,45,126,468.0,58968.0
2020-03-05,2020030501014729,NMB,42,1,3000,468.0,1404000.0
2020-03-05,2020030501014728,NMB,42,14,100,468.0,46800.0
2020-03-05,2020030501014727,NMB,42,53,63,468.0,29484.0
2020-03-05,2020030501014726,NMB,42,26,219,467.0,102273.0
2020-03-05,2020030501014891,NMB,4,25,100,467.0,46700.0
2020-03-05,2020030501014836,NMB,42,17,21,468.0,9828.0
2020-03-05,2020030501014814,NMB,26,36,200,469.0,93800.0
2020-03-05,2020030501014813,NMB,26,58,300,469.0,140700.0
2020-03-05,2020030501014796,NMB,42,6,400,468.0,187200.0
2020-03-05,2020030501014732,NMB,42,48,361,468.0,168948.0
2020-03-05,2020030501014771,NMBMF,14,49,100,900.0,90000.0
2020-03-05,2020030501014770,NMBMF,14,44,200,900.0,180000.0
2020-03-05,2020030501014769,NMBMF,14,1,53,900.0,47700.0
2020-03-05,2020030501014768,NMBMF,14,28,300,900.0,270000.0
2020-03-05,2020030501014767,NMBMF,14,54,30,900.0,27000.0
2020-03-05,2020030501014858,NSEWA,45,22,100,728.0,72800.0
2020-03-05,2020030501015028,PCBL,40,45,104,309.0,32136.0
2020-03-05,2020030501015027,PCBL,40,39,100,309.0,30900.0
2020-03-05,2020030501014968,PCBL,45,42,71,307.0,21797.0
2020-03-05,2020030501014967,PCBL,33,42,100,307.0,30700.0
2020-03-05,2020030501014743,PCBL,1,52,80,306.0,24480.0
2020-03-05,2020030501014742,PCBL,1,59,320,306.0,97920.0
2020-03-05,2020030501014741,PCBL,1,45,200,306.0,61200.0
2020-03-05,2020030501014890,PFL,58,5,20,168.0,3360.0
2020-03-05,2020030501014978,PIC,36,5,200,623.0,124600.0
2020-03-05,2020030501014532,PLIC,13,34,60,622.0,37320.0
2020-03-05,2020030501014794,PRIN,44,19,760,472.0,358720.0
2020-03-05,2020030501014793,PRIN,44,21,300,472.0,141600.0
2020-03-05,2020030501014792,PRIN,44,48,300,472.0,141600.0
2020-03-05,2020030501014791,PRIN,44,22,490,472.0,231280.0
2020-03-05,2020030501014790,PRIN,44,32,400,471.0,188400.0
2020-03-05,2020030501014789,PRIN,44,41,100,471.0,47100.0
2020-03-05,2020030501014788,PRIN,44,43,200,465.0,93000.0
2020-03-05,2020030501014787,PRIN,44,10,200,465.0,93000.0
2020-03-05,2020030501014786,PRIN,44,38,200,464.0,92800.0
2020-03-05,2020030501014785,PRIN,44,46,50,464.0,23200.0
2020-03-05,2020030501014539,PRIN,33,48,300,463.0,138900.0
2020-03-05,2020030501014759,PROFL,59,45,465,107.0,49755.0
2020-03-05,2020030501014758,PROFL,22,45,10,107.0,1070.0
2020-03-05,2020030501014757,PROFL,52,45,525,108.0,56700.0
2020-03-05,2020030501014864,PRVU,58,36,100,257.0,25700.0
2020-03-05,2020030501014863,PRVU,4,36,150,257.0,38550.0
2020-03-05,2020030501014862,PRVU,4,36,100,257.0,25700.0
2020-03-05,2020030501014861,PRVU,4,36,200,257.0,51400.0
2020-03-05,2020030501014764,PRVU,56,4,2000,258.0,516000.0
2020-03-05,2020030501014763,PRVU,56,28,100,258.0,25800.0
2020-03-05,2020030501014762,PRVU,56,33,921,258.0,237618.0
2020-03-05,2020030501014658,PRVU,40,33,500,258.0,129000.0
2020-03-05,2020030501014807,RBCLPO,33,6,10,8671.0,86710.0
2020-03-05,2020030501014829,RHPC,45,55,386,86.0,33196.0
2020-03-05,2020030501014681,RHPC,25,41,45,85.0,3825.0
2020-03-05,2020030501014631,RHPL,7,41,20,160.0,3200.0
2020-03-05,2020030501014630,RHPL,16,41,20,160.0,3200.0
2020-03-05,2020030501014566,RHPL,16,41,40,160.0,6400.0
2020-03-05,2020030501015001,RMDC,38,22,100,724.0,72400.0
2020-03-05,2020030501014716,RSDC,55,17,500,550.0,275000.0
2020-03-05,2020030501014713,RSDC,40,8,40,544.0,21760.0
2020-03-05,2020030501014667,RSDC,22,51,500,547.0,273500.0
2020-03-05,2020030501014639,RSDC,55,44,100,546.0,54600.0
2020-03-05,2020030501014614,RSDC,40,38,50,544.0,27200.0
2020-03-05,2020030501014596,RSDC,46,14,15,535.0,8025.0
2020-03-05,2020030501014595,RSDC,45,14,100,535.0,53500.0
2020-03-05,2020030501014541,RSDC,10,57,95,545.0,51775.0
2020-03-05,2020030501014940,SABSL,49,42,30,854.0,25620.0
2020-03-05,2020030501014634,SABSL,50,58,100,854.0,85400.0
2020-03-05,2020030501014633,SABSL,50,16,39,854.0,33306.0
2020-03-05,2020030501015022,SANIMA,14,58,200,371.0,74200.0
2020-03-05,2020030501014975,SANIMA,19,44,781,372.0,290532.0
2020-03-05,2020030501014974,SANIMA,19,37,19,372.0,7068.0
2020-03-05,2020030501014934,SANIMA,45,37,40,372.0,14880.0
2020-03-05,2020030501014746,SANIMA,57,37,500,372.0,186000.0
2020-03-05,2020030501014740,SANIMA,45,37,500,372.0,186000.0
2020-03-05,2020030501014647,SANIMA,14,13,15,375.0,5625.0
2020-03-05,2020030501014646,SANIMA,14,4,100,375.0,37500.0
2020-03-05,2020030501014645,SANIMA,14,13,385,375.0,144375.0
2020-03-05,2020030501014538,SANIMA,7,13,600,375.0,225000.0
2020-03-05,2020030501014860,SBI,11,10,50,485.0,24250.0
2020-03-05,2020030501014550,SBI,7,50,117,484.0,56628.0
2020-03-05,2020030501014542,SBI,50,50,20,484.0,9680.0
2020-03-05,2020030501014810,SBL,33,6,1267,335.0,424445.0
2020-03-05,2020030501014809,SBL,33,14,23,335.0,7705.0
2020-03-05,2020030501014808,SBL,33,45,200,335.0,67000.0
2020-03-05,2020030501014780,SBL,33,35,350,334.0,116900.0
2020-03-05,2020030501014779,SBL,33,52,254,334.0,84836.0
2020-03-05,2020030501014778,SBL,33,53,30,334.0,10020.0
2020-03-05,2020030501014613,SBL,37,18,34,332.0,11288.0
2020-03-05,2020030501014777,SBL,33,44,13,334.0,4342.0
2020-03-05,2020030501014756,SBL,33,13,65,333.0,21645.0
2020-03-05,2020030501014755,SBL,33,13,1258,333.0,418914.0
2020-03-05,2020030501014739,SBL,33,18,466,332.0,154712.0
2020-03-05,2020030501014738,SBL,33,26,997,332.0,331004.0
2020-03-05,2020030501014737,SBL,33,47,38,332.0,12616.0
2020-03-05,2020030501014971,SCB,49,49,100,718.0,71800.0
2020-03-05,2020030501014970,SCB,38,49,30,718.0,21540.0
2020-03-05,2020030501014945,SCB,38,34,200,718.0,143600.0
2020-03-05,2020030501014784,SCB,38,50,500,718.0,359000.0
2020-03-05,2020030501014765,SCB,38,37,20,718.0,14360.0
2020-03-05,2020030501014554,SCB,38,35,250,718.0,179500.0
2020-03-05,2020030501014553,SCB,11,35,50,718.0,35900.0
2020-03-05,2020030501014692,SDESI,38,34,50,1000.0,50000.0
2020-03-05,2020030501014869,SFCL,39,40,200,102.0,20400.0
2020-03-05,2020030501014650,SFCL,20,50,812,100.0,81200.0
2020-03-05,2020030501014590,SFCL,52,50,80,100.0,8000.0
2020-03-05,2020030501014956,SHINE,6,28,234,305.0,71370.0
2020-03-05,2020030501014955,SHINE,51,28,266,306.0,81396.0
2020-03-05,2020030501014937,SHINE,51,5,234,306.0,71604.0
2020-03-05,2020030501014652,SHINE,40,45,163,307.0,50041.0
2020-03-05,2020030501014611,SHINE,21,45,25,307.0,7675.0
2020-03-05,2020030501014699,SHINE,40,26,21,310.0,6510.0
2020-03-05,2020030501014695,SHINE,52,45,100,310.0,31000.0
2020-03-05,2020030501014887,SHIVM,49,56,15,617.0,9255.0
2020-03-05,2020030501014712,SHIVM,7,45,20,612.0,12240.0
2020-03-05,2020030501014592,SHIVM,49,48,360,618.0,222480.0
2020-03-05,2020030501014570,SHIVM,49,38,140,618.0,86520.0
2020-03-05,2020030501014981,SHL,34,41,100,181.0,18100.0
2020-03-05,2020030501014980,SHL,45,41,100,181.0,18100.0
2020-03-05,2020030501014979,SHL,13,41,100,181.0,18100.0
2020-03-05,2020030501014698,SHPC,7,45,37,223.0,8251.0
2020-03-05,2020030501014697,SHPC,7,6,130,223.0,28990.0
2020-03-05,2020030501014696,SHPC,7,41,22,222.0,4884.0
2020-03-05,2020030501014638,SHPC,21,41,22,222.0,4884.0
2020-03-05,2020030501014589,SHPC,21,41,22,222.0,4884.0
2020-03-05,2020030501014588,SHPC,21,41,22,222.0,4884.0
2020-03-05,2020030501014587,SHPC,21,21,26,220.0,5720.0
2020-03-05,2020030501014958,SICL,6,21,100,1000.0,100000.0
2020-03-05,2020030501014879,SICL,14,26,46,1000.0,46000.0
2020-03-05,2020030501014609,SICL,45,34,50,1010.0,50500.0
2020-03-05,2020030501014585,SICL,28,34,100,1010.0,101000.0
2020-03-05,2020030501014898,SIL,44,11,200,571.0,114200.0
2020-03-05,2020030501014897,SIL,44,45,548,571.0,312908.0
2020-03-05,2020030501014669,SJCL,29,41,20,154.0,3080.0
2020-03-05,2020030501014582,SJCL,29,41,20,154.0,3080.0
2020-03-05,2020030501014643,SKBBL,57,41,500,1180.0,590000.0
2020-03-05,2020030501014642,SKBBL,34,41,100,1181.0,118100.0
2020-03-05,2020030501014627,SLBSL,38,56,10,914.0,9140.0
2020-03-05,2020030501014565,SLICL,25,1,200,485.0,97000.0
2020-03-05,2020030501014886,SMB,6,10,100,973.0,97300.0
2020-03-05,2020030501014533,SMB,34,41,10,946.0,9460.0
2020-03-05,2020030501014663,SMB,32,21,15,950.0,14250.0
2020-03-05,2020030501014534,SMB,34,19,200,946.0,189200.0
2020-03-05,2020030501014715,SMB,32,5,10,962.0,9620.0
2020-03-05,2020030501014548,SPDL,16,49,15,103.0,1545.0
2020-03-05,2020030501014929,SRBL,7,57,10,267.0,2670.0
2020-03-05,2020030501014803,SRBL,53,57,1000,267.0,267000.0
2020-03-05,2020030501014666,SRBL,45,57,43,267.0,11481.0
2020-03-05,2020030501014606,STC,39,22,10,2760.0,27600.0
2020-03-05,2020030501014816,TMDBL,6,43,100,206.0,20600.0
2020-03-05,2020030501014815,TMDBL,34,43,373,206.0,76838.0
2020-03-05,2020030501014629,UMHL,53,42,200,111.0,22200.0
2020-03-05,2020030501014557,UMHL,56,39,500,109.0,54500.0
2020-03-05,2020030501014556,UMHL,56,48,14,109.0,1526.0
2020-03-05,2020030501014555,UMHL,56,48,175,109.0,19075.0
2020-03-05,2020030501014965,UPCL,42,45,150,78.0,11700.0
2020-03-05,2020030501014964,UPCL,42,49,1000,78.0,78000.0
2020-03-05,2020030501014622,UPPER,59,1,280,237.0,66360.0
2020-03-05,2020030501014621,UPPER,59,38,40,237.0,9480.0
2020-03-05,2020030501014620,UPPER,59,38,50,237.0,11850.0
2020-03-05,2020030501014619,UPPER,59,34,90,237.0,21330.0
2020-03-05,2020030501014618,UPPER,59,38,40,237.0,9480.0
2020-03-05,2020030501014536,UPPER,22,29,40,235.0,9400.0
2020-03-05,2020030501014952,VLBS,11,46,77,1060.0,81620.0
2020-03-05,2020030501014951,VLBS,11,32,10,1059.0,10590.0
2020-03-05,2020030501014950,VLBS,11,37,13,1055.0,13715.0
2020-03-05,2020030501014969,WOMI,41,47,100,1114.0,111400.0
2020-03-05,2020030501014884,WOMI,11,47,20,1114.0,22280.0
2020-03-05,2020030501015969,ADBL,44,53,390,410.0,159900.0
2020-03-05,2020030501015968,ADBL,14,53,60,411.0,24660.0
2020-03-05,2020030501015967,ADBL,36,53,50,411.0,20550.0
2020-03-05,2020030501015845,ADBL,51,36,60,412.0,24720.0
2020-03-05,2020030501015681,ADBL,51,50,100,412.0,41200.0
2020-03-05,2020030501015914,AKPL,36,46,278,126.0,35028.0
2020-03-05,2020030501015913,AKPL,56,46,722,126.0,90972.0
2020-03-05,2020030501015907,AKPL,56,45,500,126.0,63000.0
2020-03-05,2020030501015592,AKPL,56,41,99,126.0,12474.0
2020-03-05,2020030501015553,AKPL,56,44,10,126.0,1260.0
2020-03-05,2020030501015911,ALBSL,58,19,30,722.0,21660.0
2020-03-05,2020030501015686,ALBSL,48,45,28,723.0,20244.0
2020-03-05,2020030501015657,ALBSL,48,5,22,723.0,15906.0
2020-03-05,2020030501015574,ALBSL,29,58,100,725.0,72500.0
2020-03-05,2020030501015569,ALBSL,7,5,28,726.0,20328.0
2020-03-05,2020030501015568,ALBSL,7,29,90,726.0,65340.0
2020-03-05,2020030501015970,ALICL,59,14,250,576.0,144000.0
2020-03-05,2020030501015893,ALICL,59,19,100,576.0,57600.0
2020-03-05,2020030501015869,ALICL,36,48,500,580.0,290000.0
2020-03-05,2020030501015868,ALICL,57,48,300,580.0,174000.0
2020-03-05,2020030501015867,ALICL,51,48,155,581.0,90055.0
2020-03-05,2020030501015866,ALICL,1,48,179,582.0,104178.0
2020-03-05,2020030501015865,ALICL,41,48,38,583.0,22154.0
2020-03-05,2020030501015715,ALICL,41,20,30,583.0,17490.0
2020-03-05,2020030501015714,ALICL,51,20,200,583.0,116600.0
2020-03-05,2020030501015713,ALICL,41,20,50,585.0,29250.0
2020-03-05,2020030501015712,ALICL,38,20,200,585.0,117000.0
2020-03-05,2020030501015886,API,57,41,100,131.0,13100.0
2020-03-05,2020030501015833,API,38,41,50,133.0,6650.0
2020-03-05,2020030501015637,API,22,5,1000,132.0,132000.0
2020-03-05,2020030501015619,API,22,34,500,132.0,66000.0
2020-03-05,2020030501015837,BPCL,13,43,22,362.0,7964.0
2020-03-05,2020030501015589,BPCL,13,44,11,362.0,3982.0
2020-03-05,2020030501015559,BPCL,57,43,39,367.0,14313.0
2020-03-05,2020030501015558,BPCL,57,42,11,367.0,4037.0
2020-03-05,2020030501016006,CBBL,7,52,10,1080.0,10800.0
2020-03-05,2020030501016005,CBBL,7,53,30,1080.0,32400.0
2020-03-05,2020030501015618,CBBL,51,53,20,1080.0,21600.0
2020-03-05,2020030501015573,CBBL,51,21,30,1080.0,32400.0
2020-03-05,2020030501015572,CBBL,4,21,20,1080.0,21600.0
2020-03-05,2020030501015554,CBBL,4,45,77,1080.0,83160.0
2020-03-05,2020030501016018,CBL,48,1,950,149.0,141550.0
2020-03-05,2020030501015959,CBL,48,43,13,149.0,1937.0
2020-03-05,2020030501015742,CBL,48,14,2186,149.0,325714.0
2020-03-05,2020030501015684,CBL,36,14,814,149.0,121286.0
2020-03-05,2020030501016027,CCBL,35,52,43,186.0,7998.0
2020-03-05,2020030501015811,CCBL,50,53,20,187.0,3740.0
2020-03-05,2020030501015810,CCBL,32,53,100,187.0,18700.0
2020-03-05,2020030501015809,CCBL,1,53,209,187.0,39083.0
2020-03-05,2020030501015711,CCBL,1,32,30,187.0,5610.0
2020-03-05,2020030501015701,CCBL,45,53,100,188.0,18800.0
2020-03-05,2020030501015638,CCBL,1,42,61,187.0,11407.0
2020-03-05,2020030501015635,CCBL,1,47,100,187.0,18700.0
2020-03-05,2020030501015958,CHCL,50,46,1000,415.0,415000.0
2020-03-05,2020030501015751,CHCL,34,14,100,418.0,41800.0
2020-03-05,2020030501015985,CZBIL,11,41,90,207.0,18630.0
2020-03-05,2020030501015702,CZBIL,11,34,300,207.0,62100.0
2020-03-05,2020030501015673,CZBIL,11,18,10,207.0,2070.0
2020-03-05,2020030501015932,DDBL,58,39,30,885.0,26550.0
2020-03-05,2020030501015922,DDBL,58,29,100,885.0,88500.0
2020-03-05,2020030501015891,DDBL,58,35,50,885.0,44250.0
2020-03-05,2020030501015851,DDBL,22,34,200,886.0,177200.0
2020-03-05,2020030501015588,DDBL,38,46,100,890.0,89000.0
2020-03-05,2020030501015937,EBL,7,20,400,753.0,301200.0
2020-03-05,2020030501015825,EBL,45,51,58,756.0,43848.0
2020-03-05,2020030501015824,EBL,45,38,50,756.0,37800.0
2020-03-05,2020030501015823,EBL,45,40,192,755.0,144960.0
2020-03-05,2020030501015813,EBL,48,40,200,755.0,151000.0
2020-03-05,2020030501015812,EBL,45,40,108,755.0,81540.0
2020-03-05,2020030501015784,EBL,41,38,50,756.0,37800.0
2020-03-05,2020030501015703,EBL,51,42,100,757.0,75700.0
2020-03-05,2020030501015658,EBL,38,11,50,760.0,38000.0
2020-03-05,2020030501015890,EIC,45,34,100,406.0,40600.0
2020-03-05,2020030501015889,EIC,33,34,40,406.0,16240.0
2020-03-05,2020030501015735,EIC,51,29,300,408.0,122400.0
2020-03-05,2020030501015645,EIC,45,43,50,409.0,20450.0
2020-03-05,2020030501015534,EIC,44,17,30,410.0,12300.0
2020-03-05,2020030501015533,EIC,58,17,25,412.0,10300.0
2020-03-05,2020030501016002,FOWAD,25,56,100,1500.0,150000.0
2020-03-05,2020030501016001,FOWAD,37,56,10,1519.0,15190.0
2020-03-05,2020030501015855,FOWAD,37,45,190,1519.0,288610.0
2020-03-05,2020030501015854,FOWAD,25,45,300,1522.0,456600.0
2020-03-05,2020030501015853,FOWAD,21,45,10,1523.0,15230.0
2020-03-05,2020030501015731,FOWAD,25,22,24,1549.0,37176.0
2020-03-05,2020030501015730,FOWAD,38,22,50,1549.0,77450.0
2020-03-05,2020030501015571,FOWAD,42,18,200,1560.0,312000.0
2020-03-05,2020030501015570,FOWAD,22,18,200,1561.0,312200.0
2020-03-05,2020030501015995,GBBL,33,14,300,242.0,72600.0
2020-03-05,2020030501015994,GBBL,32,14,211,242.0,51062.0
2020-03-05,2020030501015993,GBBL,48,14,400,242.0,96800.0
2020-03-05,2020030501015992,GBBL,1,14,1800,242.0,435600.0
2020-03-05,2020030501015991,GBBL,54,14,361,244.0,88084.0
2020-03-05,2020030501015785,GBIME,34,4,383,287.0,109921.0
2020-03-05,2020030501015749,GBIME,34,41,149,287.0,42763.0
2020-03-05,2020030501015748,GBIME,1,41,51,287.0,14637.0
2020-03-05,2020030501015719,GBIME,11,6,1520,288.0,437760.0
2020-03-05,2020030501015675,GBIME,11,10,219,288.0,63072.0
2020-03-05,2020030501015654,GBIME,11,28,261,288.0,75168.0
2020-03-05,2020030501015653,GBIME,58,28,200,288.0,57600.0
2020-03-05,2020030501015652,GBIME,59,28,39,288.0,11232.0
2020-03-05,2020030501015615,GBIME,32,36,900,289.0,260100.0
2020-03-05,2020030501015614,GBIME,32,6,100,289.0,28900.0
2020-03-05,2020030501015846,GBLBS,41,54,50,510.0,25500.0
2020-03-05,2020030501015630,GBLBS,13,54,100,510.0,51000.0
2020-03-05,2020030501015844,GGBSL,38,47,20,821.0,16420.0
2020-03-05,2020030501015975,GILB,46,34,100,1366.0,136600.0
2020-03-05,2020030501015974,GILB,13,34,300,1366.0,409800.0
2020-03-05,2020030501015769,GILB,13,28,200,1366.0,273200.0
2020-03-05,2020030501015698,GLBSL,58,18,10,678.0,6780.0
2020-03-05,2020030501015540,GLBSL,58,45,26,677.0,17602.0
2020-03-05,2020030501015963,GLICL,59,6,227,497.0,112819.0
2020-03-05,2020030501015843,GLICL,59,37,93,497.0,46221.0
2020-03-05,2020030501015842,GLICL,8,37,76,497.0,37772.0
2020-03-05,2020030501015841,GLICL,7,37,10,498.0,4980.0
2020-03-05,2020030501015840,GLICL,14,37,20,500.0,10000.0
2020-03-05,2020030501015697,GLICL,34,50,370,503.0,186110.0
2020-03-05,2020030501015696,GLICL,34,38,10,503.0,5030.0
2020-03-05,2020030501015695,GLICL,34,53,20,503.0,10060.0
2020-03-05,2020030501015593,GLICL,42,42,100,500.0,50000.0
2020-03-05,2020030501015539,GLICL,8,39,24,497.0,11928.0
2020-03-05,2020030501015894,GUFL,43,39,1000,131.0,131000.0
2020-03-05,2020030501015634,HBL,38,35,36,615.0,22140.0
2020-03-05,2020030501015633,HBL,6,35,50,615.0,30750.0
2020-03-05,2020030501015986,HDHPC,58,34,10,116.0,1160.0
2020-03-05,2020030501016012,HDL,4,53,50,1630.0,81500.0
2020-03-05,2020030501016011,HDL,4,53,100,1630.0,163000.0
2020-03-05,2020030501016010,HDL,35,53,10,1630.0,16300.0
2020-03-05,2020030501016009,HDL,4,53,100,1630.0,163000.0
2020-03-05,2020030501015557,HDL,55,53,50,1640.0,82000.0
2020-03-05,2020030501015819,HGI,49,16,100,401.0,40100.0
2020-03-05,2020030501015741,HGI,26,7,190,403.0,76570.0
2020-03-05,2020030501015740,HGI,57,7,1600,403.0,644800.0
2020-03-05,2020030501015739,HGI,34,7,100,403.0,40300.0
2020-03-05,2020030501015738,HGI,47,7,200,404.0,80800.0
2020-03-05,2020030501015737,HGI,51,7,41,407.0,16687.0
2020-03-05,2020030501015564,HGI,51,32,59,407.0,24013.0
2020-03-05,2020030501015555,HGI,51,21,50,407.0,20350.0
2020-03-05,2020030501016028,HIDCL,4,25,225,139.0,31275.0
2020-03-05,2020030501015646,HPPL,50,44,10,144.0,1440.0
2020-03-05,2020030501015919,ICFC,36,6,50,195.0,9750.0
2020-03-05,2020030501015788,JBBL,13,34,100,192.0,19200.0
2020-03-05,2020030501015787,JBBL,48,34,500,192.0,96000.0
2020-03-05,2020030501015786,JBBL,54,34,141,192.0,27072.0
2020-03-05,2020030501015594,JBBL,54,14,744,192.0,142848.0
2020-03-05,2020030501015946,JFL,7,28,28,174.0,4872.0
2020-03-05,2020030501015901,JFL,14,28,472,175.0,82600.0
2020-03-05,2020030501016030,JSLBB,25,16,10,1539.0,15390.0
2020-03-05,2020030501016029,JSLBB,58,16,190,1539.0,292410.0
2020-03-05,2020030501015678,JSLBB,51,21,41,1570.0,64370.0
2020-03-05,2020030501015839,KBL,14,45,500,210.0,105000.0
2020-03-05,2020030501015928,KMCDB,7,26,10,882.0,8820.0
2020-03-05,2020030501015729,KMCDB,41,18,10,882.0,8820.0
2020-03-05,2020030501015830,LBL,13,58,1000,230.0,230000.0
2020-03-05,2020030501015829,LBL,1,58,20,231.0,4620.0
2020-03-05,2020030501015828,LBL,25,58,278,231.0,64218.0
2020-03-05,2020030501015827,LBL,49,58,100,232.0,23200.0
2020-03-05,2020030501015826,LBL,7,58,10,234.0,2340.0
2020-03-05,2020030501016026,LGIL,58,51,15,500.0,7500.0
2020-03-05,2020030501016025,LGIL,44,51,485,500.0,242500.0
2020-03-05,2020030501015910,LGIL,44,21,115,500.0,57500.0
2020-03-05,2020030501015892,LGIL,28,6,150,501.0,75150.0
2020-03-05,2020030501015706,LGIL,28,45,350,501.0,175350.0
2020-03-05,2020030501015705,LGIL,58,45,500,501.0,250500.0
2020-03-05,2020030501015704,LGIL,14,45,50,504.0,25200.0
2020-03-05,2020030501015668,LGIL,14,51,100,504.0,50400.0
2020-03-05,2020030501015561,LGIL,25,39,405,506.0,204930.0
2020-03-05,2020030501015779,LICN,50,56,185,1490.0,275650.0
2020-03-05,2020030501015778,LICN,13,56,50,1490.0,74500.0
2020-03-05,2020030501015777,LICN,17,56,80,1490.0,119200.0
2020-03-05,2020030501015776,LICN,28,56,185,1491.0,275835.0
2020-03-05,2020030501015745,LICN,28,57,15,1491.0,22365.0
2020-03-05,2020030501015600,LICN,14,57,35,1492.0,52220.0
2020-03-05,2020030501015541,LICN,14,59,165,1492.0,246180.0
2020-03-05,2020030501015566,LVF1,34,42,10000,9.64,96400.0
2020-03-05,2020030501015858,LVF1,21,42,20000,9.64,192800.0
2020-03-05,2020030501015996,MBL,22,34,350,250.0,87500.0
2020-03-05,2020030501015872,MBL,34,54,300,249.0,74700.0
2020-03-05,2020030501015871,MBL,59,54,200,249.0,49800.0
2020-03-05,2020030501015849,MDB,10,40,200,448.0,89600.0
2020-03-05,2020030501015848,MDB,43,40,100,449.0,44900.0
2020-03-05,2020030501015680,MEGA,32,21,500,229.0,114500.0
2020-03-05,2020030501015601,MEGA,32,37,31,230.0,7130.0
2020-03-05,2020030501015582,MEGA,32,21,969,229.0,221901.0
2020-03-05,2020030501015579,MEGA,32,21,1000,229.0,229000.0
2020-03-05,2020030501015578,MEGA,20,21,31,230.0,7130.0
2020-03-05,2020030501015538,MEGA,20,6,469,230.0,107870.0
2020-03-05,2020030501015537,MEGA,16,6,50,230.0,11500.0
2020-03-05,2020030501015536,MEGA,35,6,81,231.0,18711.0
2020-03-05,2020030501015957,MFIL,38,43,1000,319.0,319000.0
2020-03-05,2020030501015804,MFIL,7,10,90,318.0,28620.0
2020-03-05,2020030501015933,MLBL,34,58,112,224.0,25088.0
2020-03-05,2020030501015800,MLBL,34,45,207,224.0,46368.0
2020-03-05,2020030501015596,MNBBL,53,32,56,335.0,18760.0
2020-03-05,2020030501015584,MNBBL,53,16,31,335.0,10385.0
2020-03-05,2020030501015583,MNBBL,28,16,269,335.0,90115.0
2020-03-05,2020030501015549,MNBBL,28,50,231,335.0,77385.0
2020-03-05,2020030501015548,MNBBL,13,50,100,335.0,33500.0
2020-03-05,2020030501015547,MNBBL,47,50,69,335.0,23115.0
2020-03-05,2020030501016000,NABIL,13,8,488,835.0,407480.0
2020-03-05,2020030501015999,NABIL,39,8,100,835.0,83500.0
2020-03-05,2020030501015998,NABIL,41,8,50,835.0,41750.0
2020-03-05,2020030501015997,NABIL,52,8,20,837.0,16740.0
2020-03-05,2020030501015906,NABIL,52,1,80,837.0,66960.0
2020-03-05,2020030501015834,NABIL,58,1,20,840.0,16800.0
2020-03-05,2020030501015789,NADEP,21,6,10,725.0,7250.0
2020-03-05,2020030501016015,NBB,58,6,20,227.0,4540.0
2020-03-05,2020030501015971,NBB,58,28,500,227.0,113500.0
2020-03-05,2020030501015927,NBB,58,21,500,227.0,113500.0
2020-03-05,2020030501015768,NBB,58,34,500,227.0,113500.0
2020-03-05,2020030501015651,NBB,58,6,2880,227.0,653760.0
2020-03-05,2020030501015650,NBB,58,6,120,227.0,27240.0
2020-03-05,2020030501015943,NBL,7,40,50,283.0,14150.0
2020-03-05,2020030501015942,NBL,59,40,450,283.0,127350.0
2020-03-05,2020030501015934,NBL,59,39,1000,283.0,283000.0
2020-03-05,2020030501015816,NBL,11,7,1000,284.0,284000.0
2020-03-05,2020030501015815,NBL,32,7,500,284.0,142000.0
2020-03-05,2020030501015814,NBL,32,7,500,284.0,142000.0
2020-03-05,2020030501015726,NBL,42,28,100,285.0,28500.0
2020-03-05,2020030501015725,NBL,59,28,50,285.0,14250.0
2020-03-05,2020030501015724,NBL,59,28,350,285.0,99750.0
2020-03-05,2020030501015864,NCCB,58,1,271,201.0,54471.0
2020-03-05,2020030501015863,NCCB,52,1,50,201.0,10050.0
2020-03-05,2020030501015862,NCCB,59,1,1000,201.0,201000.0
2020-03-05,2020030501015861,NCCB,32,1,896,201.0,180096.0
2020-03-05,2020030501015860,NCCB,25,1,600,202.0,121200.0
2020-03-05,2020030501015805,NCCB,25,58,1000,202.0,202000.0
2020-03-05,2020030501015781,NCCB,25,28,400,202.0,80800.0
2020-03-05,2020030501015780,NCCB,48,28,100,202.0,20200.0
2020-03-05,2020030501015595,NCCB,56,33,245,203.0,49735.0
2020-03-05,2020030501015873,NEF,26,17,966,8.41,8124.06
2020-03-05,2020030501015940,NGPL,14,21,40,117.0,4680.0
2020-03-05,2020030501015882,NGPL,14,43,11,117.0,1287.0
2020-03-05,2020030501015773,NGPL,59,34,89,119.0,10591.0
2020-03-05,2020030501015736,NHDL,38,13,100,150.0,15000.0
2020-03-05,2020030501015687,NHDL,4,44,10,150.0,1500.0
2020-03-05,2020030501015908,NIB,37,17,60,420.0,25200.0
2020-03-05,2020030501015734,NIB,37,41,75,420.0,31500.0
2020-03-05,2020030501015733,NIB,14,41,117,420.0,49140.0
2020-03-05,2020030501015732,NIB,45,41,108,421.0,45468.0
2020-03-05,2020030501015801,NIBPO,17,50,300,361.0,108300.0
2020-03-05,2020030501015552,NIBPO,58,50,900,360.0,324000.0
2020-03-05,2020030501015551,NIBPO,45,50,100,362.0,36200.0
2020-03-05,2020030501015950,NICA,50,59,447,575.0,257025.0
2020-03-05,2020030501015949,NICA,42,59,10,575.0,5750.0
2020-03-05,2020030501015948,NICA,42,59,30,576.0,17280.0
2020-03-05,2020030501015947,NICA,34,59,63,576.0,36288.0
2020-03-05,2020030501015918,NICA,34,38,100,576.0,57600.0
2020-03-05,2020030501015909,NICA,34,19,200,576.0,115200.0
2020-03-05,2020030501015850,NICA,34,13,500,576.0,288000.0
2020-03-05,2020030501015643,NICA,34,32,157,576.0,90432.0
2020-03-05,2020030501015597,NICA,34,22,165,576.0,95040.0
2020-03-05,2020030501015567,NICA,34,29,500,576.0,288000.0
2020-03-05,2020030501016031,NICL,21,34,100,470.0,47000.0
2020-03-05,2020030501015978,NIL,58,59,130,581.0,75530.0
2020-03-05,2020030501015977,NIL,59,59,150,582.0,87300.0
2020-03-05,2020030501015976,NIL,53,59,20,582.0,11640.0
2020-03-05,2020030501015938,NIL,38,28,100,585.0,58500.0
2020-03-05,2020030501015636,NIL,45,44,1160,588.0,682080.0
2020-03-05,2020030501015599,NIL,45,39,840,588.0,493920.0
2020-03-05,2020030501015598,NIL,36,39,160,588.0,94080.0
2020-03-05,2020030501015563,NIL,59,58,75,590.0,44250.0
2020-03-05,2020030501015917,NLBBL,22,21,181,770.0,139370.0
2020-03-05,2020030501015902,NLBBL,22,29,19,770.0,14630.0
2020-03-05,2020030501015990,NLG,25,21,50,655.0,32750.0
2020-03-05,2020030501016013,NLIC,26,45,180,1255.0,225900.0
2020-03-05,2020030501015955,NLIC,40,4,34,1250.0,42500.0
2020-03-05,2020030501015954,NLIC,50,4,466,1250.0,582500.0
2020-03-05,2020030501015930,NLIC,50,5,34,1250.0,42500.0
2020-03-05,2020030501015929,NLIC,53,5,60,1250.0,75000.0
2020-03-05,2020030501015888,NLIC,56,45,100,1254.0,125400.0
2020-03-05,2020030501015656,NLIC,57,22,100,1252.0,125200.0
2020-03-05,2020030501015621,NLIC,57,29,150,1252.0,187800.0
2020-03-05,2020030501015620,NLIC,54,29,50,1254.0,62700.0
2020-03-05,2020030501015585,NLIC,57,29,50,1252.0,62600.0
2020-03-05,2020030501015664,NLIC,14,25,50,1250.0,62500.0
2020-03-05,2020030501015663,NLIC,39,25,30,1251.0,37530.0
2020-03-05,2020030501015662,NLIC,47,25,200,1251.0,250200.0
2020-03-05,2020030501015661,NLIC,57,25,200,1251.0,250200.0
2020-03-05,2020030501015660,NLIC,55,25,50,1252.0,62600.0
2020-03-05,2020030501015659,NLIC,57,25,100,1252.0,125200.0
2020-03-05,2020030501015820,NLIC,56,5,100,1254.0,125400.0
2020-03-05,2020030501015803,NLIC,53,34,240,1250.0,300000.0
2020-03-05,2020030501015802,NLIC,56,34,50,1250.0,62500.0
2020-03-05,2020030501015667,NLIC,32,25,500,1250.0,625000.0
2020-03-05,2020030501015666,NLIC,56,25,160,1250.0,200000.0
2020-03-05,2020030501015665,NLIC,36,25,100,1250.0,125000.0
2020-03-05,2020030501015577,NLICL,44,35,200,720.0,144000.0
2020-03-05,2020030501015576,NLICL,55,35,10,721.0,7210.0
2020-03-05,2020030501015535,NLICL,55,45,800,721.0,576800.0
2020-03-05,2020030501016004,NMB,33,51,100,462.0,46200.0
2020-03-05,2020030501016003,NMB,33,38,141,462.0,65142.0
2020-03-05,2020030501015987,NMB,34,14,1000,461.0,461000.0
2020-03-05,2020030501015962,NMB,34,42,1146,461.0,528306.0
2020-03-05,2020030501015961,NMB,22,42,100,461.0,46100.0
2020-03-05,2020030501015960,NMB,34,42,200,461.0,92200.0
2020-03-05,2020030501015581,NMB,40,38,150,464.0,69600.0
2020-03-05,2020030501015575,NMB,57,56,50,463.0,23150.0
2020-03-05,2020030501015798,NMB,28,43,21,462.0,9702.0
2020-03-05,2020030501015728,NMB,28,28,600,463.0,277800.0
2020-03-05,2020030501015727,NMB,28,6,400,463.0,185200.0
2020-03-05,2020030501015613,NMB,50,32,235,463.0,108805.0
2020-03-05,2020030501015612,NMB,57,32,165,463.0,76395.0
2020-03-05,2020030501015587,NMB,13,38,100,464.0,46400.0
2020-03-05,2020030501015880,NMB,34,34,141,462.0,65142.0
2020-03-05,2020030501015879,NMB,17,34,200,462.0,92400.0
2020-03-05,2020030501015878,NMB,28,34,659,462.0,304458.0
2020-03-05,2020030501015874,NMB,28,25,50,462.0,23100.0
2020-03-05,2020030501015859,NMB,28,45,100,462.0,46200.0
2020-03-05,2020030501015799,NMB,28,21,50,462.0,23100.0
2020-03-05,2020030501015935,NMB,34,1,1000,461.0,461000.0
2020-03-05,2020030501015921,NMB,34,19,200,461.0,92200.0
2020-03-05,2020030501015912,NMB,34,4,300,461.0,138300.0
2020-03-05,2020030501015900,NMB,34,34,300,461.0,138300.0
2020-03-05,2020030501015899,NMB,40,34,300,461.0,138300.0
2020-03-05,2020030501015885,NMB,34,38,159,462.0,73458.0
2020-03-05,2020030501015822,NMBMF,16,21,50,880.0,44000.0
2020-03-05,2020030501015821,NMBMF,25,21,30,887.0,26610.0
2020-03-05,2020030501015792,NSEWA,58,58,30,742.0,22260.0
2020-03-05,2020030501015716,OHL,44,58,100,459.0,45900.0
2020-03-05,2020030501016017,PCBL,8,50,10,305.0,3050.0
2020-03-05,2020030501016016,PCBL,41,50,190,305.0,57950.0
2020-03-05,2020030501015924,PCBL,41,51,10,305.0,3050.0
2020-03-05,2020030501015923,PCBL,58,51,190,305.0,57950.0
2020-03-05,2020030501015796,PCBL,58,42,10,305.0,3050.0
2020-03-05,2020030501015795,PCBL,39,42,50,305.0,15250.0
2020-03-05,2020030501015699,PCBL,1,45,802,306.0,245412.0
2020-03-05,2020030501015685,PCBL,1,32,118,306.0,36108.0
2020-03-05,2020030501015649,PCBL,1,25,480,306.0,146880.0
2020-03-05,2020030501015648,PCBL,22,25,500,307.0,153500.0
2020-03-05,2020030501015647,PCBL,40,25,20,307.0,6140.0
2020-03-05,2020030501015750,PIC,53,5,500,603.0,301500.0
2020-03-05,2020030501015640,PICL,19,39,500,486.0,243000.0
2020-03-05,2020030501015639,PICL,54,39,200,487.0,97400.0
2020-03-05,2020030501015920,PLIC,34,50,200,604.0,120800.0
2020-03-05,2020030501015903,PLIC,34,45,30,604.0,18120.0
2020-03-05,2020030501015887,PLIC,34,33,56,604.0,33824.0
2020-03-05,2020030501015857,PLIC,34,39,274,604.0,165496.0
2020-03-05,2020030501015856,PLIC,34,39,80,605.0,48400.0
2020-03-05,2020030501015797,PLIC,34,1,125,605.0,75625.0
2020-03-05,2020030501015586,PLIC,32,34,500,606.0,303000.0
2020-03-05,2020030501015744,PMHPL,59,44,10,83.0,830.0
2020-03-05,2020030501015767,PRVU,29,58,711,254.0,180594.0
2020-03-05,2020030501015766,PRVU,17,58,1500,254.0,381000.0
2020-03-05,2020030501015765,PRVU,21,58,200,254.0,50800.0
2020-03-05,2020030501015764,PRVU,21,58,1000,254.0,254000.0
2020-03-05,2020030501015763,PRVU,58,58,1000,254.0,254000.0
2020-03-05,2020030501015762,PRVU,58,58,2284,254.0,580136.0
2020-03-05,2020030501015608,PRVU,56,1,879,256.0,225024.0
2020-03-05,2020030501015607,PRVU,16,1,15,256.0,3840.0
2020-03-05,2020030501015606,PRVU,57,1,100,256.0,25600.0
2020-03-05,2020030501015605,PRVU,34,1,343,256.0,87808.0
2020-03-05,2020030501015755,PRVU,56,58,1662,255.0,423810.0
2020-03-05,2020030501015674,PRVU,56,41,800,255.0,204000.0
2020-03-05,2020030501015611,PRVU,56,1,2538,255.0,647190.0
2020-03-05,2020030501015610,PRVU,41,1,500,255.0,127500.0
2020-03-05,2020030501015609,PRVU,34,1,1063,255.0,271065.0
2020-03-05,2020030501015761,PRVU,42,58,143,255.0,36465.0
2020-03-05,2020030501015760,PRVU,47,58,500,255.0,127500.0
2020-03-05,2020030501015759,PRVU,25,58,200,255.0,51000.0
2020-03-05,2020030501015758,PRVU,13,58,200,255.0,51000.0
2020-03-05,2020030501015757,PRVU,25,58,100,255.0,25500.0
2020-03-05,2020030501015756,PRVU,17,58,500,255.0,127500.0
2020-03-05,2020030501015532,RADHI,38,37,12,169.0,2028.0
2020-03-05,2020030501015945,RBCLPO,33,59,10,8800.0,88000.0
2020-03-05,2020030501015876,RBCLPO,34,39,20,8700.0,174000.0
2020-03-05,2020030501015875,RBCLPO,13,39,30,8700.0,261000.0
2020-03-05,2020030501015580,RBCLPO,49,6,10,8844.0,88440.0
2020-03-05,2020030501015988,RHPL,50,29,40,159.0,6360.0
2020-03-05,2020030501015870,RHPL,50,44,30,159.0,4770.0
2020-03-05,2020030501015982,RMDC,19,46,50,710.0,35500.0
2020-03-05,2020030501015981,RMDC,17,46,50,711.0,35550.0
2020-03-05,2020030501015905,RRHP,48,44,10,98.0,980.0
2020-03-05,2020030501015926,RSDC,42,1,50,520.0,26000.0
2020-03-05,2020030501015808,RSDC,42,45,250,520.0,130000.0
2020-03-05,2020030501015807,RSDC,42,45,200,520.0,104000.0
2020-03-05,2020030501015806,RSDC,47,45,50,526.0,26300.0
2020-03-05,2020030501015770,RSDC,58,54,30,530.0,15900.0
2020-03-05,2020030501015752,RSDC,47,16,100,526.0,52600.0
2020-03-05,2020030501015989,SABSL,25,6,168,837.0,140616.0
2020-03-05,2020030501015941,SABSL,25,22,22,837.0,18414.0
2020-03-05,2020030501015916,SABSL,25,26,10,837.0,8370.0
2020-03-05,2020030501015793,SADBL,6,35,100,169.0,16900.0
2020-03-05,2020030501015562,SADBL,13,48,100,170.0,17000.0
2020-03-05,2020030501015560,SADBL,10,25,100,170.0,17000.0
2020-03-05,2020030501015936,SANIMA,13,32,300,365.0,109500.0
2020-03-05,2020030501015898,SANIMA,13,32,24,365.0,8760.0
2020-03-05,2020030501015897,SANIMA,52,32,50,365.0,18250.0
2020-03-05,2020030501015896,SANIMA,13,32,40,366.0,14640.0
2020-03-05,2020030501015772,SANIMA,13,1,199,366.0,72834.0
2020-03-05,2020030501015771,SANIMA,53,1,40,370.0,14800.0
2020-03-05,2020030501015591,SANIMA,25,28,43,368.0,15824.0
2020-03-05,2020030501015556,SANIMA,33,28,282,370.0,104340.0
2020-03-05,2020030501015694,SANIMA,13,1,1000,366.0,366000.0
2020-03-05,2020030501015693,SANIMA,44,1,500,366.0,183000.0
2020-03-05,2020030501015692,SANIMA,11,1,50,367.0,18350.0
2020-03-05,2020030501015691,SANIMA,18,1,400,368.0,147200.0
2020-03-05,2020030501015690,SANIMA,38,1,50,368.0,18400.0
2020-03-05,2020030501015689,SANIMA,25,1,57,368.0,20976.0
2020-03-05,2020030501016024,SBI,40,48,257,480.0,123360.0
2020-03-05,2020030501016023,SBI,42,48,150,480.0,72000.0
2020-03-05,2020030501016022,SBI,29,48,100,480.0,48000.0
2020-03-05,2020030501016021,SBI,34,48,163,480.0,78240.0
2020-03-05,2020030501016020,SBI,58,48,200,482.0,96400.0
2020-03-05,2020030501016019,SBI,44,48,390,482.0,187980.0
2020-03-05,2020030501015984,SBI,6,52,100,483.0,48300.0
2020-03-05,2020030501015983,SBI,21,52,40,483.0,19320.0
2020-03-05,2020030501015944,SBI,21,32,10,483.0,4830.0
2020-03-05,2020030501015925,SBI,7,32,12,484.0,5808.0
2020-03-05,2020030501015951,SBL,33,18,2000,329.0,658000.0
2020-03-05,2020030501015794,SBL,33,34,500,329.0,164500.0
2020-03-05,2020030501015754,SBL,33,47,100,329.0,32900.0
2020-03-05,2020030501015753,SBL,33,58,800,329.0,263200.0
2020-03-05,2020030501015710,SBL,33,58,17,329.0,5593.0
2020-03-05,2020030501015709,SBL,49,58,200,329.0,65800.0
2020-03-05,2020030501015672,SBL,45,58,100,330.0,33000.0
2020-03-05,2020030501015671,SBL,56,58,483,332.0,160356.0
2020-03-05,2020030501015670,SBL,7,58,10,333.0,3330.0
2020-03-05,2020030501015669,SBL,46,58,10,334.0,3340.0
2020-03-05,2020030501015655,SBL,56,39,17,332.0,5644.0
2020-03-05,2020030501015818,SCB,44,29,200,705.0,141000.0
2020-03-05,2020030501015783,SCB,16,29,300,705.0,211500.0
2020-03-05,2020030501015782,SCB,16,51,200,704.0,140800.0
2020-03-05,2020030501015676,SCB,38,41,20,700.0,14000.0
2020-03-05,2020030501015629,SCB,38,49,300,700.0,210000.0
2020-03-05,2020030501015628,SCB,25,49,500,700.0,350000.0
2020-03-05,2020030501015627,SCB,25,49,200,700.0,140000.0
2020-03-05,2020030501015973,SDESI,38,6,50,961.0,48050.0
2020-03-05,2020030501015972,SDESI,39,6,50,970.0,48500.0
2020-03-05,2020030501015953,SDESI,38,35,17,980.0,16660.0
2020-03-05,2020030501015877,SDESI,38,41,33,980.0,32340.0
2020-03-05,2020030501015550,SHINE,14,21,464,305.0,141520.0
2020-03-05,2020030501015838,SHIVM,45,55,500,603.0,301500.0
2020-03-05,2020030501015743,SHIVM,45,21,200,603.0,120600.0
2020-03-05,2020030501015718,SHIVM,45,21,275,603.0,165825.0
2020-03-05,2020030501015717,SHIVM,39,21,100,605.0,60500.0
2020-03-05,2020030501015683,SHIVM,1,50,300,608.0,182400.0
2020-03-05,2020030501015682,SHIVM,45,50,1965,608.0,1194720.0
2020-03-05,2020030501015617,SHIVM,45,58,35,608.0,21280.0
2020-03-05,2020030501015616,SHIVM,56,58,165,608.0,100320.0
2020-03-05,2020030501015542,SHIVM,56,58,35,608.0,21280.0
2020-03-05,2020030501015641,SHPC,17,25,35,223.0,7805.0
2020-03-05,2020030501015931,SICL,3,14,60,975.0,58500.0
2020-03-05,2020030501015625,SICL,21,53,100,980.0,98000.0
2020-03-05,2020030501015624,SICL,55,53,100,980.0,98000.0
2020-03-05,2020030501015623,SICL,18,53,200,980.0,196000.0
2020-03-05,2020030501015622,SICL,46,53,150,985.0,147750.0
2020-03-05,2020030501016014,SJCL,29,29,20,154.0,3080.0
2020-03-05,2020030501015939,SJCL,29,44,20,154.0,3080.0
2020-03-05,2020030501015817,SKBBL,14,7,50,1169.0,58450.0
2020-03-05,2020030501015708,SKBBL,58,53,10,1170.0,11700.0
2020-03-05,2020030501015707,SKBBL,58,45,20,1170.0,23400.0
2020-03-05,2020030501015632,SKBBL,44,29,200,1150.0,230000.0
2020-03-05,2020030501015631,SKBBL,38,29,200,1153.0,230600.0
2020-03-05,2020030501015904,SLBBL,58,53,50,909.0,45450.0
2020-03-05,2020030501015836,SLBBL,58,59,20,909.0,18180.0
2020-03-05,2020030501015679,SLBBL,58,39,30,927.0,27810.0
2020-03-05,2020030501015546,SLBBL,59,56,100,928.0,92800.0
2020-03-05,2020030501015980,SLICL,42,32,83,466.0,38678.0
2020-03-05,2020030501015979,SLICL,56,32,50,467.0,23350.0
2020-03-05,2020030501015852,SLICL,52,5,500,471.0,235500.0
2020-03-05,2020030501015895,SMATA,32,39,15,755.0,11325.0
2020-03-05,2020030501015644,SMATA,58,39,30,770.0,23100.0
2020-03-05,2020030501015545,SMFBS,58,34,10,1060.0,10600.0
2020-03-05,2020030501015544,SMFBS,58,41,10,1040.0,10400.0
2020-03-05,2020030501015543,SMFBS,58,34,10,1040.0,10400.0
2020-03-05,2020030501015956,SRBL,45,18,50,263.0,13150.0
2020-03-05,2020030501015952,SRBL,34,45,500,262.0,131000.0
2020-03-05,2020030501015881,SRBL,34,41,500,262.0,131000.0
2020-03-05,2020030501015832,SRBL,34,18,500,262.0,131000.0
2020-03-05,2020030501015831,SRBL,35,18,500,262.0,131000.0
2020-03-05,2020030501015590,SRBL,34,39,300,262.0,78600.0
2020-03-05,2020030501015884,TMDBL,43,43,200,205.0,41000.0
2020-03-05,2020030501015883,TMDBL,22,43,28,205.0,5740.0
2020-03-05,2020030501015966,UIC,57,48,355,377.0,133835.0
2020-03-05,2020030501015965,UIC,35,48,300,378.0,113400.0
2020-03-05,2020030501015964,UIC,43,48,120,378.0,45360.0
2020-03-05,2020030501015835,UIC,41,14,300,380.0,114000.0
2020-03-05,2020030501015791,UIC,41,1,481,380.0,182780.0
2020-03-05,2020030501015790,UIC,43,1,20,380.0,7600.0
2020-03-05,2020030501015747,UIC,44,1,20,381.0,7620.0
2020-03-05,2020030501015746,UIC,47,1,200,381.0,76200.0
2020-03-05,2020030501015642,UIC,42,5,200,388.0,77600.0
2020-03-05,2020030501015604,UIC,42,46,292,388.0,113296.0
2020-03-05,2020030501015603,UIC,33,46,100,389.0,38900.0
2020-03-05,2020030501015602,UIC,43,46,300,390.0,117000.0
2020-03-05,2020030501015626,UMHL,6,37,10,111.0,1110.0
2020-03-05,2020030501015915,UPPER,7,1,200,237.0,47400.0
2020-03-05,2020030501015847,UPPER,19,1,50,236.0,11800.0
2020-03-05,2020030501015775,UPPER,19,17,52,236.0,12272.0
2020-03-05,2020030501015774,UPPER,39,17,348,236.0,82128.0
2020-03-05,2020030501015688,UPPER,39,37,72,236.0,16992.0
2020-03-05,2020030501016008,WOMI,39,34,50,1065.0,53250.0
2020-03-05,2020030501016007,WOMI,42,34,20,1066.0,21320.0
2020-03-05,2020030501015723,WOMI,58,14,300,1078.0,323400.0
2020-03-05,2020030501015722,WOMI,42,14,40,1086.0,43440.0
2020-03-05,2020030501015721,WOMI,25,14,28,1087.0,30436.0
2020-03-05,2020030501015720,WOMI,42,14,10,1087.0,10870.0
2020-03-05,2020030501015700,WOMI,32,47,32,1099.0,35168.0
2020-03-05,2020030501015565,WOMI,42,34,67,1100.0,73700.0
2020-03-05,2020030501019030,ADBL,17,44,100,407.0,40700.0
2020-03-05,2020030501018775,ADBL,47,54,100,408.0,40800.0
2020-03-05,2020030501018774,ADBL,37,54,100,408.0,40800.0
2020-03-05,2020030501018773,ADBL,45,54,10,408.0,4080.0
2020-03-05,2020030501018667,ADBL,39,41,92,409.0,37628.0
2020-03-05,2020030501018666,ADBL,39,34,100,409.0,40900.0
2020-03-05,2020030501018665,ADBL,39,48,108,409.0,44172.0
2020-03-05,2020030501018991,AKPL,8,59,736,125.0,92000.0
2020-03-05,2020030501018990,AKPL,37,59,264,125.0,33000.0
2020-03-05,2020030501018767,ALBSL,48,44,11,696.0,7656.0
2020-03-05,2020030501019025,ALICL,29,39,500,582.0,291000.0
2020-03-05,2020030501018764,ALICL,5,5,20,584.0,11680.0
2020-03-05,2020030501019010,API,6,50,200,130.0,26000.0
2020-03-05,2020030501019009,API,42,50,60,130.0,7800.0
2020-03-05,2020030501018988,API,29,56,500,132.0,66000.0
2020-03-05,2020030501018872,API,42,38,10,130.0,1300.0
2020-03-05,2020030501018853,API,21,21,1,128.0,128.0
2020-03-05,2020030501018717,API,42,35,11,130.0,1430.0
2020-03-05,2020030501018951,BARUN,26,36,510,94.0,47940.0
2020-03-05,2020030501018653,BOKLPO,34,22,28762,147.0,4228014.0
2020-03-05,2020030501018924,BPCL,21,28,55,362.0,19910.0
2020-03-05,2020030501018815,BPCL,21,1,11,362.0,3982.0
2020-03-05,2020030501018788,CBBL,58,59,308,1076.0,331408.0
2020-03-05,2020030501018628,CBBL,26,50,50,1080.0,54000.0
2020-03-05,2020030501018787,CBBL,21,59,100,1076.0,107600.0
2020-03-05,2020030501018786,CBBL,41,59,16,1079.0,17264.0
2020-03-05,2020030501018724,CBBL,53,42,10,1090.0,10900.0
2020-03-05,2020030501018723,CBBL,53,4,10,1088.0,10880.0
2020-03-05,2020030501018695,CBBL,41,41,11,1079.0,11869.0
2020-03-05,2020030501018898,CBL,35,25,125,150.0,18750.0
2020-03-05,2020030501018881,CBL,32,13,700,149.0,104300.0
2020-03-05,2020030501018821,CBL,37,25,100,150.0,15000.0
2020-03-05,2020030501018715,CBL,44,25,100,150.0,15000.0
2020-03-05,2020030501018606,CBL,14,49,210,151.0,31710.0
2020-03-05,2020030501018605,CBL,14,48,190,151.0,28690.0
2020-03-05,2020030501018604,CBL,14,17,100,150.0,15000.0
2020-03-05,2020030501018583,CBL,32,32,43,149.0,6407.0
2020-03-05,2020030501018909,CCBL,13,48,672,186.0,124992.0
2020-03-05,2020030501018908,CCBL,13,6,28,186.0,5208.0
2020-03-05,2020030501018700,CCBL,26,13,500,185.0,92500.0
2020-03-05,2020030501018596,CCBL,26,32,45,185.0,8325.0
2020-03-05,2020030501018584,CCBL,26,35,143,185.0,26455.0
2020-03-05,2020030501018712,CHCL,14,51,400,410.0,164000.0
2020-03-05,2020030501018711,CHCL,14,51,100,411.0,41100.0
2020-03-05,2020030501018633,CMF1,7,42,300,9.6,2880.0
2020-03-05,2020030501018980,CZBIL,17,19,10,205.0,2050.0
2020-03-05,2020030501018766,CZBIL,17,5,100,205.0,20500.0
2020-03-05,2020030501018743,CZBIL,17,36,800,205.0,164000.0
2020-03-05,2020030501018742,CZBIL,38,36,700,205.0,143500.0
2020-03-05,2020030501018905,EBL,54,47,10,757.0,7570.0
2020-03-05,2020030501018812,EBL,54,5,50,757.0,37850.0
2020-03-05,2020030501018809,EBL,54,46,500,757.0,378500.0
2020-03-05,2020030501018794,EBL,54,36,100,757.0,75700.0
2020-03-05,2020030501018847,EIC,21,5,50,405.0,20250.0
2020-03-05,2020030501018589,EIC,21,58,86,405.0,34830.0
2020-03-05,2020030501018588,EIC,40,58,90,407.0,36630.0
2020-03-05,2020030501018968,FMDBL,13,13,198,515.0,101970.0
2020-03-05,2020030501018797,FMDBL,1,44,70,518.0,36260.0
2020-03-05,2020030501018763,FOWAD,50,19,50,1525.0,76250.0
2020-03-05,2020030501018762,FOWAD,45,19,50,1526.0,76300.0
2020-03-05,2020030501018556,GBBL,58,49,50,247.0,12350.0
2020-03-05,2020030501019012,GBIME,53,36,100,288.0,28800.0
2020-03-05,2020030501019005,GBIME,32,36,100,288.0,28800.0
2020-03-05,2020030501018955,GBIME,4,44,95,287.0,27265.0
2020-03-05,2020030501018944,GBIME,45,36,1000,288.0,288000.0
2020-03-05,2020030501018912,GBIME,4,32,50,287.0,14350.0
2020-03-05,2020030501018896,GBIME,44,36,81,288.0,23328.0
2020-03-05,2020030501018672,GBIME,20,51,130,289.0,37570.0
2020-03-05,2020030501018866,GBIME,57,36,200,288.0,57600.0
2020-03-05,2020030501018865,GBIME,40,36,30,288.0,8640.0
2020-03-05,2020030501018842,GBIME,28,28,22,289.0,6358.0
2020-03-05,2020030501018841,GBIME,28,51,496,289.0,143344.0
2020-03-05,2020030501018840,GBIME,28,59,400,289.0,115600.0
2020-03-05,2020030501018839,GBIME,28,25,582,289.0,168198.0
2020-03-05,2020030501018885,GBIME,44,51,19,288.0,5472.0
2020-03-05,2020030501018871,GBIME,33,36,100,288.0,28800.0
2020-03-05,2020030501018870,GBIME,28,36,300,288.0,86400.0
2020-03-05,2020030501018869,GBIME,14,36,1600,288.0,460800.0
2020-03-05,2020030501018868,GBIME,14,36,50,288.0,14400.0
2020-03-05,2020030501018867,GBIME,29,36,200,288.0,57600.0
2020-03-05,2020030501019029,GBLBS,58,4,26,507.0,13182.0
2020-03-05,2020030501019028,GBLBS,1,4,300,507.0,152100.0
2020-03-05,2020030501019027,GBLBS,38,4,100,507.0,50700.0
2020-03-05,2020030501019026,GBLBS,16,4,70,508.0,35560.0
2020-03-05,2020030501018845,GBLBS,16,50,30,508.0,15240.0
2020-03-05,2020030501018844,GBLBS,36,50,185,509.0,94165.0
2020-03-05,2020030501018586,GBLBS,53,46,30,514.0,15420.0
2020-03-05,2020030501018551,GBLBS,7,52,50,510.0,25500.0
2020-03-05,2020030501018843,GBLBS,36,1,15,509.0,7635.0
2020-03-05,2020030501018830,GBLBS,7,21,35,510.0,17850.0
2020-03-05,2020030501018795,GBLBS,7,14,750,510.0,382500.0
2020-03-05,2020030501018727,GBLBS,7,21,50,510.0,25500.0
2020-03-05,2020030501018671,GBLBS,7,21,100,510.0,51000.0
2020-03-05,2020030501018610,GBLBS,7,7,15,510.0,7650.0
2020-03-05,2020030501018820,GLBSL,41,10,10,680.0,6800.0
2020-03-05,2020030501018807,GLBSL,41,36,10,670.0,6700.0
2020-03-05,2020030501018578,GLBSL,57,36,25,660.0,16500.0
2020-03-05,2020030501018577,GLBSL,17,36,15,660.0,9900.0
2020-03-05,2020030501019007,GLICL,25,45,30,494.0,14820.0
2020-03-05,2020030501018962,GLICL,41,45,20,494.0,9880.0
2020-03-05,2020030501018938,GLICL,7,50,30,492.0,14760.0
2020-03-05,2020030501018937,GLICL,7,50,50,492.0,24600.0
2020-03-05,2020030501018936,GLICL,34,50,20,492.0,9840.0
2020-03-05,2020030501018808,GLICL,1,45,100,494.0,49400.0
2020-03-05,2020030501018638,GLICL,45,43,200,493.0,98600.0
2020-03-05,2020030501018554,GUFL,43,44,5000,133.0,665000.0
2020-03-05,2020030501018553,GUFL,43,28,1000,133.0,133000.0
2020-03-05,2020030501018552,GUFL,43,25,50,132.0,6600.0
2020-03-05,2020030501018890,HDL,50,45,50,1622.0,81100.0
2020-03-05,2020030501018889,HDL,52,45,50,1623.0,81150.0
2020-03-05,2020030501018888,HDL,25,45,10,1623.0,16230.0
2020-03-05,2020030501018887,HDL,55,45,50,1624.0,81200.0
2020-03-05,2020030501018886,HDL,50,45,100,1625.0,162500.0
2020-03-05,2020030501018891,HIDCL,35,40,50,137.0,6850.0
2020-03-05,2020030501018852,HIDCL,35,38,30,137.0,4110.0
2020-03-05,2020030501018829,HPPL,13,1,10,145.0,1450.0
2020-03-05,2020030501018930,HURJA,45,19,20,103.0,2060.0
2020-03-05,2020030501018768,ICFC,32,4,500,193.0,96500.0
2020-03-05,2020030501019006,ILBS,57,38,10,761.0,7610.0
2020-03-05,2020030501018784,ILBS,14,44,10,760.0,7600.0
2020-03-05,2020030501018534,JBBL,49,32,61,190.0,11590.0
2020-03-05,2020030501018922,JOSHI,25,38,20,60.0,1200.0
2020-03-05,2020030501018976,KBL,32,29,217,211.0,45787.0
2020-03-05,2020030501018875,KBL,45,37,49,210.0,10290.0
2020-03-05,2020030501018874,KBL,50,37,250,210.0,52500.0
2020-03-05,2020030501018873,KBL,43,37,701,210.0,147210.0
2020-03-05,2020030501018640,KBL,43,36,186,210.0,39060.0
2020-03-05,2020030501018627,KBL,43,35,971,210.0,203910.0
2020-03-05,2020030501018598,KBL,45,36,19,211.0,4009.0
2020-03-05,2020030501018547,KBL,45,32,31,211.0,6541.0
2020-03-05,2020030501018546,KBL,57,32,32,211.0,6752.0
2020-03-05,2020030501018943,KMCDB,34,38,10,886.0,8860.0
2020-03-05,2020030501018645,KMCDB,34,57,10,886.0,8860.0
2020-03-05,2020030501018644,KMCDB,25,57,40,890.0,35600.0
2020-03-05,2020030501018613,KMCDB,25,44,10,890.0,8900.0
2020-03-05,2020030501018576,KMCDB,26,42,40,900.0,36000.0
2020-03-05,2020030501018995,KPCL,25,19,10,109.0,1090.0
2020-03-05,2020030501018914,KPCL,25,40,10,109.0,1090.0
2020-03-05,2020030501018734,KPCL,25,36,10,108.0,1080.0
2020-03-05,2020030501018603,KPCL,4,36,10,107.0,1070.0
2020-03-05,2020030501018740,KPCL,25,28,10,108.0,1080.0
2020-03-05,2020030501018739,KPCL,25,58,10,108.0,1080.0
2020-03-05,2020030501018738,KPCL,25,36,10,108.0,1080.0
2020-03-05,2020030501018737,KPCL,25,44,10,108.0,1080.0
2020-03-05,2020030501018736,KPCL,25,36,10,108.0,1080.0
2020-03-05,2020030501018735,KPCL,25,35,10,108.0,1080.0
2020-03-05,2020030501018789,KPCL,25,40,10,109.0,1090.0
2020-03-05,2020030501018741,KPCL,25,51,500,109.0,54500.0
2020-03-05,2020030501018915,LBBL,6,32,929,195.0,181155.0
2020-03-05,2020030501018778,LBBL,46,49,44,196.0,8624.0
2020-03-05,2020030501019014,LBL,13,5,50,230.0,11500.0
2020-03-05,2020030501018959,LBL,13,36,808,230.0,185840.0
2020-03-05,2020030501018958,LBL,33,36,1000,230.0,230000.0
2020-03-05,2020030501018957,LBL,14,36,192,230.0,44160.0
2020-03-05,2020030501018781,LBL,13,58,1250,231.0,288750.0
2020-03-05,2020030501018570,LEMF,34,32,1000,8.37,8370.0
2020-03-05,2020030501018621,LGIL,26,10,50,483.0,24150.0
2020-03-05,2020030501018620,LGIL,52,10,100,483.0,48300.0
2020-03-05,2020030501018619,LGIL,55,10,50,484.0,24200.0
2020-03-05,2020030501019000,LICN,1,32,77,1485.0,114345.0
2020-03-05,2020030501018970,MBL,22,14,71,247.0,17537.0
2020-03-05,2020030501018969,MBL,26,14,588,247.0,145236.0
2020-03-05,2020030501018863,MBL,26,10,412,247.0,101764.0
2020-03-05,2020030501018862,MBL,32,10,100,247.0,24700.0
2020-03-05,2020030501018861,MBL,34,10,500,247.0,123500.0
2020-03-05,2020030501018860,MBL,21,10,988,247.0,244036.0
2020-03-05,2020030501018805,MBL,11,51,50,248.0,12400.0
2020-03-05,2020030501018804,MBL,52,51,500,248.0,124000.0
2020-03-05,2020030501018609,MDB,34,4,18,452.0,8136.0
2020-03-05,2020030501018608,MDB,34,49,37,452.0,16724.0
2020-03-05,2020030501018597,MDB,58,40,400,450.0,180000.0
2020-03-05,2020030501018536,MDB,58,36,417,450.0,187650.0
2020-03-05,2020030501018535,MDB,45,36,33,451.0,14883.0
2020-03-05,2020030501018999,MEGA,28,10,105,228.0,23940.0
2020-03-05,2020030501018998,MEGA,43,10,1000,228.0,228000.0
2020-03-05,2020030501018978,MEGA,53,33,100,229.0,22900.0
2020-03-05,2020030501018977,MEGA,1,33,85,229.0,19465.0
2020-03-05,2020030501018537,MEGA,1,34,15,229.0,3435.0
2020-03-05,2020030501018878,MEGA,35,36,50,230.0,11500.0
2020-03-05,2020030501018877,MEGA,7,36,200,230.0,46000.0
2020-03-05,2020030501018819,MEGA,7,6,100,230.0,23000.0
2020-03-05,2020030501018796,MEGA,7,34,1500,230.0,345000.0
2020-03-05,2020030501018941,MERO,22,26,43,666.0,28638.0
2020-03-05,2020030501018545,MERO,26,26,104,667.0,69368.0
2020-03-05,2020030501018979,MFIL,32,42,72,319.0,22968.0
2020-03-05,2020030501018850,MFIL,32,26,100,319.0,31900.0
2020-03-05,2020030501018803,MFIL,32,37,80,319.0,25520.0
2020-03-05,2020030501018664,MFIL,32,37,42,319.0,13398.0
2020-03-05,2020030501018663,MFIL,6,37,300,319.0,95700.0
2020-03-05,2020030501018662,MFIL,49,37,158,319.0,50402.0
2020-03-05,2020030501018564,MFIL,49,17,42,319.0,13398.0
2020-03-05,2020030501018563,MFIL,38,17,33,319.0,10527.0
2020-03-05,2020030501018894,MLBBL,22,1,44,778.0,34232.0
2020-03-05,2020030501018747,MNBBL,38,51,750,335.0,251250.0
2020-03-05,2020030501018746,MNBBL,22,51,200,335.0,67000.0
2020-03-05,2020030501018745,MNBBL,11,51,50,336.0,16800.0
2020-03-05,2020030501018580,MNBBL,7,58,15,337.0,5055.0
2020-03-05,2020030501018931,NABIL,22,57,22,845.0,18590.0
2020-03-05,2020030501018858,NABIL,22,14,25,845.0,21125.0
2020-03-05,2020030501018857,NABIL,22,45,140,845.0,118300.0
2020-03-05,2020030501018856,NABIL,22,36,13,844.0,10972.0
2020-03-05,2020030501018825,NABIL,34,45,12,842.0,10104.0
2020-03-05,2020030501018806,NABIL,34,40,596,842.0,501832.0
2020-03-05,2020030501018702,NABIL,32,28,300,843.0,252900.0
2020-03-05,2020030501018540,NABIL,34,28,200,842.0,168400.0
2020-03-05,2020030501018920,NADEP,34,1,23,697.0,16031.0
2020-03-05,2020030501018707,NADEP,21,42,23,700.0,16100.0
2020-03-05,2020030501019001,NBB,56,45,678,225.0,152550.0
2020-03-05,2020030501018816,NBB,33,45,322,225.0,72450.0
2020-03-05,2020030501018728,NBB,33,42,10,225.0,2250.0
2020-03-05,2020030501018714,NBB,33,35,168,225.0,37800.0
2020-03-05,2020030501018713,NBB,45,35,360,225.0,81000.0
2020-03-05,2020030501018647,NBF2,13,1,100,8.86,886.0
2020-03-05,2020030501019003,NBL,14,21,125,284.0,35500.0
2020-03-05,2020030501018993,NBL,14,34,500,284.0,142000.0
2020-03-05,2020030501018949,NBL,14,36,875,284.0,248500.0
2020-03-05,2020030501018948,NBL,25,36,700,284.0,198800.0
2020-03-05,2020030501018947,NBL,25,36,425,284.0,120700.0
2020-03-05,2020030501018798,NBL,8,38,50,284.0,14200.0
2020-03-05,2020030501018755,NBL,13,34,226,284.0,64184.0
2020-03-05,2020030501018655,NBL,13,36,224,284.0,63616.0
2020-03-05,2020030501018602,NBL,37,25,237,285.0,67545.0
2020-03-05,2020030501018761,NBL,8,34,249,284.0,70716.0
2020-03-05,2020030501018760,NBL,16,34,200,284.0,56800.0
2020-03-05,2020030501018759,NBL,25,34,200,284.0,56800.0
2020-03-05,2020030501018758,NBL,56,34,100,284.0,28400.0
2020-03-05,2020030501018757,NBL,42,34,25,284.0,7100.0
2020-03-05,2020030501018756,NBL,47,34,500,284.0,142000.0
2020-03-05,2020030501018913,NCCB,10,22,145,201.0,29145.0
2020-03-05,2020030501018791,NCCB,6,42,500,201.0,100500.0
2020-03-05,2020030501018772,NCCB,45,42,500,201.0,100500.0
2020-03-05,2020030501018678,NCCB,58,48,74,200.0,14800.0
2020-03-05,2020030501018660,NCCB,58,39,58,200.0,11600.0
2020-03-05,2020030501018601,NCCB,6,58,1689,201.0,339489.0
2020-03-05,2020030501018562,NCCB,58,33,216,200.0,43200.0
2020-03-05,2020030501018561,NCCB,49,33,50,200.0,10000.0
2020-03-05,2020030501018560,NCCB,11,33,200,200.0,40000.0
2020-03-05,2020030501018559,NCCB,34,33,20,200.0,4000.0
2020-03-05,2020030501018558,NCCB,47,33,100,200.0,20000.0
2020-03-05,2020030501018557,NCCB,40,33,414,200.0,82800.0
2020-03-05,2020030501018956,NGPL,46,34,11,118.0,1298.0
2020-03-05,2020030501018802,NGPL,47,21,300,119.0,35700.0
2020-03-05,2020030501018754,NHDL,45,45,10,149.0,1490.0
2020-03-05,2020030501018753,NHDL,45,39,240,149.0,35760.0
2020-03-05,2020030501018646,NHPC,42,43,1000,58.0,58000.0
2020-03-05,2020030501018622,NHPC,42,43,3600,58.0,208800.0
2020-03-05,2020030501019031,NIB,44,48,100,420.0,42000.0
2020-03-05,2020030501018670,NIB,38,36,44,419.0,18436.0
2020-03-05,2020030501018718,NIBLPF,26,1,253,8.41,2127.73
2020-03-05,2020030501018679,NIBPO,13,4,1000,358.0,358000.0
2020-03-05,2020030501018973,NIBSF1,6,39,5000,10.3,51500.0
2020-03-05,2020030501018972,NIBSF1,6,1,500,10.2,5100.0
2020-03-05,2020030501018971,NIBSF1,6,1,1000,10.2,10200.0
2020-03-05,2020030501018928,NICA,32,36,100,576.0,57600.0
2020-03-05,2020030501018927,NICA,26,36,100,576.0,57600.0
2020-03-05,2020030501018926,NICA,49,36,100,577.0,57700.0
2020-03-05,2020030501018925,NICA,34,36,44,577.0,25388.0
2020-03-05,2020030501018919,NICA,34,21,200,577.0,115400.0
2020-03-05,2020030501018916,NICA,34,50,100,577.0,57700.0
2020-03-05,2020030501018880,NICA,34,57,110,577.0,63470.0
2020-03-05,2020030501018855,NICA,34,29,50,577.0,28850.0
2020-03-05,2020030501018703,NICA,34,35,100,577.0,57700.0
2020-03-05,2020030501018696,NICA,34,6,100,577.0,57700.0
2020-03-05,2020030501018579,NICA,34,38,1796,577.0,1036292.0
2020-03-05,2020030501018989,NICGF,43,42,300,9.5,2850.0
2020-03-05,2020030501018942,NICL,43,55,500,461.0,230500.0
2020-03-05,2020030501018849,NICL,43,33,400,461.0,184400.0
2020-03-05,2020030501018848,NICL,53,33,500,461.0,230500.0
2020-03-05,2020030501018822,NICL,43,44,35,461.0,16135.0
2020-03-05,2020030501018814,NICL,40,45,200,461.0,92200.0
2020-03-05,2020030501018661,NICL,40,4,10,462.0,4620.0
2020-03-05,2020030501018651,NICL,40,10,10,462.0,4620.0
2020-03-05,2020030501018650,NICL,7,10,200,462.0,92400.0
2020-03-05,2020030501018649,NICL,17,10,100,462.0,46200.0
2020-03-05,2020030501018648,NICL,59,10,190,462.0,87780.0
2020-03-05,2020030501018629,NICL,21,16,100,464.0,46400.0
2020-03-05,2020030501018704,NICL,43,4,320,462.0,147840.0
2020-03-05,2020030501018733,NIL,43,17,20,590.0,11800.0
2020-03-05,2020030501018824,NLBBL,13,45,10,760.0,7600.0
2020-03-05,2020030501018823,NLBBL,16,45,90,760.0,68400.0
2020-03-05,2020030501018612,NLBBL,16,17,10,760.0,7600.0
2020-03-05,2020030501018932,NLIC,48,55,126,1252.0,157752.0
2020-03-05,2020030501018876,NLIC,21,21,5,1230.0,6150.0
2020-03-05,2020030501018851,NLIC,49,44,22,1250.0,27500.0
2020-03-05,2020030501018832,NLIC,51,38,224,1252.0,280448.0
2020-03-05,2020030501018811,NLIC,51,36,100,1252.0,125200.0
2020-03-05,2020030501018783,NLIC,51,52,40,1252.0,50080.0
2020-03-05,2020030501018542,NLIC,16,10,200,1253.0,250600.0
2020-03-05,2020030501018541,NLIC,44,10,169,1253.0,211757.0
2020-03-05,2020030501018614,NLIC,51,39,32,1252.0,40064.0
2020-03-05,2020030501018595,NLIC,51,19,104,1252.0,130208.0
2020-03-05,2020030501018594,NLIC,55,19,100,1252.0,125200.0
2020-03-05,2020030501018593,NLIC,17,19,28,1252.0,35056.0
2020-03-05,2020030501018544,NLIC,57,10,100,1253.0,125300.0
2020-03-05,2020030501018543,NLIC,40,10,30,1253.0,37590.0
2020-03-05,2020030501018953,NLICL,32,21,50,710.0,35500.0
2020-03-05,2020030501018793,NLICL,44,19,303,709.0,214827.0
2020-03-05,2020030501018792,NLICL,5,19,34,709.0,24106.0
2020-03-05,2020030501018697,NLICL,5,51,16,709.0,11344.0
2020-03-05,2020030501018636,NLICL,55,51,100,710.0,71000.0
2020-03-05,2020030501018635,NLICL,55,51,150,710.0,106500.0
2020-03-05,2020030501018634,NLICL,37,51,263,710.0,186730.0
2020-03-05,2020030501018555,NLICL,37,41,10,710.0,7100.0
2020-03-05,2020030501018533,NLICL,25,51,103,711.0,73233.0
2020-03-05,2020030501019011,NMB,34,1,25,461.0,11525.0
2020-03-05,2020030501018997,NMB,34,28,500,461.0,230500.0
2020-03-05,2020030501018994,NMB,34,10,500,461.0,230500.0
2020-03-05,2020030501018985,NMB,34,41,1070,461.0,493270.0
2020-03-05,2020030501018960,NMB,34,53,688,461.0,317168.0
2020-03-05,2020030501018895,NMB,34,28,697,461.0,321317.0
2020-03-05,2020030501018656,NMB,34,4,226,462.0,104412.0
2020-03-05,2020030501018637,NMB,34,7,756,462.0,349272.0
2020-03-05,2020030501018817,NMB,34,29,25,461.0,11525.0
2020-03-05,2020030501018780,NMB,6,4,450,462.0,207900.0
2020-03-05,2020030501018706,NMB,32,4,100,462.0,46200.0
2020-03-05,2020030501018659,NMB,50,4,100,462.0,46200.0
2020-03-05,2020030501018658,NMB,44,4,105,462.0,48510.0
2020-03-05,2020030501018657,NMB,58,4,1470,462.0,679140.0
2020-03-05,2020030501018585,NMBMF,7,17,23,838.0,19274.0
2020-03-05,2020030501018982,NTC,34,8,10,659.0,6590.0
2020-03-05,2020030501018782,NUBL,49,6,100,1005.0,100500.0
2020-03-05,2020030501018893,OHL,25,51,400,450.0,180000.0
2020-03-05,2020030501018892,OHL,42,51,100,451.0,45100.0
2020-03-05,2020030501018910,PCBL,41,38,19,302.0,5738.0
2020-03-05,2020030501018833,PCBL,4,51,500,303.0,151500.0
2020-03-05,2020030501018879,PIC,56,44,11,600.0,6600.0
2020-03-05,2020030501018729,PIC,57,10,100,601.0,60100.0
2020-03-05,2020030501018716,PIC,50,49,12,601.0,7212.0
2020-03-05,2020030501018681,PIC,56,10,50,603.0,30150.0
2020-03-05,2020030501018652,PIC,45,10,50,605.0,30250.0
2020-03-05,2020030501018607,PIC,49,32,500,608.0,304000.0
2020-03-05,2020030501018710,PICL,45,10,99,472.0,46728.0
2020-03-05,2020030501018709,PICL,22,10,100,473.0,47300.0
2020-03-05,2020030501018639,PICL,34,33,10,479.0,4790.0
2020-03-05,2020030501018721,PLIC,5,38,97,595.0,57715.0
2020-03-05,2020030501018720,PLIC,32,38,1153,595.0,686035.0
2020-03-05,2020030501018719,PLIC,32,38,300,596.0,178800.0
2020-03-05,2020030501018966,PMHPL,38,5,10,84.0,840.0
2020-03-05,2020030501018975,PPCL,34,38,30,117.0,3510.0
2020-03-05,2020030501018934,PPCL,34,5,10,117.0,1170.0
2020-03-05,2020030501018765,PRIN,43,16,100,451.0,45100.0
2020-03-05,2020030501019015,PRVU,34,34,5000,256.0,1280000.0
2020-03-05,2020030501018813,PRVU,57,38,10,255.0,2550.0
2020-03-05,2020030501018800,PRVU,57,54,155,255.0,39525.0
2020-03-05,2020030501018799,PRVU,43,54,145,256.0,37120.0
2020-03-05,2020030501018623,PRVU,6,40,1000,256.0,256000.0
2020-03-05,2020030501018592,PRVU,6,49,500,255.0,127500.0
2020-03-05,2020030501018591,PRVU,6,1,300,255.0,76500.0
2020-03-05,2020030501018590,PRVU,6,51,100,255.0,25500.0
2020-03-05,2020030501018565,PRVU,34,16,200,254.0,50800.0
2020-03-05,2020030501018539,PRVU,45,51,100,255.0,25500.0
2020-03-05,2020030501018790,PRVU,43,36,505,256.0,129280.0
2020-03-05,2020030501018705,PRVU,43,36,350,256.0,89600.0
2020-03-05,2020030501018626,PRVU,6,33,2500,256.0,640000.0
2020-03-05,2020030501018625,PRVU,6,38,300,256.0,76800.0
2020-03-05,2020030501018624,PRVU,6,45,2000,256.0,512000.0
2020-03-05,2020030501018992,RHPL,4,38,30,159.0,4770.0
2020-03-05,2020030501018974,RHPL,4,7,30,159.0,4770.0
2020-03-05,2020030501018933,RHPL,4,40,40,159.0,6360.0
2020-03-05,2020030501018911,RHPL,4,5,10,159.0,1590.0
2020-03-05,2020030501018907,RHPL,4,44,10,159.0,1590.0
2020-03-05,2020030501018859,RHPL,4,10,100,159.0,15900.0
2020-03-05,2020030501018573,RHPL,41,25,360,159.0,57240.0
2020-03-05,2020030501018801,RHPL,4,40,40,159.0,6360.0
2020-03-05,2020030501018730,RHPL,4,40,40,159.0,6360.0
2020-03-05,2020030501018680,RHPL,49,1,150,159.0,23850.0
2020-03-05,2020030501018668,RHPL,49,22,40,159.0,6360.0
2020-03-05,2020030501018575,RHPL,49,25,10,159.0,1590.0
2020-03-05,2020030501018574,RHPL,51,25,30,159.0,4770.0
2020-03-05,2020030501018810,RMDC,38,17,12,708.0,8496.0
2020-03-05,2020030501019004,RRHP,48,38,10,98.0,980.0
2020-03-05,2020030501018882,RSDC,32,45,70,519.0,36330.0
2020-03-05,2020030501018854,RSDC,59,45,40,520.0,20800.0
2020-03-05,2020030501018600,RSDC,59,49,160,520.0,83200.0
2020-03-05,2020030501018599,RSDC,34,49,40,520.0,20800.0
2020-03-05,2020030501018582,RSDC,34,55,90,520.0,46800.0
2020-03-05,2020030501018581,RSDC,49,55,10,521.0,5210.0
2020-03-05,2020030501018921,SABSL,58,44,11,803.0,8833.0
2020-03-05,2020030501018731,SABSL,58,37,11,803.0,8833.0
2020-03-05,2020030501018708,SABSL,58,37,11,803.0,8833.0
2020-03-05,2020030501018967,SADBL,6,17,1000,169.0,169000.0
2020-03-05,2020030501018750,SADBL,41,6,100,170.0,17000.0
2020-03-05,2020030501018749,SADBL,32,6,100,170.0,17000.0
2020-03-05,2020030501018748,SADBL,48,6,197,171.0,33687.0
2020-03-05,2020030501018675,SADBL,48,50,303,171.0,51813.0
2020-03-05,2020030501018674,SADBL,48,51,1000,171.0,171000.0
2020-03-05,2020030501018673,SADBL,48,51,500,171.0,85500.0
2020-03-05,2020030501018654,SADBL,32,47,300,170.0,51000.0
2020-03-05,2020030501019016,SAEF,43,42,500,9.5,4750.0
2020-03-05,2020030501018726,SANIMA,17,36,35,363.0,12705.0
2020-03-05,2020030501018725,SANIMA,38,36,99,364.0,36036.0
2020-03-05,2020030501018694,SANIMA,38,45,251,364.0,91364.0
2020-03-05,2020030501018693,SANIMA,52,45,500,364.0,182000.0
2020-03-05,2020030501018692,SANIMA,51,45,100,364.0,36400.0
2020-03-05,2020030501018691,SANIMA,19,45,100,364.0,36400.0
2020-03-05,2020030501018684,SANIMA,13,45,676,365.0,246740.0
2020-03-05,2020030501018683,SANIMA,29,45,500,366.0,183000.0
2020-03-05,2020030501018682,SANIMA,13,45,296,366.0,108336.0
2020-03-05,2020030501018690,SANIMA,13,45,205,364.0,74620.0
2020-03-05,2020030501018689,SANIMA,10,45,600,364.0,218400.0
2020-03-05,2020030501018688,SANIMA,41,45,200,365.0,73000.0
2020-03-05,2020030501018687,SANIMA,41,45,200,365.0,73000.0
2020-03-05,2020030501018686,SANIMA,54,45,200,365.0,73000.0
2020-03-05,2020030501018685,SANIMA,33,45,50,365.0,18250.0
2020-03-05,2020030501018923,SAPDBL,1,48,56,140.0,7840.0
2020-03-05,2020030501018996,SBI,22,48,22,475.0,10450.0
2020-03-05,2020030501018984,SBI,22,36,50,475.0,23750.0
2020-03-05,2020030501018983,SBI,38,36,200,476.0,95200.0
2020-03-05,2020030501019024,SBL,33,36,2500,327.0,817500.0
2020-03-05,2020030501019023,SBL,34,36,100,327.0,32700.0
2020-03-05,2020030501019022,SBL,26,36,50,327.0,16350.0
2020-03-05,2020030501019021,SBL,34,36,100,327.0,32700.0
2020-03-05,2020030501019020,SBL,11,36,50,328.0,16400.0
2020-03-05,2020030501019019,SBL,35,36,110,328.0,36080.0
2020-03-05,2020030501019018,SBL,45,36,90,329.0,29610.0
2020-03-05,2020030501018744,SBL,45,42,10,329.0,3290.0
2020-03-05,2020030501018952,SCB,39,44,20,705.0,14100.0
2020-03-05,2020030501018838,SCB,39,20,350,705.0,246750.0
2020-03-05,2020030501018837,SCB,52,20,100,705.0,70500.0
2020-03-05,2020030501018836,SCB,16,20,100,705.0,70500.0
2020-03-05,2020030501018835,SCB,39,20,50,706.0,35300.0
2020-03-05,2020030501018611,SCB,54,33,150,706.0,105900.0
2020-03-05,2020030501018935,SDESI,49,35,348,945.0,328860.0
2020-03-05,2020030501018777,SDESI,49,40,109,945.0,103005.0
2020-03-05,2020030501018776,SDESI,14,40,100,946.0,94600.0
2020-03-05,2020030501018929,SHINE,37,38,55,303.0,16665.0
2020-03-05,2020030501018987,SHIVM,58,55,480,601.0,288480.0
2020-03-05,2020030501018986,SHIVM,58,34,520,601.0,312520.0
2020-03-05,2020030501018965,SHIVM,48,34,500,601.0,300500.0
2020-03-05,2020030501018964,SHIVM,38,34,80,601.0,48080.0
2020-03-05,2020030501018963,SHIVM,57,34,900,602.0,541800.0
2020-03-05,2020030501018722,SHIVM,34,39,180,603.0,108540.0
2020-03-05,2020030501018669,SHIVM,34,21,100,603.0,60300.0
2020-03-05,2020030501018572,SHIVM,34,38,100,603.0,60300.0
2020-03-05,2020030501018571,SHIVM,34,38,500,603.0,301500.0
2020-03-05,2020030501018538,SHIVM,14,21,500,603.0,301500.0
2020-03-05,2020030501018940,SHIVM,57,48,100,602.0,60200.0
2020-03-05,2020030501018939,SHIVM,57,48,100,602.0,60200.0
2020-03-05,2020030501018906,SHIVM,34,49,95,603.0,57285.0
2020-03-05,2020030501018897,SHIVM,34,39,25,603.0,15075.0
2020-03-05,2020030501019002,SHPC,6,45,33,218.0,7194.0
2020-03-05,2020030501018616,SIL,32,57,67,562.0,37654.0
2020-03-05,2020030501018615,SIL,7,57,10,565.0,5650.0
2020-03-05,2020030501018699,SINDU,42,57,15,130.0,1950.0
2020-03-05,2020030501019008,SJCL,6,38,20,153.0,3060.0
2020-03-05,2020030501018981,SJCL,6,44,10,153.0,1530.0
2020-03-05,2020030501018550,SJCL,6,25,360,153.0,55080.0
2020-03-05,2020030501018549,SJCL,51,25,30,154.0,4620.0
2020-03-05,2020030501018548,SJCL,51,25,10,154.0,1540.0
2020-03-05,2020030501018834,SJCL,6,10,100,153.0,15300.0
2020-03-05,2020030501018630,SJCL,6,22,20,153.0,3060.0
2020-03-05,2020030501018632,SKBBL,53,7,10,1160.0,11600.0
2020-03-05,2020030501018631,SKBBL,53,17,20,1150.0,23000.0
2020-03-05,2020030501018532,SLBBL,34,38,200,920.0,184000.0
2020-03-05,2020030501018827,SLBBL,34,55,110,912.0,100320.0
2020-03-05,2020030501018826,SLBBL,21,55,90,913.0,82170.0
2020-03-05,2020030501018779,SLBSL,37,26,10,896.0,8960.0
2020-03-05,2020030501018918,SLICL,17,16,100,471.0,47100.0
2020-03-05,2020030501018917,SLICL,22,16,300,471.0,141300.0
2020-03-05,2020030501018884,SLICL,35,16,500,472.0,236000.0
2020-03-05,2020030501018831,SLICL,55,21,100,473.0,47300.0
2020-03-05,2020030501018732,SLICL,21,56,100,475.0,47500.0
2020-03-05,2020030501018751,SMATA,45,43,50,735.0,36750.0
2020-03-05,2020030501018904,SMB,32,36,100,935.0,93500.0
2020-03-05,2020030501018903,SMB,41,36,30,936.0,28080.0
2020-03-05,2020030501018902,SMB,10,36,90,940.0,84600.0
2020-03-05,2020030501018901,SMB,32,36,60,941.0,56460.0
2020-03-05,2020030501018900,SMB,52,36,10,941.0,9410.0
2020-03-05,2020030501018899,SMB,57,36,100,945.0,94500.0
2020-03-05,2020030501018946,SMFBS,7,48,10,1019.0,10190.0
2020-03-05,2020030501018945,SMFBS,51,48,10,1020.0,10200.0
2020-03-05,2020030501018771,SMFBS,34,55,10,1025.0,10250.0
2020-03-05,2020030501018698,SMFBS,34,55,10,1025.0,10250.0
2020-03-05,2020030501018883,SPDL,14,5,29,101.0,2929.0
2020-03-05,2020030501018769,SPDL,14,38,616,101.0,62216.0
2020-03-05,2020030501018587,SRBL,34,53,100,261.0,26100.0
2020-03-05,2020030501018569,SRBL,34,4,1831,261.0,477891.0
2020-03-05,2020030501018568,SRBL,22,4,489,261.0,127629.0
2020-03-05,2020030501018567,SRBL,37,4,300,262.0,78600.0
2020-03-05,2020030501018566,SRBL,32,4,370,262.0,96940.0
2020-03-05,2020030501018752,TRH,57,4,30,268.0,8040.0
2020-03-05,2020030501018770,UIC,42,38,15,380.0,5700.0
2020-03-05,2020030501018701,UIC,28,45,300,385.0,115500.0
2020-03-05,2020030501018677,UNHPL,14,33,110,63.0,6930.0
2020-03-05,2020030501018676,UNHPL,14,58,240,63.0,15120.0
2020-03-05,2020030501019017,UPCL,37,44,50,77.0,3850.0
2020-03-05,2020030501018641,UPCL,4,29,250,78.0,19500.0
2020-03-05,2020030501019013,UPPER,8,44,600,235.0,141000.0
2020-03-05,2020030501018961,UPPER,8,40,40,235.0,9400.0
2020-03-05,2020030501018846,UPPER,8,40,50,235.0,11750.0
2020-03-05,2020030501018828,UPPER,8,38,30,235.0,7050.0
2020-03-05,2020030501018643,UPPER,8,22,10,235.0,2350.0
2020-03-05,2020030501018642,UPPER,22,22,40,235.0,9400.0
2020-03-05,2020030501018618,UPPER,59,35,140,236.0,33040.0
2020-03-05,2020030501018617,UPPER,59,50,10,236.0,2360.0
2020-03-05,2020030501018818,UPPER,8,40,50,235.0,11750.0
2020-03-05,2020030501018785,UPPER,34,56,20,236.0,4720.0
2020-03-05,2020030501018954,VLBS,44,45,167,1025.0,171175.0
2020-03-05,2020030501018950,VLBS,44,55,20,1025.0,20500.0
2020-03-05,2020030501018864,VLBS,44,48,13,1025.0,13325.0
2020-03-05,2020030501018514,ADBL,45,32,75,408.0,30600.0
2020-03-05,2020030501018367,ADBL,17,38,290,409.0,118610.0
2020-03-05,2020030501018297,ADBL,45,6,15,408.0,6120.0
2020-03-05,2020030501018117,AHPC,34,35,715,100.0,71500.0
2020-03-05,2020030501018116,AHPC,26,35,1285,100.0,128500.0
2020-03-05,2020030501018462,AKJCL,42,48,20,53.0,1060.0
2020-03-05,2020030501018482,AKPL,37,22,10,125.0,1250.0
2020-03-05,2020030501018385,AKPL,37,22,13,125.0,1625.0
2020-03-05,2020030501018327,AKPL,37,34,13,125.0,1625.0
2020-03-05,2020030501018460,ALBSL,14,45,11,701.0,7711.0
2020-03-05,2020030501018122,ALBSL,26,7,10,710.0,7100.0
2020-03-05,2020030501018464,ALICL,6,38,32,595.0,19040.0
2020-03-05,2020030501018463,ALICL,6,48,18,590.0,10620.0
2020-03-05,2020030501018104,ALICL,7,38,500,584.0,292000.0
2020-03-05,2020030501018082,ALICL,48,17,13,585.0,7605.0
2020-03-05,2020030501018452,API,17,56,46,132.0,6072.0
2020-03-05,2020030501018451,API,17,45,54,131.0,7074.0
2020-03-05,2020030501018244,API,42,34,11,130.0,1430.0
2020-03-05,2020030501018195,API,42,44,908,130.0,118040.0
2020-03-05,2020030501018194,API,25,44,200,130.0,26000.0
2020-03-05,2020030501018193,API,37,44,92,130.0,11960.0
2020-03-05,2020030501018236,BARUN,59,36,490,94.0,46060.0
2020-03-05,2020030501018235,BOKL,17,25,502,249.0,124998.0
2020-03-05,2020030501018234,BOKL,17,6,211,249.0,52539.0
2020-03-05,2020030501018220,BPCL,22,43,50,364.0,18200.0
2020-03-05,2020030501018208,CBBL,49,38,500,1090.0,545000.0
2020-03-05,2020030501018440,CCBL,45,6,400,186.0,74400.0
2020-03-05,2020030501018439,CCBL,45,6,47,186.0,8742.0
2020-03-05,2020030501018406,CCBL,45,35,453,186.0,84258.0
2020-03-05,2020030501018405,CCBL,38,35,262,186.0,48732.0
2020-03-05,2020030501018390,CCBL,38,13,500,186.0,93000.0
2020-03-05,2020030501018288,CCBL,38,17,100,186.0,18600.0
2020-03-05,2020030501018037,CHCL,26,16,10,411.0,4110.0
2020-03-05,2020030501018447,CHL,47,48,24,95.0,2280.0
2020-03-05,2020030501018424,CHL,28,48,10,96.0,960.0
2020-03-05,2020030501018355,CIT,57,45,10,2735.0,27350.0
2020-03-05,2020030501018354,CIT,57,51,10,2734.0,27340.0
2020-03-05,2020030501018353,CIT,57,43,10,2730.0,27300.0
2020-03-05,2020030501018329,CIT,26,42,10,2700.0,27000.0
2020-03-05,2020030501018386,CMF1,43,4,100,9.65,965.0
2020-03-05,2020030501018507,CZBIL,49,50,20,206.0,4120.0
2020-03-05,2020030501018530,DDBL,49,32,100,880.0,88000.0
2020-03-05,2020030501018316,DDBL,49,25,300,880.0,264000.0
2020-03-05,2020030501018298,DDBL,49,45,220,880.0,193600.0
2020-03-05,2020030501018186,DDBL,49,34,380,880.0,334400.0
2020-03-05,2020030501018185,DDBL,45,34,110,880.0,96800.0
2020-03-05,2020030501018184,DDBL,51,34,50,882.0,44100.0
2020-03-05,2020030501018158,DDBL,51,25,100,888.0,88800.0
2020-03-05,2020030501018183,DDBL,52,34,150,885.0,132750.0
2020-03-05,2020030501018182,DDBL,21,34,100,885.0,88500.0
2020-03-05,2020030501018181,DDBL,16,34,100,886.0,88600.0
2020-03-05,2020030501018180,DDBL,48,34,200,887.0,177400.0
2020-03-05,2020030501018179,DDBL,38,34,50,887.0,44350.0
2020-03-05,2020030501018159,DDBL,45,25,100,888.0,88800.0
2020-03-05,2020030501018409,DHPL,28,34,11,51.0,561.0
2020-03-05,2020030501018458,EBL,54,32,114,757.0,86298.0
2020-03-05,2020030501018457,EBL,19,32,37,757.0,28009.0
2020-03-05,2020030501018060,EBL,42,51,141,756.0,106596.0
2020-03-05,2020030501018059,EBL,42,32,50,755.0,37750.0
2020-03-05,2020030501018058,EBL,42,50,126,755.0,95130.0
2020-03-05,2020030501018296,EDBL,33,41,67,394.0,26398.0
2020-03-05,2020030501018281,EIC,46,48,100,410.0,41000.0
2020-03-05,2020030501018109,EIC,47,48,10,410.0,4100.0
2020-03-05,2020030501018369,FMDBL,36,18,500,520.0,260000.0
2020-03-05,2020030501018343,FMDBL,36,34,150,520.0,78000.0
2020-03-05,2020030501018330,FMDBL,13,48,1013,525.0,531825.0
2020-03-05,2020030501018268,FMDBL,36,18,50,520.0,26000.0
2020-03-05,2020030501018048,FMDBL,43,18,1000,510.0,510000.0
2020-03-05,2020030501018047,FMDBL,46,18,500,512.0,256000.0
2020-03-05,2020030501018046,FMDBL,51,18,300,513.0,153900.0
2020-03-05,2020030501018045,FMDBL,44,18,150,516.0,77400.0
2020-03-05,2020030501018036,FMDBL,16,18,500,518.0,259000.0
2020-03-05,2020030501018499,FOWAD,45,28,100,1530.0,153000.0
2020-03-05,2020030501018531,GBBL,58,38,116,246.0,28536.0
2020-03-05,2020030501018509,GBBL,44,17,50,244.0,12200.0
2020-03-05,2020030501018455,GBIME,40,26,20,288.0,5760.0
2020-03-05,2020030501018454,GBIME,14,26,351,288.0,101088.0
2020-03-05,2020030501018375,GBIME,14,44,34,288.0,9792.0
2020-03-05,2020030501018103,GBIME,14,17,50,288.0,14400.0
2020-03-05,2020030501018099,GBIME,14,58,45,288.0,12960.0
2020-03-05,2020030501018085,GBIME,14,25,590,288.0,169920.0
2020-03-05,2020030501018403,GBLBS,45,14,200,510.0,102000.0
2020-03-05,2020030501018402,GBLBS,34,14,85,510.0,43350.0
2020-03-05,2020030501018318,GBLBS,34,36,15,510.0,7650.0
2020-03-05,2020030501018292,GBLBS,34,43,100,510.0,51000.0
2020-03-05,2020030501018243,GBLBS,34,47,100,510.0,51000.0
2020-03-05,2020030501018215,GBLBS,34,56,200,510.0,102000.0
2020-03-05,2020030501018214,GBLBS,1,56,50,510.0,25500.0
2020-03-05,2020030501018213,GBLBS,17,56,50,512.0,25600.0
2020-03-05,2020030501018139,GBLBS,38,44,50,516.0,25800.0
2020-03-05,2020030501018138,GBLBS,16,44,75,516.0,38700.0
2020-03-05,2020030501018516,GFCL,25,59,50,163.0,8150.0
2020-03-05,2020030501018465,GHL,25,45,30,67.0,2010.0
2020-03-05,2020030501018384,GILB,26,44,45,1350.0,60750.0
2020-03-05,2020030501018362,GILB,26,8,41,1345.0,55145.0
2020-03-05,2020030501018090,GILB,49,49,27,1342.0,36234.0
2020-03-05,2020030501018040,GILB,49,8,41,1342.0,55022.0
2020-03-05,2020030501018517,GLICL,21,45,50,494.0,24700.0
2020-03-05,2020030501018502,GLICL,21,22,100,494.0,49400.0
2020-03-05,2020030501018475,GLICL,21,41,50,494.0,24700.0
2020-03-05,2020030501018112,GLICL,45,26,150,493.0,73950.0
2020-03-05,2020030501018111,GLICL,4,26,50,494.0,24700.0
2020-03-05,2020030501018110,GLICL,58,26,100,494.0,49400.0
2020-03-05,2020030501018043,GMFBS,43,48,10,846.0,8460.0
2020-03-05,2020030501018042,GMFBS,43,18,10,846.0,8460.0
2020-03-05,2020030501018041,GMFBS,43,28,20,846.0,16920.0
2020-03-05,2020030501018377,HDL,14,54,18,1630.0,29340.0
2020-03-05,2020030501018326,HDL,34,13,20,1621.0,32420.0
2020-03-05,2020030501018229,HDL,4,54,50,1630.0,81500.0
2020-03-05,2020030501018228,HDL,19,54,170,1630.0,277100.0
2020-03-05,2020030501018227,HDL,37,54,62,1630.0,101060.0
2020-03-05,2020030501018191,HIDCL,38,51,46,137.0,6302.0
2020-03-05,2020030501018489,HPPL,13,22,10,145.0,1450.0
2020-03-05,2020030501018263,HPPL,5,42,10,147.0,1470.0
2020-03-05,2020030501018262,HPPL,5,34,10,147.0,1470.0
2020-03-05,2020030501018261,HPPL,5,58,20,147.0,2940.0
2020-03-05,2020030501018219,HURJA,45,58,20,103.0,2060.0
2020-03-05,2020030501018252,IGI,45,16,30,430.0,12900.0
2020-03-05,2020030501018251,IGI,50,16,20,430.0,8600.0
2020-03-05,2020030501018513,ILBS,55,26,10,783.0,7830.0
2020-03-05,2020030501018512,ILBS,55,26,10,783.0,7830.0
2020-03-05,2020030501018511,ILBS,55,56,10,783.0,7830.0
2020-03-05,2020030501018510,ILBS,55,35,10,775.0,7750.0
2020-03-05,2020030501018435,ILBS,57,56,10,772.0,7720.0
2020-03-05,2020030501018434,ILBS,57,49,10,772.0,7720.0
2020-03-05,2020030501018522,JBBL,49,21,15,190.0,2850.0
2020-03-05,2020030501018521,JBBL,58,21,1985,190.0,377150.0
2020-03-05,2020030501018520,JBBL,58,48,15,190.0,2850.0
2020-03-05,2020030501018501,JBBL,38,14,100,192.0,19200.0
2020-03-05,2020030501018500,JBBL,49,14,568,192.0,109056.0
2020-03-05,2020030501018470,JBBL,49,34,15,192.0,2880.0
2020-03-05,2020030501018448,JBBL,49,49,100,192.0,19200.0
2020-03-05,2020030501018335,JBBL,49,17,100,192.0,19200.0
2020-03-05,2020030501018241,JBBL,22,34,1000,193.0,193000.0
2020-03-05,2020030501018240,JBBL,22,17,16,193.0,3088.0
2020-03-05,2020030501018187,JBBL,49,50,300,192.0,57600.0
2020-03-05,2020030501018254,JSLBB,52,48,10,1569.0,15690.0
2020-03-05,2020030501018177,JSLBB,52,58,10,1569.0,15690.0
2020-03-05,2020030501018174,KBL,57,22,68,211.0,14348.0
2020-03-05,2020030501018173,KBL,42,22,100,211.0,21100.0
2020-03-05,2020030501018172,KBL,14,22,200,211.0,42200.0
2020-03-05,2020030501018171,KBL,14,22,32,211.0,6752.0
2020-03-05,2020030501018038,KBL,14,53,57,211.0,12027.0
2020-03-05,2020030501018519,KMCDB,26,59,10,900.0,9000.0
2020-03-05,2020030501018456,KMCDB,26,28,10,900.0,9000.0
2020-03-05,2020030501018453,KMCDB,26,49,10,900.0,9000.0
2020-03-05,2020030501018123,KMCDB,26,17,10,900.0,9000.0
2020-03-05,2020030501018121,KMCDB,26,37,10,900.0,9000.0
2020-03-05,2020030501018114,KMCDB,26,37,10,900.0,9000.0
2020-03-05,2020030501018073,KMCDB,26,37,10,900.0,9000.0
2020-03-05,2020030501018072,KMCDB,26,36,10,900.0,9000.0
2020-03-05,2020030501018271,KMCDB,26,45,10,900.0,9000.0
2020-03-05,2020030501018210,KMCDB,26,48,10,900.0,9000.0
2020-03-05,2020030501018175,KMCDB,26,17,10,900.0,9000.0
2020-03-05,2020030501018153,KMCDB,26,37,10,900.0,9000.0
2020-03-05,2020030501018140,KMCDB,26,37,10,900.0,9000.0
2020-03-05,2020030501018128,KMCDB,26,19,10,900.0,9000.0
2020-03-05,2020030501018356,KSBBL,45,51,500,169.0,84500.0
2020-03-05,2020030501018477,LBBL,46,4,156,196.0,30576.0
2020-03-05,2020030501018476,LBBL,13,4,100,197.0,19700.0
2020-03-05,2020030501018523,LBL,14,11,42,230.0,9660.0
2020-03-05,2020030501018429,LBL,14,44,1000,230.0,230000.0
2020-03-05,2020030501018279,LBL,14,45,500,230.0,115000.0
2020-03-05,2020030501018239,LBL,14,26,250,230.0,57500.0
2020-03-05,2020030501018498,LGIL,34,10,500,489.0,244500.0
2020-03-05,2020030501018487,LGIL,53,10,10,490.0,4900.0
2020-03-05,2020030501018486,LGIL,1,10,100,490.0,49000.0
2020-03-05,2020030501018485,LGIL,50,10,100,490.0,49000.0
2020-03-05,2020030501018394,LICN,1,28,80,1490.0,119200.0
2020-03-05,2020030501018206,LICN,14,17,400,1495.0,598000.0
2020-03-05,2020030501018039,LICN,1,45,100,1490.0,149000.0
2020-03-05,2020030501018518,MBL,35,16,596,248.0,147808.0
2020-03-05,2020030501018493,MBL,35,4,50,248.0,12400.0
2020-03-05,2020030501018433,MDB,47,49,50,452.0,22600.0
2020-03-05,2020030501018322,MDB,45,16,300,451.0,135300.0
2020-03-05,2020030501018295,MDB,45,50,67,450.0,30150.0
2020-03-05,2020030501018201,MDB,45,38,100,450.0,45000.0
2020-03-05,2020030501018442,MEGA,43,58,50,230.0,11500.0
2020-03-05,2020030501018441,MEGA,45,58,50,230.0,11500.0
2020-03-05,2020030501018275,MEGA,51,10,50,229.0,11450.0
2020-03-05,2020030501018274,MEGA,41,10,200,229.0,45800.0
2020-03-05,2020030501018273,MEGA,51,10,1315,229.0,301135.0
2020-03-05,2020030501018033,MEGA,49,10,770,231.0,177870.0
2020-03-05,2020030501018078,MEGA,22,10,1000,230.0,230000.0
2020-03-05,2020030501018077,MEGA,22,10,500,230.0,115000.0
2020-03-05,2020030501018076,MEGA,40,10,300,230.0,69000.0
2020-03-05,2020030501018034,MEGA,42,10,100,231.0,23100.0
2020-03-05,2020030501018167,MEGA,16,10,30,229.0,6870.0
2020-03-05,2020030501018145,MEGA,40,50,500,230.0,115000.0
2020-03-05,2020030501018136,MEGA,48,50,433,230.0,99590.0
2020-03-05,2020030501018124,MEGA,48,44,67,230.0,15410.0
2020-03-05,2020030501018080,MEGA,52,10,30,230.0,6900.0
2020-03-05,2020030501018079,MEGA,34,10,400,230.0,92000.0
2020-03-05,2020030501018272,MEGA,10,10,200,230.0,46000.0
2020-03-05,2020030501018221,MEGA,10,50,67,230.0,15410.0
2020-03-05,2020030501018199,MEGA,51,10,350,229.0,80150.0
2020-03-05,2020030501018198,MEGA,55,10,200,229.0,45800.0
2020-03-05,2020030501018197,MEGA,16,10,250,229.0,57250.0
2020-03-05,2020030501018422,MERO,26,45,100,675.0,67500.0
2020-03-05,2020030501018421,MERO,26,5,200,675.0,135000.0
2020-03-05,2020030501018420,MERO,26,54,400,675.0,270000.0
2020-03-05,2020030501018419,MERO,26,26,126,670.0,84420.0
2020-03-05,2020030501018364,MERO,22,40,100,670.0,67000.0
2020-03-05,2020030501018278,MERO,22,53,100,670.0,67000.0
2020-03-05,2020030501018490,MFIL,38,34,500,319.0,159500.0
2020-03-05,2020030501018348,MFIL,38,47,160,319.0,51040.0
2020-03-05,2020030501018337,MFIL,38,35,500,319.0,159500.0
2020-03-05,2020030501018143,MFIL,38,51,50,319.0,15950.0
2020-03-05,2020030501018071,MFIL,38,57,757,319.0,241483.0
2020-03-05,2020030501018070,MFIL,25,57,60,319.0,19140.0
2020-03-05,2020030501018069,MFIL,4,57,183,319.0,58377.0
2020-03-05,2020030501018314,MLBBL,58,41,30,775.0,23250.0
2020-03-05,2020030501018049,MLBBL,33,57,600,775.0,465000.0
2020-03-05,2020030501018149,MLBL,49,14,1500,224.0,336000.0
2020-03-05,2020030501018148,MLBL,49,58,92,224.0,20608.0
2020-03-05,2020030501018147,MLBL,49,37,136,223.0,30328.0
2020-03-05,2020030501018146,MLBL,49,57,110,223.0,24530.0
2020-03-05,2020030501018492,MNBBL,11,16,450,336.0,151200.0
2020-03-05,2020030501018491,MNBBL,44,16,250,336.0,84000.0
2020-03-05,2020030501018446,MNBBL,44,17,50,336.0,16800.0
2020-03-05,2020030501018196,MNBBL,34,51,99,338.0,33462.0
2020-03-05,2020030501018381,NABIL,34,28,24,847.0,20328.0
2020-03-05,2020030501018336,NABIL,46,39,14,849.0,11886.0
2020-03-05,2020030501018313,NABIL,34,53,29,847.0,24563.0
2020-03-05,2020030501018311,NABIL,5,39,160,849.0,135840.0
2020-03-05,2020030501018310,NABIL,5,49,40,849.0,33960.0
2020-03-05,2020030501018309,NABIL,5,28,100,848.0,84800.0
2020-03-05,2020030501018074,NABIL,25,41,40,846.0,33840.0
2020-03-05,2020030501018156,NABIL,34,59,60,842.0,50520.0
2020-03-05,2020030501018107,NABIL,34,34,40,842.0,33680.0
2020-03-05,2020030501018106,NABIL,38,34,10,842.0,8420.0
2020-03-05,2020030501018105,NABIL,21,34,100,842.0,84200.0
2020-03-05,2020030501018093,NABIL,7,25,30,845.0,25350.0
2020-03-05,2020030501018075,NABIL,25,32,50,846.0,42300.0
2020-03-05,2020030501018308,NABIL,5,16,200,848.0,169600.0
2020-03-05,2020030501018307,NABIL,5,14,100,848.0,84800.0
2020-03-05,2020030501018306,NABIL,5,11,400,848.0,339200.0
2020-03-05,2020030501018260,NABIL,34,34,400,847.0,338800.0
2020-03-05,2020030501018259,NABIL,34,41,80,847.0,67760.0
2020-03-05,2020030501018258,NABIL,34,37,67,845.0,56615.0
2020-03-05,2020030501018293,NADEP,20,48,23,700.0,16100.0
2020-03-05,2020030501018277,NADEP,34,18,23,697.0,16031.0
2020-03-05,2020030501018245,NADEP,34,18,23,697.0,16031.0
2020-03-05,2020030501018226,NADEP,34,18,23,697.0,16031.0
2020-03-05,2020030501018035,NADEP,34,37,23,697.0,16031.0
2020-03-05,2020030501018064,NADEP,34,37,23,697.0,16031.0
2020-03-05,2020030501018044,NADEP,34,37,23,697.0,16031.0
2020-03-05,2020030501018484,NBB,45,16,100,225.0,22500.0
2020-03-05,2020030501018461,NBB,34,16,131,226.0,29606.0
2020-03-05,2020030501018418,NBB,34,22,369,226.0,83394.0
2020-03-05,2020030501018081,NBB,45,48,540,225.0,121500.0
2020-03-05,2020030501018247,NBF2,41,1,500,8.85,4425.0
2020-03-05,2020030501018430,NBL,37,14,63,285.0,17955.0
2020-03-05,2020030501018423,NBL,13,41,500,284.0,142000.0
2020-03-05,2020030501018389,NBL,11,14,100,285.0,28500.0
2020-03-05,2020030501018382,NBL,13,17,50,284.0,14200.0
2020-03-05,2020030501018264,NBL,51,14,267,285.0,76095.0
2020-03-05,2020030501018238,NBL,51,43,33,285.0,9405.0
2020-03-05,2020030501018237,NBL,46,43,17,285.0,4845.0
2020-03-05,2020030501018176,NBL,22,40,50,286.0,14300.0
2020-03-05,2020030501018127,NBL,46,49,50,285.0,14250.0
2020-03-05,2020030501018126,NBL,46,11,33,285.0,9405.0
2020-03-05,2020030501018050,NBL,42,11,967,285.0,275595.0
2020-03-05,2020030501018529,NCCB,56,33,1000,200.0,200000.0
2020-03-05,2020030501018526,NCCB,1,58,200,201.0,40200.0
2020-03-05,2020030501018431,NCCB,40,43,400,200.0,80000.0
2020-03-05,2020030501018416,NCCB,40,29,186,200.0,37200.0
2020-03-05,2020030501018415,NCCB,56,29,100,200.0,20000.0
2020-03-05,2020030501018414,NCCB,56,29,99,200.0,19800.0
2020-03-05,2020030501018142,NCCB,34,57,200,201.0,40200.0
2020-03-05,2020030501018102,NCCB,29,57,200,201.0,40200.0
2020-03-05,2020030501018101,NCCB,33,57,100,201.0,20100.0
2020-03-05,2020030501018100,NCCB,11,57,31,201.0,6231.0
2020-03-05,2020030501018413,NCCB,20,29,2000,200.0,400000.0
2020-03-05,2020030501018283,NCCB,21,58,100,201.0,20100.0
2020-03-05,2020030501018250,NCCB,6,58,11,201.0,2211.0
2020-03-05,2020030501018249,NCCB,6,1,21,201.0,4221.0
2020-03-05,2020030501018248,NCCB,6,57,168,201.0,33768.0
2020-03-05,2020030501018231,NCCB,59,57,100,201.0,20100.0
2020-03-05,2020030501018282,NEF,26,1,483,8.47,4091.01
2020-03-05,2020030501018154,NEF,26,51,2366,8.47,20040.02
2020-03-05,2020030501018276,NIB,38,1,200,419.0,83800.0
2020-03-05,2020030501018098,NIB,38,50,237,419.0,99303.0
2020-03-05,2020030501018097,NIB,21,50,50,419.0,20950.0
2020-03-05,2020030501018096,NIB,44,50,200,419.0,83800.0
2020-03-05,2020030501018095,NIB,38,50,13,419.0,5447.0
2020-03-05,2020030501018305,NIBLPF,26,1,505,8.41,4247.05
2020-03-05,2020030501018328,NIBSF1,17,39,5000,10.13,50650.0
2020-03-05,2020030501018505,NICA,14,45,50,578.0,28900.0
2020-03-05,2020030501018504,NICA,32,45,100,578.0,57800.0
2020-03-05,2020030501018155,NICA,34,42,10,577.0,5770.0
2020-03-05,2020030501018331,NICL,59,45,100,462.0,46200.0
2020-03-05,2020030501018474,NIL,58,39,150,584.0,87600.0
2020-03-05,2020030501018473,NIL,26,39,500,585.0,292500.0
2020-03-05,2020030501018472,NIL,44,39,100,585.0,58500.0
2020-03-05,2020030501018471,NIL,50,39,150,586.0,87900.0
2020-03-05,2020030501018340,NIL,14,29,500,590.0,295000.0
2020-03-05,2020030501018339,NIL,34,29,500,590.0,295000.0
2020-03-05,2020030501018267,NIL,14,21,500,591.0,295500.0
2020-03-05,2020030501018152,NIL,36,44,831,595.0,494445.0
2020-03-05,2020030501018151,NIL,43,44,633,596.0,377268.0
2020-03-05,2020030501018137,NIL,38,52,396,597.0,236412.0
2020-03-05,2020030501018528,NLIC,44,35,39,1253.0,48867.0
2020-03-05,2020030501018527,NLIC,49,35,61,1255.0,76555.0
2020-03-05,2020030501018525,NLIC,49,5,939,1255.0,1178445.0
2020-03-05,2020030501018508,NLIC,34,5,61,1255.0,76555.0
2020-03-05,2020030501018397,NLIC,44,4,142,1253.0,177926.0
2020-03-05,2020030501018396,NLIC,32,4,300,1253.0,375900.0
2020-03-05,2020030501018299,NLIC,44,44,200,1255.0,251000.0
2020-03-05,2020030501018164,NLIC,14,25,500,1256.0,628000.0
2020-03-05,2020030501018163,NLIC,34,25,14,1256.0,17584.0
2020-03-05,2020030501018063,NLIC,38,49,20,1260.0,25200.0
2020-03-05,2020030501018333,NLIC,21,28,200,1254.0,250800.0
2020-03-05,2020030501018319,NLIC,21,44,186,1255.0,233430.0
2020-03-05,2020030501018303,NLIC,21,28,114,1255.0,143070.0
2020-03-05,2020030501018302,NLIC,56,28,50,1255.0,62750.0
2020-03-05,2020030501018301,NLIC,56,44,50,1255.0,62750.0
2020-03-05,2020030501018300,NLIC,26,44,50,1255.0,62750.0
2020-03-05,2020030501018351,NLIC,38,57,1000,1259.0,1259000.0
2020-03-05,2020030501018350,NLIC,38,25,30,1259.0,37770.0
2020-03-05,2020030501018349,NLIC,38,44,114,1255.0,143070.0
2020-03-05,2020030501018347,NLIC,43,22,22,1253.0,27566.0
2020-03-05,2020030501018346,NLIC,56,28,20,1254.0,25080.0
2020-03-05,2020030501018334,NLIC,48,28,80,1254.0,100320.0
2020-03-05,2020030501018395,NLIC,43,4,58,1253.0,72674.0
2020-03-05,2020030501018383,NLIC,43,22,86,1253.0,107758.0
2020-03-05,2020030501018372,NLIC,38,49,330,1260.0,415800.0
2020-03-05,2020030501018371,NLIC,38,44,50,1259.0,62950.0
2020-03-05,2020030501018363,NLIC,38,44,950,1259.0,1196050.0
2020-03-05,2020030501018360,NLIC,38,49,56,1260.0,70560.0
2020-03-05,2020030501018401,NLICL,37,39,50,710.0,35500.0
2020-03-05,2020030501018352,NLICL,35,8,100,712.0,71200.0
2020-03-05,2020030501018304,NMB,59,48,100,464.0,46400.0
2020-03-05,2020030501018188,NMB,51,48,100,463.0,46300.0
2020-03-05,2020030501018088,NMB,57,49,200,463.0,92600.0
2020-03-05,2020030501018087,NMB,57,48,10,463.0,4630.0
2020-03-05,2020030501018086,NMB,57,1,287,463.0,132881.0
2020-03-05,2020030501018052,NMB,51,1,100,463.0,46300.0
2020-03-05,2020030501018437,NMBMF,38,38,3,822.0,2466.0
2020-03-05,2020030501018417,NMBMF,7,58,19,838.0,15922.0
2020-03-05,2020030501018342,NMBMF,7,22,39,838.0,32682.0
2020-03-05,2020030501018341,NMBMF,45,22,10,848.0,8480.0
2020-03-05,2020030501018321,NMBMF,38,38,1,838.0,838.0
2020-03-05,2020030501018162,NMBMF,38,38,3,838.0,2514.0
2020-03-05,2020030501018253,NSEWA,34,22,28,740.0,20720.0
2020-03-05,2020030501018483,NTC,22,32,50,655.0,32750.0
2020-03-05,2020030501018488,NUBL,49,57,100,1005.0,100500.0
2020-03-05,2020030501018459,NUBL,49,28,200,1005.0,201000.0
2020-03-05,2020030501018370,OHL,52,10,200,455.0,91000.0
2020-03-05,2020030501018361,OHL,7,10,300,455.0,136500.0
2020-03-05,2020030501018376,PCBL,34,51,300,303.0,90900.0
2020-03-05,2020030501018357,PCBL,34,38,200,303.0,60600.0
2020-03-05,2020030501018332,PCBL,26,51,200,303.0,60600.0
2020-03-05,2020030501018257,PCBL,29,38,300,303.0,90900.0
2020-03-05,2020030501018256,PCBL,41,38,500,303.0,151500.0
2020-03-05,2020030501018255,PCBL,21,38,270,303.0,81810.0
2020-03-05,2020030501018150,PCBL,6,38,163,306.0,49878.0
2020-03-05,2020030501018467,PFL,59,17,13,167.0,2171.0
2020-03-05,2020030501018466,PFL,59,42,13,166.0,2158.0
2020-03-05,2020030501018412,PFL,59,59,200,165.0,33000.0
2020-03-05,2020030501018411,PFL,59,42,13,164.0,2132.0
2020-03-05,2020030501018032,PFL,43,35,13,162.0,2106.0
2020-03-05,2020030501018408,PIC,41,17,10,610.0,6100.0
2020-03-05,2020030501018494,PLIC,32,41,10,595.0,5950.0
2020-03-05,2020030501018400,PLIC,32,39,817,595.0,486115.0
2020-03-05,2020030501018161,PLIC,32,17,20,595.0,11900.0
2020-03-05,2020030501018438,PMHPL,38,36,10,84.0,840.0
2020-03-05,2020030501018432,PRIN,35,51,343,455.0,156065.0
2020-03-05,2020030501018374,PRIN,35,25,100,455.0,45500.0
2020-03-05,2020030501018373,PRIN,35,37,57,455.0,25935.0
2020-03-05,2020030501018169,PRIN,43,28,190,451.0,85690.0
2020-03-05,2020030501018168,PRIN,52,28,10,452.0,4520.0
2020-03-05,2020030501018404,PRVU,34,22,24,254.0,6096.0
2020-03-05,2020030501018380,PRVU,34,43,286,254.0,72644.0
2020-03-05,2020030501018211,PRVU,36,51,300,255.0,76500.0
2020-03-05,2020030501018170,PRVU,48,51,500,255.0,127500.0
2020-03-05,2020030501018125,PRVU,57,51,890,255.0,226950.0
2020-03-05,2020030501018068,PRVU,14,51,110,255.0,28050.0
2020-03-05,2020030501018062,PRVU,14,51,1000,255.0,255000.0
2020-03-05,2020030501018061,PRVU,14,4,30,255.0,7650.0
2020-03-05,2020030501018053,PRVU,40,4,110,255.0,28050.0
2020-03-05,2020030501018312,RBCLPO,19,59,10,8800.0,88000.0
2020-03-05,2020030501018166,RHPC,4,33,10,87.0,870.0
2020-03-05,2020030501018524,RHPL,41,35,80,159.0,12720.0
2020-03-05,2020030501018506,RHPL,41,22,10,159.0,1590.0
2020-03-05,2020030501018317,RHPL,41,17,30,159.0,4770.0
2020-03-05,2020030501018225,RHPL,41,17,20,159.0,3180.0
2020-03-05,2020030501018224,RHPL,50,17,10,159.0,1590.0
2020-03-05,2020030501018294,RMDC,6,29,50,711.0,35550.0
2020-03-05,2020030501018515,RRHP,48,22,10,98.0,980.0
2020-03-05,2020030501018449,RRHP,48,36,10,98.0,980.0
2020-03-05,2020030501018094,RRHP,48,36,10,98.0,980.0
2020-03-05,2020030501018358,RSDC,49,1,22,521.0,11462.0
2020-03-05,2020030501018202,RSDC,50,26,109,525.0,57225.0
2020-03-05,2020030501018192,RSDC,42,26,100,525.0,52500.0
2020-03-05,2020030501018190,RSDC,34,26,370,520.0,192400.0
2020-03-05,2020030501018189,RSDC,41,26,10,521.0,5210.0
2020-03-05,2020030501018115,RSDC,41,14,40,521.0,20840.0
2020-03-05,2020030501018445,SABSL,58,45,11,803.0,8833.0
2020-03-05,2020030501018379,SABSL,58,17,11,803.0,8833.0
2020-03-05,2020030501018378,SABSL,34,50,10,805.0,8050.0
2020-03-05,2020030501018291,SABSL,58,17,11,803.0,8833.0
2020-03-05,2020030501018290,SABSL,58,37,11,802.0,8822.0
2020-03-05,2020030501018289,SABSL,58,37,11,802.0,8822.0
2020-03-05,2020030501018320,SANIMA,14,10,1000,367.0,367000.0
2020-03-05,2020030501018280,SANIMA,14,45,50,368.0,18400.0
2020-03-05,2020030501018230,SANIMA,13,48,120,367.0,44040.0
2020-03-05,2020030501018212,SANIMA,6,48,100,367.0,36700.0
2020-03-05,2020030501018209,SANIMA,13,41,500,366.0,183000.0
2020-03-05,2020030501018407,SBI,19,42,98,478.0,46844.0
2020-03-05,2020030501018270,SBI,17,51,455,479.0,217945.0
2020-03-05,2020030501018269,SBI,17,28,100,479.0,47900.0
2020-03-05,2020030501018232,SBI,17,48,470,478.0,224660.0
2020-03-05,2020030501018141,SBI,22,48,50,478.0,23900.0
2020-03-05,2020030501018266,SBL,35,36,2391,328.0,784248.0
2020-03-05,2020030501018265,SBL,13,36,609,329.0,200361.0
2020-03-05,2020030501018207,SBL,13,1,10,329.0,3290.0
2020-03-05,2020030501018057,SBL,13,53,381,329.0,125349.0
2020-03-05,2020030501018056,SBL,49,53,500,329.0,164500.0
2020-03-05,2020030501018055,SBL,34,53,100,329.0,32900.0
2020-03-05,2020030501018054,SBL,47,53,500,330.0,165000.0
2020-03-05,2020030501018503,SCB,54,42,100,706.0,70600.0
2020-03-05,2020030501018469,SCB,8,51,10,707.0,7070.0
2020-03-05,2020030501018204,SCB,57,17,10,707.0,7070.0
2020-03-05,2020030501018160,SCB,57,22,30,707.0,21210.0
2020-03-05,2020030501018089,SCB,52,16,50,710.0,35500.0
2020-03-05,2020030501018084,SCB,49,16,50,710.0,35500.0
2020-03-05,2020030501018157,SDESI,38,14,100,963.0,96300.0
2020-03-05,2020030501018399,SHIVM,21,43,60,604.0,36240.0
2020-03-05,2020030501018391,SHIVM,21,36,100,604.0,60400.0
2020-03-05,2020030501018366,SHIVM,21,36,35,604.0,21140.0
2020-03-05,2020030501018365,SHIVM,50,36,165,605.0,99825.0
2020-03-05,2020030501018338,SHIVM,34,6,150,605.0,90750.0
2020-03-05,2020030501018284,SHIVM,34,58,50,605.0,30250.0
2020-03-05,2020030501018120,SHIVM,18,36,200,606.0,121200.0
2020-03-05,2020030501018092,SIC,6,40,140,725.0,101500.0
2020-03-05,2020030501018091,SIC,6,38,108,725.0,78300.0
2020-03-05,2020030501018393,SICL,38,7,30,980.0,29400.0
2020-03-05,2020030501018388,SICL,38,7,23,980.0,22540.0
2020-03-05,2020030501018203,SICL,33,1,50,980.0,49000.0
2020-03-05,2020030501018387,SICL,20,7,42,980.0,41160.0
2020-03-05,2020030501018287,SICL,20,16,25,980.0,24500.0
2020-03-05,2020030501018286,SICL,33,16,25,980.0,24500.0
2020-03-05,2020030501018217,SICL,20,45,28,980.0,27440.0
2020-03-05,2020030501018165,SIL,34,47,150,570.0,85500.0
2020-03-05,2020030501018323,SJCL,51,17,20,154.0,3080.0
2020-03-05,2020030501018067,SJCL,51,44,10,154.0,1540.0
2020-03-05,2020030501018066,SJCL,51,44,20,154.0,3080.0
2020-03-05,2020030501018233,SJCL,6,17,20,153.0,3060.0
2020-03-05,2020030501018444,SKBBL,17,6,200,1150.0,230000.0
2020-03-05,2020030501018443,SKBBL,57,6,50,1155.0,57750.0
2020-03-05,2020030501018285,SKBBL,49,38,110,1160.0,127600.0
2020-03-05,2020030501018178,SKBBL,49,48,390,1160.0,452400.0
2020-03-05,2020030501018450,SLBBL,34,38,200,920.0,184000.0
2020-03-05,2020030501018392,SLBBL,34,38,300,920.0,276000.0
2020-03-05,2020030501018359,SLBBL,34,45,500,920.0,460000.0
2020-03-05,2020030501018468,SLICL,36,58,27,480.0,12960.0
2020-03-05,2020030501018428,SLICL,36,21,70,480.0,33600.0
2020-03-05,2020030501018427,SLICL,36,32,73,480.0,35040.0
2020-03-05,2020030501018426,SLICL,36,33,500,478.0,239000.0
2020-03-05,2020030501018425,SLICL,36,48,330,475.0,156750.0
2020-03-05,2020030501018205,SLICL,22,48,50,475.0,23750.0
2020-03-05,2020030501018129,SLICL,36,6,177,477.0,84429.0
2020-03-05,2020030501018135,SLICL,36,32,422,480.0,202560.0
2020-03-05,2020030501018134,SLICL,36,44,57,480.0,27360.0
2020-03-05,2020030501018133,SLICL,36,50,808,480.0,387840.0
2020-03-05,2020030501018132,SLICL,36,41,16,477.0,7632.0
2020-03-05,2020030501018131,SLICL,36,21,100,477.0,47700.0
2020-03-05,2020030501018130,SLICL,36,56,100,477.0,47700.0
2020-03-05,2020030501018481,SMFBS,51,49,10,1020.0,10200.0
2020-03-05,2020030501018223,SPARS,45,6,10,843.0,8430.0
2020-03-05,2020030501018222,SPARS,35,6,50,845.0,42250.0
2020-03-05,2020030501018144,SPARS,35,19,10,845.0,8450.0
2020-03-05,2020030501018436,SPDL,14,22,10,101.0,1010.0
2020-03-05,2020030501018216,SPDL,16,17,29,103.0,2987.0
2020-03-05,2020030501018200,SPDL,16,49,29,102.0,2958.0
2020-03-05,2020030501018497,SRBL,34,48,200,263.0,52600.0
2020-03-05,2020030501018496,SRBL,34,56,50,263.0,13150.0
2020-03-05,2020030501018495,SRBL,34,48,901,263.0,236963.0
2020-03-05,2020030501018242,SRBL,32,52,30,262.0,7860.0
2020-03-05,2020030501018218,SRBL,34,48,99,263.0,26037.0
2020-03-05,2020030501018108,SRBL,52,49,180,263.0,47340.0
2020-03-05,2020030501018246,TRH,6,28,100,269.0,26900.0
2020-03-05,2020030501018119,TRH,57,43,450,268.0,120600.0
2020-03-05,2020030501018118,TRH,57,26,20,268.0,5360.0
2020-03-05,2020030501018113,TRH,57,6,500,267.0,133500.0
2020-03-05,2020030501018051,UIC,35,41,140,380.0,53200.0
2020-03-05,2020030501018065,UPCL,4,7,100,78.0,7800.0
2020-03-05,2020030501018410,UPPER,51,50,30,236.0,7080.0
2020-03-05,2020030501018345,UPPER,51,36,20,236.0,4720.0
2020-03-05,2020030501018344,UPPER,51,36,30,236.0,7080.0
2020-03-05,2020030501018315,UPPER,51,6,20,236.0,4720.0
2020-03-05,2020030501018083,UPPER,51,58,50,236.0,11800.0
2020-03-05,2020030501018398,VLBS,5,55,12,1030.0,12360.0
2020-03-05,2020030501018480,WOMI,41,34,34,1062.0,36108.0
2020-03-05,2020030501018479,WOMI,50,34,50,1065.0,53250.0
2020-03-05,2020030501018478,WOMI,42,34,16,1068.0,17088.0
2020-03-05,2020030501018368,WOMI,42,22,67,1068.0,71556.0
2020-03-05,2020030501018325,WOMI,42,22,17,1068.0,18156.0
2020-03-05,2020030501018324,WOMI,54,22,50,1069.0,53450.0
2020-03-05,2020030501021031,ADBL,34,54,460,408.0,187680.0
2020-03-05,2020030501020723,ADBL,14,38,152,407.0,61864.0
2020-03-05,2020030501020588,AHPC,13,22,55,99.0,5445.0
2020-03-05,2020030501021019,AKPL,21,46,300,125.0,37500.0
2020-03-05,2020030501020700,AKPL,58,14,363,124.0,45012.0
2020-03-05,2020030501020699,AKPL,8,14,1000,124.0,124000.0
2020-03-05,2020030501020698,AKPL,36,14,500,124.0,62000.0
2020-03-05,2020030501020697,AKPL,36,14,57,124.0,7068.0
2020-03-05,2020030501020805,ALBSL,22,38,111,701.0,77811.0
2020-03-05,2020030501020744,ALBSL,18,44,11,700.0,7700.0
2020-03-05,2020030501020592,ALBSL,25,38,157,701.0,110057.0
2020-03-05,2020030501020845,ALICL,59,7,150,576.0,86400.0
2020-03-05,2020030501020844,ALICL,37,7,500,577.0,288500.0
2020-03-05,2020030501020843,ALICL,37,7,50,578.0,28900.0
2020-03-05,2020030501020947,API,51,56,200,129.0,25800.0
2020-03-05,2020030501020879,API,25,56,46,129.0,5934.0
2020-03-05,2020030501020752,API,42,13,30,128.0,3840.0
2020-03-05,2020030501020735,API,42,25,2695,128.0,344960.0
2020-03-05,2020030501020734,API,42,25,3000,128.0,384000.0
2020-03-05,2020030501020733,API,28,25,805,128.0,103040.0
2020-03-05,2020030501020543,BBC,11,25,10,1792.0,17920.0
2020-03-05,2020030501020830,BOKL,39,39,200,246.0,49200.0
2020-03-05,2020030501020776,BOKL,36,29,15,249.0,3735.0
2020-03-05,2020030501020784,CBBL,33,40,51,1060.0,54060.0
2020-03-05,2020030501020783,CBBL,33,40,50,1060.0,53000.0
2020-03-05,2020030501020736,CBBL,48,1,150,1068.0,160200.0
2020-03-05,2020030501020986,CBL,20,44,1500,150.0,225000.0
2020-03-05,2020030501020858,CBL,20,41,300,150.0,45000.0
2020-03-05,2020030501020857,CBL,20,25,175,150.0,26250.0
2020-03-05,2020030501020678,CBL,20,37,2785,149.0,414965.0
2020-03-05,2020030501020615,CCBL,45,42,1804,185.0,333740.0
2020-03-05,2020030501020614,CCBL,46,42,196,185.0,36260.0
2020-03-05,2020030501020942,CIT,36,55,50,2672.0,133600.0
2020-03-05,2020030501020693,CIT,40,7,100,2681.0,268100.0
2020-03-05,2020030501020692,CIT,41,7,25,2681.0,67025.0
2020-03-05,2020030501020691,CIT,41,7,10,2681.0,26810.0
2020-03-05,2020030501020690,CIT,22,7,50,2681.0,134050.0
2020-03-05,2020030501020689,CIT,46,7,10,2682.0,26820.0
2020-03-05,2020030501020688,CIT,44,7,10,2683.0,26830.0
2020-03-05,2020030501020707,CZBIL,17,46,410,204.0,83640.0
2020-03-05,2020030501020760,DDBL,50,42,50,873.0,43650.0
2020-03-05,2020030501020855,EBL,42,45,250,751.0,187750.0
2020-03-05,2020030501020813,EBL,42,37,167,751.0,125417.0
2020-03-05,2020030501020772,EBL,42,25,40,751.0,30040.0
2020-03-05,2020030501020771,EBL,47,25,50,754.0,37700.0
2020-03-05,2020030501021015,EDBL,29,32,50,396.0,19800.0
2020-03-05,2020030501020775,EDBL,17,32,100,396.0,39600.0
2020-03-05,2020030501020576,EDBL,47,45,56,395.0,22120.0
2020-03-05,2020030501020575,EDBL,43,45,100,395.0,39500.0
2020-03-05,2020030501020789,EIC,56,56,250,407.0,101750.0
2020-03-05,2020030501020788,EIC,58,35,76,408.0,31008.0
2020-03-05,2020030501020787,EIC,58,38,100,408.0,40800.0
2020-03-05,2020030501020539,EIC,56,57,50,407.0,20350.0
2020-03-05,2020030501020538,EIC,17,57,50,407.0,20350.0
2020-03-05,2020030501020981,FMDBL,13,43,30,510.0,15300.0
2020-03-05,2020030501020980,FMDBL,37,43,250,510.0,127500.0
2020-03-05,2020030501020979,FMDBL,59,43,220,510.0,112200.0
2020-03-05,2020030501020865,FMDBL,59,35,280,510.0,142800.0
2020-03-05,2020030501020864,FMDBL,38,35,20,513.0,10260.0
2020-03-05,2020030501020762,FMDBL,43,52,525,511.0,268275.0
2020-03-05,2020030501020727,FMDBL,43,57,1465,511.0,748615.0
2020-03-05,2020030501020726,FMDBL,32,57,500,511.0,255500.0
2020-03-05,2020030501020725,FMDBL,6,57,35,511.0,17885.0
2020-03-05,2020030501020724,FMDBL,1,57,200,512.0,102400.0
2020-03-05,2020030501020570,FMDBL,21,45,350,515.0,180250.0
2020-03-05,2020030501020997,GBBL,16,34,1986,247.0,490542.0
2020-03-05,2020030501020946,GBBL,16,58,50,247.0,12350.0
2020-03-05,2020030501020945,GBBL,44,58,50,247.0,12350.0
2020-03-05,2020030501020921,GBBL,44,7,50,247.0,12350.0
2020-03-05,2020030501020920,GBBL,58,7,950,247.0,234650.0
2020-03-05,2020030501020846,GBBL,58,10,100,250.0,25000.0
2020-03-05,2020030501020827,GBBL,58,49,100,250.0,25000.0
2020-03-05,2020030501021016,GBIME,35,1,171,287.0,49077.0
2020-03-05,2020030501020951,GBIME,35,26,1000,287.0,287000.0
2020-03-05,2020030501020781,GBIME,35,57,1000,287.0,287000.0
2020-03-05,2020030501020747,GBIME,35,28,1470,287.0,421890.0
2020-03-05,2020030501020746,GBIME,36,28,10,288.0,2880.0
2020-03-05,2020030501020745,GBIME,11,28,20,288.0,5760.0
2020-03-05,2020030501020852,GBLBS,1,34,500,506.0,253000.0
2020-03-05,2020030501020812,GBLBS,57,45,200,502.0,100400.0
2020-03-05,2020030501020811,GBLBS,37,45,100,503.0,50300.0
2020-03-05,2020030501020810,GBLBS,53,45,200,504.0,100800.0
2020-03-05,2020030501020978,GILB,13,7,200,1342.0,268400.0
2020-03-05,2020030501020993,GLICL,19,49,25,495.0,12375.0
2020-03-05,2020030501020703,GLICL,42,49,150,495.0,74250.0
2020-03-05,2020030501020625,GLICL,42,32,50,495.0,24750.0
2020-03-05,2020030501020854,GMFBS,14,21,40,814.0,32560.0
2020-03-05,2020030501020728,GMFBS,14,44,10,814.0,8140.0
2020-03-05,2020030501020790,HBL,44,35,20,610.0,12200.0
2020-03-05,2020030501020676,HBL,33,8,88,608.0,53504.0
2020-03-05,2020030501020675,HBL,33,5,364,608.0,221312.0
2020-03-05,2020030501020604,HBL,33,6,200,603.0,120600.0
2020-03-05,2020030501020574,HBL,58,8,12,608.0,7296.0
2020-03-05,2020030501021010,HDL,8,51,30,1620.0,48600.0
2020-03-05,2020030501021004,HDL,8,34,260,1620.0,421200.0
2020-03-05,2020030501021003,HDL,8,29,10,1618.0,16180.0
2020-03-05,2020030501020923,HDL,48,36,100,1618.0,161800.0
2020-03-05,2020030501020819,HDL,48,57,100,1619.0,161900.0
2020-03-05,2020030501020818,HDL,41,57,50,1619.0,80950.0
2020-03-05,2020030501020779,HDL,59,42,200,1620.0,324000.0
2020-03-05,2020030501020602,HDL,59,21,100,1620.0,162000.0
2020-03-05,2020030501020731,HGI,26,28,100,396.0,39600.0
2020-03-05,2020030501020730,HGI,34,28,200,397.0,79400.0
2020-03-05,2020030501020729,HGI,6,28,100,397.0,39700.0
2020-03-05,2020030501020631,HIDCL,6,22,61,137.0,8357.0
2020-03-05,2020030501020866,HURJA,17,29,20,106.0,2120.0
2020-03-05,2020030501020835,HURJA,45,10,810,103.0,83430.0
2020-03-05,2020030501021017,ICFC,35,49,50,187.0,9350.0
2020-03-05,2020030501020763,ICFC,35,6,141,187.0,26367.0
2020-03-05,2020030501020777,IGI,51,13,90,417.0,37530.0
2020-03-05,2020030501020799,ILBS,57,21,60,761.0,45660.0
2020-03-05,2020030501021001,JBBL,49,16,424,191.0,80984.0
2020-03-05,2020030501020694,JBBL,57,48,493,191.0,94163.0
2020-03-05,2020030501020609,JOSHI,34,41,20,61.0,1220.0
2020-03-05,2020030501020910,JSLBB,41,29,100,1569.0,156900.0
2020-03-05,2020030501020909,JSLBB,41,33,32,1569.0,50208.0
2020-03-05,2020030501020908,JSLBB,41,48,20,1569.0,31380.0
2020-03-05,2020030501020907,JSLBB,41,45,17,1565.0,26605.0
2020-03-05,2020030501020944,KBL,5,36,25,210.0,5250.0
2020-03-05,2020030501020636,KBL,43,26,14,208.0,2912.0
2020-03-05,2020030501020537,KBL,20,58,2000,209.0,418000.0
2020-03-05,2020030501020915,KMCDB,34,55,19,890.0,16910.0
2020-03-05,2020030501020634,KMCDB,49,55,40,890.0,35600.0
2020-03-05,2020030501020633,KMCDB,33,55,10,891.0,8910.0
2020-03-05,2020030501020632,KMCDB,14,55,20,900.0,18000.0
2020-03-05,2020030501020606,KMCDB,14,36,10,900.0,9000.0
2020-03-05,2020030501020584,KMCDB,14,40,10,900.0,9000.0
2020-03-05,2020030501020974,LBBL,36,25,300,195.0,58500.0
2020-03-05,2020030501020607,LBBL,33,32,100,194.0,19400.0
2020-03-05,2020030501020868,LBL,32,47,200,229.0,45800.0
2020-03-05,2020030501020612,LBL,32,36,298,229.0,68242.0
2020-03-05,2020030501020611,LBL,40,36,1000,229.0,229000.0
2020-03-05,2020030501020610,LBL,40,36,202,229.0,46258.0
2020-03-05,2020030501020774,LGIL,14,26,141,485.0,68385.0
2020-03-05,2020030501020718,LGIL,14,26,300,485.0,145500.0
2020-03-05,2020030501020717,LGIL,50,26,200,486.0,97200.0
2020-03-05,2020030501020696,LVF1,34,55,17000,9.63,163710.0
2020-03-05,2020030501020642,LVF1,34,55,11620,9.63,111900.6
2020-03-05,2020030501020641,LVF1,21,55,2000,9.65,19300.0
2020-03-05,2020030501021030,MBL,50,34,100,246.0,24600.0
2020-03-05,2020030501020635,MBL,32,34,400,246.0,98400.0
2020-03-05,2020030501020581,MBL,32,21,100,246.0,24600.0
2020-03-05,2020030501020580,MBL,10,21,900,246.0,221400.0
2020-03-05,2020030501020992,MEGA,43,33,10,229.0,2290.0
2020-03-05,2020030501020940,MEGA,20,1,156,228.0,35568.0
2020-03-05,2020030501020624,MEGA,56,33,56,229.0,12824.0
2020-03-05,2020030501020579,MEGA,20,10,994,228.0,226632.0
2020-03-05,2020030501020578,MEGA,20,42,1850,228.0,421800.0
2020-03-05,2020030501021014,MERO,26,13,23,655.0,15065.0
2020-03-05,2020030501020806,MERO,53,13,20,655.0,13100.0
2020-03-05,2020030501020737,MERO,41,7,43,655.0,28165.0
2020-03-05,2020030501020983,MFIL,38,34,154,319.0,49126.0
2020-03-05,2020030501020982,MFIL,32,34,846,319.0,269874.0
2020-03-05,2020030501020919,MFIL,32,16,154,319.0,49126.0
2020-03-05,2020030501020918,MFIL,32,16,846,319.0,269874.0
2020-03-05,2020030501020680,MLBBL,22,21,50,778.0,38900.0
2020-03-05,2020030501020650,MLBBL,26,21,50,779.0,38950.0
2020-03-05,2020030501020786,MLBL,21,22,40,221.0,8840.0
2020-03-05,2020030501021029,MNBBL,36,13,300,334.0,100200.0
2020-03-05,2020030501021005,MNBBL,56,13,16,334.0,5344.0
2020-03-05,2020030501020963,MNBBL,47,13,500,334.0,167000.0
2020-03-05,2020030501020962,MNBBL,26,13,300,334.0,100200.0
2020-03-05,2020030501020961,MNBBL,50,13,100,334.0,33400.0
2020-03-05,2020030501020954,MNBBL,7,13,25,335.0,8375.0
2020-03-05,2020030501020953,MNBBL,58,13,802,335.0,268670.0
2020-03-05,2020030501020952,MNBBL,57,13,30,337.0,10110.0
2020-03-05,2020030501020555,MNBBL,14,55,1000,336.0,336000.0
2020-03-05,2020030501020960,MNBBL,34,13,300,334.0,100200.0
2020-03-05,2020030501020959,MNBBL,58,13,1000,334.0,334000.0
2020-03-05,2020030501020958,MNBBL,41,13,200,335.0,67000.0
2020-03-05,2020030501020957,MNBBL,49,13,319,335.0,106865.0
2020-03-05,2020030501020956,MNBBL,25,13,1000,335.0,335000.0
2020-03-05,2020030501020955,MNBBL,43,13,100,335.0,33500.0
2020-03-05,2020030501020969,MPFL,18,32,60,138.0,8280.0
2020-03-05,2020030501020968,MPFL,18,1,50,136.0,6800.0
2020-03-05,2020030501020967,MPFL,18,43,50,134.0,6700.0
2020-03-05,2020030501020667,MPFL,18,43,50,136.0,6800.0
2020-03-05,2020030501021027,NABIL,45,59,100,842.0,84200.0
2020-03-05,2020030501020948,NABIL,49,41,10,840.0,8400.0
2020-03-05,2020030501020926,NABIL,49,4,376,840.0,315840.0
2020-03-05,2020030501020825,NABIL,49,37,47,840.0,39480.0
2020-03-05,2020030501020824,NABIL,55,37,119,840.0,99960.0
2020-03-05,2020030501020768,NABIL,55,49,81,840.0,68040.0
2020-03-05,2020030501020558,NABIL,28,4,100,840.0,84000.0
2020-03-05,2020030501020547,NABIL,44,34,44,842.0,37048.0
2020-03-05,2020030501020546,NABIL,44,41,56,841.0,47096.0
2020-03-05,2020030501020767,NABIL,13,49,50,840.0,42000.0
2020-03-05,2020030501020766,NABIL,32,49,50,840.0,42000.0
2020-03-05,2020030501020765,NABIL,41,49,19,840.0,15960.0
2020-03-05,2020030501020666,NABIL,41,25,56,840.0,47040.0
2020-03-05,2020030501020665,NABIL,28,25,494,840.0,414960.0
2020-03-05,2020030501020664,NABIL,28,29,48,840.0,40320.0
2020-03-05,2020030501020987,NADEP,34,45,16,697.0,11152.0
2020-03-05,2020030501020794,NADEP,43,58,100,698.0,69800.0
2020-03-05,2020030501020842,NBB,42,10,1724,223.0,384452.0
2020-03-05,2020030501020841,NBB,42,10,2000,223.0,446000.0
2020-03-05,2020030501020840,NBB,50,10,1000,223.0,223000.0
2020-03-05,2020030501020839,NBB,38,10,100,223.0,22300.0
2020-03-05,2020030501020643,NBB,54,39,35,225.0,7875.0
2020-03-05,2020030501020582,NBB,54,45,65,225.0,14625.0
2020-03-05,2020030501020838,NBB,53,10,200,223.0,44600.0
2020-03-05,2020030501020837,NBB,56,10,76,223.0,16948.0
2020-03-05,2020030501020647,NBB,56,39,124,223.0,27652.0
2020-03-05,2020030501020646,NBB,34,39,195,223.0,43485.0
2020-03-05,2020030501020645,NBB,49,39,100,224.0,22400.0
2020-03-05,2020030501020644,NBB,43,39,109,224.0,24416.0
2020-03-05,2020030501021026,NBL,52,11,100,284.0,28400.0
2020-03-05,2020030501020906,NBL,17,35,6000,283.0,1698000.0
2020-03-05,2020030501020867,NBL,17,25,700,283.0,198100.0
2020-03-05,2020030501020836,NBL,45,11,250,284.0,71000.0
2020-03-05,2020030501020749,NBL,17,29,1000,283.0,283000.0
2020-03-05,2020030501020662,NBL,17,1,469,283.0,132727.0
2020-03-05,2020030501020616,NBL,17,58,1000,283.0,283000.0
2020-03-05,2020030501020677,NCCB,36,51,250,200.0,50000.0
2020-03-05,2020030501020601,NCCB,35,10,18,199.0,3582.0
2020-03-05,2020030501020600,NCCB,6,10,5000,199.0,995000.0
2020-03-05,2020030501020599,NCCB,45,10,1000,199.0,199000.0
2020-03-05,2020030501020598,NCCB,13,10,50,199.0,9950.0
2020-03-05,2020030501020597,NCCB,42,10,2000,199.0,398000.0
2020-03-05,2020030501020596,NCCB,51,10,300,199.0,59700.0
2020-03-05,2020030501020595,NCCB,59,10,100,199.0,19900.0
2020-03-05,2020030501020594,NCCB,32,10,1000,199.0,199000.0
2020-03-05,2020030501020593,NCCB,29,10,32,199.0,6368.0
2020-03-05,2020030501020833,NHDL,50,13,130,149.0,19370.0
2020-03-05,2020030501020663,NHDL,50,26,10,149.0,1490.0
2020-03-05,2020030501020937,NIB,39,36,50,414.0,20700.0
2020-03-05,2020030501020897,NIB,39,55,64,414.0,26496.0
2020-03-05,2020030501020896,NIB,40,55,1000,414.0,414000.0
2020-03-05,2020030501020895,NIB,45,55,10,414.0,4140.0
2020-03-05,2020030501020894,NIB,52,55,10,414.0,4140.0
2020-03-05,2020030501020893,NIB,26,55,200,415.0,83000.0
2020-03-05,2020030501020551,NIB,45,58,150,417.0,62550.0
2020-03-05,2020030501020540,NIB,45,6,500,417.0,208500.0
2020-03-05,2020030501020880,NIB,45,55,75,417.0,31275.0
2020-03-05,2020030501020831,NIB,45,41,44,417.0,18348.0
2020-03-05,2020030501020800,NIB,45,49,100,417.0,41700.0
2020-03-05,2020030501020648,NIB,53,29,50,418.0,20900.0
2020-03-05,2020030501020572,NIB,29,29,36,418.0,15048.0
2020-03-05,2020030501020556,NIB,45,36,120,417.0,50040.0
2020-03-05,2020030501020886,NIB,49,55,15,415.0,6225.0
2020-03-05,2020030501020885,NIB,7,55,42,416.0,17472.0
2020-03-05,2020030501020884,NIB,1,55,100,416.0,41600.0
2020-03-05,2020030501020883,NIB,49,55,35,416.0,14560.0
2020-03-05,2020030501020882,NIB,43,55,347,417.0,144699.0
2020-03-05,2020030501020881,NIB,42,55,62,417.0,25854.0
2020-03-05,2020030501020892,NIB,43,55,90,415.0,37350.0
2020-03-05,2020030501020891,NIB,57,55,200,415.0,83000.0
2020-03-05,2020030501020890,NIB,55,55,100,415.0,41500.0
2020-03-05,2020030501020889,NIB,1,55,100,415.0,41500.0
2020-03-05,2020030501020888,NIB,6,55,30,415.0,12450.0
2020-03-05,2020030501020887,NIB,54,55,20,415.0,8300.0
2020-03-05,2020030501020715,NIBPO,58,4,1000,360.0,360000.0
2020-03-05,2020030501021002,NICA,13,45,38,576.0,21888.0
2020-03-05,2020030501020853,NICA,34,34,758,574.0,435092.0
2020-03-05,2020030501020761,NICA,34,45,500,574.0,287000.0
2020-03-05,2020030501020628,NICA,37,45,353,575.0,202975.0
2020-03-05,2020030501020627,NICA,37,17,50,575.0,28750.0
2020-03-05,2020030501020626,NICA,37,55,97,575.0,55775.0
2020-03-05,2020030501020985,NICL,35,19,100,459.0,45900.0
2020-03-05,2020030501020705,NICL,43,34,100,458.0,45800.0
2020-03-05,2020030501020862,NIL,35,17,100,590.0,59000.0
2020-03-05,2020030501020755,NIL,41,17,345,590.0,203550.0
2020-03-05,2020030501020754,NIL,41,14,200,590.0,118000.0
2020-03-05,2020030501020753,NIL,41,48,55,590.0,32450.0
2020-03-05,2020030501020684,NIL,4,1,200,587.0,117400.0
2020-03-05,2020030501020683,NIL,43,1,280,587.0,164360.0
2020-03-05,2020030501020682,NIL,36,1,20,588.0,11760.0
2020-03-05,2020030501020778,NLBBL,58,17,20,770.0,15400.0
2020-03-05,2020030501020587,NLBBL,50,21,140,751.0,105140.0
2020-03-05,2020030501020586,NLBBL,50,21,250,751.0,187750.0
2020-03-05,2020030501020585,NLBBL,41,21,10,751.0,7510.0
2020-03-05,2020030501020533,NLBBL,58,45,300,760.0,228000.0
2020-03-05,2020030501020708,NLG,25,57,50,640.0,32000.0
2020-03-05,2020030501021028,NLIC,49,59,100,1258.0,125800.0
2020-03-05,2020030501021009,NLIC,49,59,300,1258.0,377400.0
2020-03-05,2020030501021008,NLIC,49,59,50,1258.0,62900.0
2020-03-05,2020030501020975,NLIC,34,44,10,1259.0,12590.0
2020-03-05,2020030501020856,NLIC,7,49,15,1260.0,18900.0
2020-03-05,2020030501020823,NLIC,56,14,100,1259.0,125900.0
2020-03-05,2020030501020569,NLIC,49,17,200,1258.0,251600.0
2020-03-05,2020030501020557,NLIC,49,6,524,1258.0,659192.0
2020-03-05,2020030501020545,NLIC,49,21,522,1258.0,656676.0
2020-03-05,2020030501020534,NLIC,49,7,22,1258.0,27676.0
2020-03-05,2020030501020686,NLIC,58,28,94,1254.0,117876.0
2020-03-05,2020030501020672,NLIC,56,45,218,1255.0,273590.0
2020-03-05,2020030501020671,NLIC,49,45,343,1258.0,431494.0
2020-03-05,2020030501020651,NLIC,49,28,180,1258.0,226440.0
2020-03-05,2020030501020623,NLIC,49,50,50,1258.0,62900.0
2020-03-05,2020030501020603,NLIC,49,51,1000,1258.0,1258000.0
2020-03-05,2020030501020822,NLIC,56,34,200,1259.0,251800.0
2020-03-05,2020030501020821,NLIC,56,39,150,1259.0,188850.0
2020-03-05,2020030501020796,NLIC,49,7,80,1258.0,100640.0
2020-03-05,2020030501020750,NLIC,42,7,20,1258.0,25160.0
2020-03-05,2020030501020732,NLIC,49,45,113,1254.0,141702.0
2020-03-05,2020030501020687,NLIC,49,28,106,1254.0,132924.0
2020-03-05,2020030501020903,NLICL,58,44,40,705.0,28200.0
2020-03-05,2020030501020902,NLICL,57,44,100,705.0,70500.0
2020-03-05,2020030501020901,NLICL,17,44,360,705.0,253800.0
2020-03-05,2020030501020807,NLICL,17,44,291,705.0,205155.0
2020-03-05,2020030501020590,NLICL,17,34,39,705.0,27495.0
2020-03-05,2020030501020589,NLICL,49,34,61,706.0,43066.0
2020-03-05,2020030501021025,NMB,53,39,964,458.0,441512.0
2020-03-05,2020030501021024,NMB,45,39,10,458.0,4580.0
2020-03-05,2020030501021023,NMB,38,39,50,458.0,22900.0
2020-03-05,2020030501021022,NMB,7,39,300,458.0,137400.0
2020-03-05,2020030501021021,NMB,32,39,200,458.0,91600.0
2020-03-05,2020030501021020,NMB,34,39,712,458.0,326096.0
2020-03-05,2020030501020617,NMB,38,13,400,459.0,183600.0
2020-03-05,2020030501020685,NMB,59,45,500,459.0,229500.0
2020-03-05,2020030501020622,NMB,53,13,25,459.0,11475.0
2020-03-05,2020030501020621,NMB,34,13,250,459.0,114750.0
2020-03-05,2020030501020620,NMB,21,13,300,459.0,137700.0
2020-03-05,2020030501020619,NMB,57,13,50,459.0,22950.0
2020-03-05,2020030501020618,NMB,35,13,2000,459.0,918000.0
2020-03-05,2020030501021018,NMB,17,58,50,459.0,22950.0
2020-03-05,2020030501020832,NMB,34,28,500,458.0,229000.0
2020-03-05,2020030501020826,NMB,34,45,400,458.0,183200.0
2020-03-05,2020030501020814,NMB,34,39,88,458.0,40304.0
2020-03-05,2020030501020802,NMB,41,17,1000,459.0,459000.0
2020-03-05,2020030501020742,NMB,34,59,500,458.0,229000.0
2020-03-05,2020030501020756,NMBMF,17,21,400,840.0,336000.0
2020-03-05,2020030501020629,NMBMF,17,17,100,840.0,84000.0
2020-03-05,2020030501020573,NMBMF,36,51,10,841.0,8410.0
2020-03-05,2020030501020912,NTC,6,28,100,655.0,65500.0
2020-03-05,2020030501020911,NTC,28,28,250,655.0,163750.0
2020-03-05,2020030501020577,NTC,28,55,1000,655.0,655000.0
2020-03-05,2020030501020658,OHL,32,55,50,441.0,22050.0
2020-03-05,2020030501020657,OHL,45,55,100,441.0,44100.0
2020-03-05,2020030501020656,OHL,45,55,100,441.0,44100.0
2020-03-05,2020030501020655,OHL,14,55,39,441.0,17199.0
2020-03-05,2020030501020653,OHL,14,17,11,441.0,4851.0
2020-03-05,2020030501020652,OHL,42,17,489,441.0,215649.0
2020-03-05,2020030501020740,OHL,10,38,17,435.0,7395.0
2020-03-05,2020030501020660,OHL,10,55,211,435.0,91785.0
2020-03-05,2020030501020659,OHL,10,55,200,435.0,87000.0
2020-03-05,2020030501020949,PCBL,13,1,232,301.0,69832.0
2020-03-05,2020030501020916,PCBL,32,38,200,303.0,60600.0
2020-03-05,2020030501020820,PCBL,13,19,148,301.0,44548.0
2020-03-05,2020030501020804,PCBL,13,53,173,301.0,52073.0
2020-03-05,2020030501020803,PCBL,33,53,113,301.0,34013.0
2020-03-05,2020030501020785,PCBL,37,19,196,302.0,59192.0
2020-03-05,2020030501020722,PCBL,37,32,200,302.0,60400.0
2020-03-05,2020030501020716,PCBL,37,43,300,302.0,90600.0
2020-03-05,2020030501020591,PCBL,37,1,80,302.0,24160.0
2020-03-05,2020030501020542,PCBL,37,40,200,302.0,60400.0
2020-03-05,2020030501020829,PICL,28,57,50,475.0,23750.0
2020-03-05,2020030501020828,PICL,26,57,50,475.0,23750.0
2020-03-05,2020030501020927,PLIC,42,45,20,596.0,11920.0
2020-03-05,2020030501020797,PLIC,8,16,33,595.0,19635.0
2020-03-05,2020030501020792,PLIC,34,7,1000,594.0,594000.0
2020-03-05,2020030501020791,PLIC,37,7,500,594.0,297000.0
2020-03-05,2020030501020770,PLIC,37,16,50,595.0,29750.0
2020-03-05,2020030501020769,PLIC,32,16,417,595.0,248115.0
2020-03-05,2020030501020758,PLIC,32,17,83,595.0,49385.0
2020-03-05,2020030501020757,PLIC,59,17,317,595.0,188615.0
2020-03-05,2020030501020751,PLIC,59,34,300,595.0,178500.0
2020-03-05,2020030501020613,PLIC,28,7,944,596.0,562624.0
2020-03-05,2020030501020782,PRIN,43,17,200,448.0,89600.0
2020-03-05,2020030501020670,PRIN,32,19,25,450.0,11250.0
2020-03-05,2020030501020669,PRIN,17,19,200,450.0,90000.0
2020-03-05,2020030501020668,PRIN,59,19,143,450.0,64350.0
2020-03-05,2020030501020583,PROFL,44,1,140,109.0,15260.0
2020-03-05,2020030501020973,PRVU,10,50,200,254.0,50800.0
2020-03-05,2020030501020939,PRVU,38,50,30,254.0,7620.0
2020-03-05,2020030501020936,PRVU,48,50,500,254.0,127000.0
2020-03-05,2020030501020935,PRVU,38,50,50,254.0,12700.0
2020-03-05,2020030501020934,PRVU,8,50,300,254.0,76200.0
2020-03-05,2020030501020933,PRVU,57,50,1000,254.0,254000.0
2020-03-05,2020030501020571,PRVU,34,14,500,254.0,127000.0
2020-03-05,2020030501020748,PRVU,34,57,500,254.0,127000.0
2020-03-05,2020030501020743,PRVU,34,58,300,254.0,76200.0
2020-03-05,2020030501020720,PRVU,34,42,100,254.0,25400.0
2020-03-05,2020030501020932,PRVU,39,50,1000,254.0,254000.0
2020-03-05,2020030501020931,PRVU,22,50,100,254.0,25400.0
2020-03-05,2020030501020930,PRVU,4,50,250,254.0,63500.0
2020-03-05,2020030501020929,PRVU,14,50,5000,254.0,1270000.0
2020-03-05,2020030501020928,PRVU,34,50,2234,254.0,567436.0
2020-03-05,2020030501020795,PRVU,34,34,1000,254.0,254000.0
2020-03-05,2020030501020773,RADHI,51,43,12,173.0,2076.0
2020-03-05,2020030501020714,RADHI,51,47,20,173.0,3460.0
2020-03-05,2020030501020713,RADHI,51,44,12,173.0,2076.0
2020-03-05,2020030501021013,RHPC,25,35,1000,85.0,85000.0
2020-03-05,2020030501021012,RHPC,42,35,654,85.0,55590.0
2020-03-05,2020030501021011,RHPC,49,35,10,86.0,860.0
2020-03-05,2020030501020712,RHPC,42,35,1346,85.0,114410.0
2020-03-05,2020030501020711,RHPC,42,35,2000,85.0,170000.0
2020-03-05,2020030501020710,RHPC,34,35,500,85.0,42500.0
2020-03-05,2020030501020709,RHPC,34,35,154,85.0,13090.0
2020-03-05,2020030501020654,RHPC,34,22,19,85.0,1615.0
2020-03-05,2020030501020532,RHPC,34,5,75,85.0,6375.0
2020-03-05,2020030501020741,RHPL,1,26,50,158.0,7900.0
2020-03-05,2020030501020544,RHPL,37,37,60,159.0,9540.0
2020-03-05,2020030501020541,RHPL,1,17,780,158.0,123240.0
2020-03-05,2020030501020649,RMDC,43,43,10,717.0,7170.0
2020-03-05,2020030501020991,RSDC,6,34,100,515.0,51500.0
2020-03-05,2020030501020990,RSDC,41,34,250,515.0,128750.0
2020-03-05,2020030501020966,RSDC,41,25,250,515.0,128750.0
2020-03-05,2020030501020965,RSDC,38,25,50,515.0,25750.0
2020-03-05,2020030501020964,RSDC,22,25,500,515.0,257500.0
2020-03-05,2020030501020938,RSDC,4,34,170,516.0,87720.0
2020-03-05,2020030501020809,RSDC,4,17,100,516.0,51600.0
2020-03-05,2020030501020704,RSDC,4,42,30,516.0,15480.0
2020-03-05,2020030501020673,SABSL,57,49,13,807.0,10491.0
2020-03-05,2020030501020801,SANIMA,41,38,100,365.0,36500.0
2020-03-05,2020030501020793,SANIMA,41,25,96,365.0,35040.0
2020-03-05,2020030501020878,SBI,42,56,50,470.0,23500.0
2020-03-05,2020030501020877,SBI,56,56,100,470.0,47000.0
2020-03-05,2020030501020876,SBI,46,56,100,470.0,47000.0
2020-03-05,2020030501020875,SBI,57,56,20,471.0,9420.0
2020-03-05,2020030501020874,SBI,25,56,50,471.0,23550.0
2020-03-05,2020030501020873,SBI,35,56,100,471.0,47100.0
2020-03-05,2020030501020815,SBI,58,56,10,478.0,4780.0
2020-03-05,2020030501020872,SBI,29,56,50,473.0,23650.0
2020-03-05,2020030501020871,SBI,16,56,200,473.0,94600.0
2020-03-05,2020030501020870,SBI,16,56,300,473.0,141900.0
2020-03-05,2020030501020869,SBI,7,56,20,474.0,9480.0
2020-03-05,2020030501020817,SBI,38,56,108,475.0,51300.0
2020-03-05,2020030501020816,SBI,39,56,28,475.0,13300.0
2020-03-05,2020030501021000,SBL,25,19,16,326.0,5216.0
2020-03-05,2020030501020999,SBL,25,13,70,326.0,22820.0
2020-03-05,2020030501020998,SBL,25,33,200,327.0,65400.0
2020-03-05,2020030501020706,SBL,33,33,100,327.0,32700.0
2020-03-05,2020030501020548,SBL,33,33,4153,327.0,1358031.0
2020-03-05,2020030501020943,SCB,38,55,500,695.0,347500.0
2020-03-05,2020030501020905,SDESI,17,44,27,955.0,25785.0
2020-03-05,2020030501020904,SDESI,17,7,23,954.0,21942.0
2020-03-05,2020030501020780,SEF,28,49,2000,9.5,19000.0
2020-03-05,2020030501020989,SHIVM,52,19,100,595.0,59500.0
2020-03-05,2020030501020988,SHIVM,45,19,550,595.0,327250.0
2020-03-05,2020030501020861,SHIVM,45,50,450,595.0,267750.0
2020-03-05,2020030501020639,SHIVM,4,50,300,595.0,178500.0
2020-03-05,2020030501020638,SHIVM,19,50,500,595.0,297500.0
2020-03-05,2020030501020637,SHIVM,38,50,50,596.0,29800.0
2020-03-05,2020030501020922,SHL,4,13,1000,180.0,180000.0
2020-03-05,2020030501020554,SHL,20,44,100,179.0,17900.0
2020-03-05,2020030501020553,SHL,7,44,500,179.0,89500.0
2020-03-05,2020030501020552,SHL,48,44,100,179.0,17900.0
2020-03-05,2020030501020661,SIC,13,42,60,716.0,42960.0
2020-03-05,2020030501020941,SICL,37,34,45,970.0,43650.0
2020-03-05,2020030501020850,SICL,37,43,68,970.0,65960.0
2020-03-05,2020030501020849,SICL,42,43,42,970.0,40740.0
2020-03-05,2020030501020848,SICL,32,43,40,971.0,38840.0
2020-03-05,2020030501020847,SICL,26,43,100,971.0,97100.0
2020-03-05,2020030501020977,SIFC,34,25,200,161.0,32200.0
2020-03-05,2020030501020976,SIFC,34,25,500,161.0,80500.0
2020-03-05,2020030501021007,SIL,34,14,500,563.0,281500.0
2020-03-05,2020030501021006,SIL,34,14,401,563.0,225763.0
2020-03-05,2020030501020764,SJCL,49,26,20,152.0,3040.0
2020-03-05,2020030501020702,SJCL,49,22,20,152.0,3040.0
2020-03-05,2020030501020984,SKBBL,38,6,400,1117.0,446800.0
2020-03-05,2020030501020900,SKBBL,13,6,200,1130.0,226000.0
2020-03-05,2020030501020899,SKBBL,19,6,50,1132.0,56600.0
2020-03-05,2020030501020898,SKBBL,44,6,50,1132.0,56600.0
2020-03-05,2020030501020971,SLICL,52,34,100,466.0,46600.0
2020-03-05,2020030501020970,SLICL,39,34,387,466.0,180342.0
2020-03-05,2020030501020925,SLICL,39,17,79,466.0,36814.0
2020-03-05,2020030501020924,SLICL,13,17,421,466.0,196186.0
2020-03-05,2020030501020860,SLICL,13,34,579,466.0,269814.0
2020-03-05,2020030501020859,SLICL,57,34,73,468.0,34164.0
2020-03-05,2020030501020798,SLICL,57,28,232,468.0,108576.0
2020-03-05,2020030501020739,SLICL,57,17,195,468.0,91260.0
2020-03-05,2020030501020738,SLICL,16,17,305,468.0,142740.0
2020-03-05,2020030501020630,SLICL,16,29,500,468.0,234000.0
2020-03-05,2020030501020535,SMB,34,57,10,972.0,9720.0
2020-03-05,2020030501020808,SPARS,25,6,50,835.0,41750.0
2020-03-05,2020030501020950,SRBL,34,17,193,261.0,50373.0
2020-03-05,2020030501020917,SRBL,34,39,300,261.0,78300.0
2020-03-05,2020030501020701,SRBL,39,42,10,262.0,2620.0
2020-03-05,2020030501020640,SRBL,34,55,164,261.0,42804.0
2020-03-05,2020030501020608,SRBL,34,5,354,261.0,92394.0
2020-03-05,2020030501020550,SRBL,38,42,100,262.0,26200.0
2020-03-05,2020030501020549,SRBL,41,42,450,262.0,117900.0
2020-03-05,2020030501020996,TRH,22,51,150,263.0,39450.0
2020-03-05,2020030501020995,TRH,17,51,100,263.0,26300.0
2020-03-05,2020030501020994,TRH,45,51,50,264.0,13200.0
2020-03-05,2020030501020568,UIC,22,29,120,375.0,45000.0
2020-03-05,2020030501020567,UIC,58,29,250,375.0,93750.0
2020-03-05,2020030501020566,UIC,45,29,100,375.0,37500.0
2020-03-05,2020030501020565,UIC,26,29,100,375.0,37500.0
2020-03-05,2020030501020564,UIC,41,29,30,375.0,11250.0
2020-03-05,2020030501020563,UIC,41,29,30,375.0,11250.0
2020-03-05,2020030501020562,UIC,45,29,50,375.0,18750.0
2020-03-05,2020030501020561,UIC,25,29,500,376.0,188000.0
2020-03-05,2020030501020560,UIC,55,29,30,377.0,11310.0
2020-03-05,2020030501020559,UIC,41,29,50,377.0,18850.0
2020-03-05,2020030501020695,UPCL,34,26,50,76.0,3800.0
2020-03-05,2020030501020863,UPPER,52,41,40,234.0,9360.0
2020-03-05,2020030501020834,UPPER,52,22,50,234.0,11700.0
2020-03-05,2020030501020759,UPPER,52,52,350,234.0,81900.0
2020-03-05,2020030501020721,UPPER,52,26,40,234.0,9360.0
2020-03-05,2020030501020674,UPPER,5,16,100,235.0,23500.0
2020-03-05,2020030501020536,UPPER,34,16,20,235.0,4700.0
2020-03-05,2020030501020681,VLBS,49,49,14,1024.0,14336.0
2020-03-05,2020030501020679,VLBS,49,45,73,1024.0,74752.0
2020-03-05,2020030501020605,VLBS,49,13,13,1024.0,13312.0
2020-03-05,2020030501020972,WOMI,51,22,50,1052.0,52600.0
2020-03-05,2020030501020914,WOMI,51,47,200,1052.0,210400.0
2020-03-05,2020030501020913,WOMI,8,47,50,1053.0,52650.0
2020-03-05,2020030501020851,WOMI,34,55,200,1053.0,210600.0
2020-03-05,2020030501020719,WOMI,34,42,200,1053.0,210600.0
2020-03-05,2020030501011484,ADBL,37,21,130,407.0,52910.0
2020-03-05,2020030501011483,ADBL,37,45,73,407.0,29711.0
2020-03-05,2020030501011360,ADBL,38,21,70,407.0,28490.0
2020-03-05,2020030501011344,ADBL,35,48,91,406.0,36946.0
2020-03-05,2020030501011343,ADBL,22,48,18,406.0,7308.0
2020-03-05,2020030501011201,ADBL,22,29,82,406.0,33292.0
2020-03-05,2020030501011200,ADBL,14,29,150,406.0,60900.0
2020-03-05,2020030501011199,ADBL,14,29,1000,406.0,406000.0
2020-03-05,2020030501011198,ADBL,14,29,200,407.0,81400.0
2020-03-05,2020030501011197,ADBL,14,29,310,407.0,126170.0
2020-03-05,2020030501011196,ADBL,35,29,11,407.0,4477.0
2020-03-05,2020030501011195,ADBL,14,29,47,407.0,19129.0
2020-03-05,2020030501011345,AKPL,49,7,10,123.0,1230.0
2020-03-05,2020030501011150,AKPL,13,13,500,123.0,61500.0
2020-03-05,2020030501011149,AKPL,52,13,150,123.0,18450.0
2020-03-05,2020030501011148,AKPL,36,13,1000,123.0,123000.0
2020-03-05,2020030501011147,AKPL,57,13,1000,123.0,123000.0
2020-03-05,2020030501011146,AKPL,26,13,300,123.0,36900.0
2020-03-05,2020030501011145,AKPL,37,13,1000,123.0,123000.0
2020-03-05,2020030501011144,AKPL,11,13,1000,123.0,123000.0
2020-03-05,2020030501011143,AKPL,58,13,1000,123.0,123000.0
2020-03-05,2020030501011142,AKPL,1,13,608,124.0,75392.0
2020-03-05,2020030501011108,AKPL,1,56,13,124.0,1612.0
2020-03-05,2020030501011102,ALBSL,38,49,10,676.0,6760.0
2020-03-05,2020030501011494,ALICL,57,11,100,580.0,58000.0
2020-03-05,2020030501011352,ALICL,41,5,24,578.0,13872.0
2020-03-05,2020030501011221,ALICL,37,5,26,578.0,15028.0
2020-03-05,2020030501011220,ALICL,37,21,499,578.0,288422.0
2020-03-05,2020030501011110,BFC,35,44,70,104.0,7280.0
2020-03-05,2020030501011109,BFC,6,44,10,104.0,1040.0
2020-03-05,2020030501011451,BPCL,41,17,11,359.0,3949.0
2020-03-05,2020030501011159,BPCL,41,17,11,359.0,3949.0
2020-03-05,2020030501011413,CBBL,49,57,10,1102.0,11020.0
2020-03-05,2020030501011412,CBBL,49,14,16,1081.0,17296.0
2020-03-05,2020030501011411,CBBL,49,21,101,1081.0,109181.0
2020-03-05,2020030501011410,CBBL,49,45,70,1080.0,75600.0
2020-03-05,2020030501011238,CBBL,26,39,76,1060.0,80560.0
2020-03-05,2020030501011237,CBBL,26,55,50,1060.0,53000.0
2020-03-05,2020030501011160,CBBL,6,55,50,1060.0,53000.0
2020-03-05,2020030501011130,CBBL,59,55,100,1060.0,106000.0
2020-03-05,2020030501011309,CBBL,4,58,50,1071.0,53550.0
2020-03-05,2020030501011308,CBBL,4,36,30,1070.0,32100.0
2020-03-05,2020030501011307,CBBL,4,52,77,1070.0,82390.0
2020-03-05,2020030501011265,CBBL,4,52,23,1070.0,24610.0
2020-03-05,2020030501011264,CBBL,4,36,30,1060.0,31800.0
2020-03-05,2020030501011239,CBBL,26,14,50,1060.0,53000.0
2020-03-05,2020030501011378,CBBL,4,21,42,1081.0,45402.0
2020-03-05,2020030501011333,CBBL,4,45,35,1081.0,37835.0
2020-03-05,2020030501011332,CBBL,4,42,23,1080.0,24840.0
2020-03-05,2020030501011311,CBBL,4,45,65,1081.0,70265.0
2020-03-05,2020030501011310,CBBL,4,36,28,1081.0,30268.0
2020-03-05,2020030501011101,CFCL,45,28,190,135.0,25650.0
2020-03-05,2020030501011040,CFCL,10,28,10,135.0,1350.0
2020-03-05,2020030501011388,CHCL,14,36,100,410.0,41000.0
2020-03-05,2020030501011161,CHL,41,56,10,96.0,960.0
2020-03-05,2020030501011491,CZBIL,57,54,70,204.0,14280.0
2020-03-05,2020030501011452,CZBIL,39,40,100,205.0,20500.0
2020-03-05,2020030501011450,CZBIL,14,40,100,205.0,20500.0
2020-03-05,2020030501011482,DDBL,43,39,100,858.0,85800.0
2020-03-05,2020030501011433,DDBL,25,36,500,855.0,427500.0
2020-03-05,2020030501011417,DDBL,33,29,27,854.0,23058.0
2020-03-05,2020030501011111,DDBL,32,29,100,854.0,85400.0
2020-03-05,2020030501011509,EBL,44,37,100,747.0,74700.0
2020-03-05,2020030501011523,EIC,35,32,20,399.0,7980.0
2020-03-05,2020030501011522,EIC,35,1,26,399.0,10374.0
2020-03-05,2020030501011420,EIC,1,1,100,399.0,39900.0
2020-03-05,2020030501011419,EIC,18,1,84,399.0,33516.0
2020-03-05,2020030501011302,EIC,18,41,86,399.0,34314.0
2020-03-05,2020030501011267,EIC,38,36,150,400.0,60000.0
2020-03-05,2020030501011266,EIC,38,35,500,400.0,200000.0
2020-03-05,2020030501011304,FMDBL,46,36,60,501.0,30060.0
2020-03-05,2020030501011303,FMDBL,46,22,300,501.0,150300.0
2020-03-05,2020030501011251,FMDBL,46,57,50,500.0,25000.0
2020-03-05,2020030501011250,FMDBL,46,37,100,500.0,50000.0
2020-03-05,2020030501011249,FMDBL,46,53,175,500.0,87500.0
2020-03-05,2020030501011248,FMDBL,46,14,50,500.0,25000.0
2020-03-05,2020030501011068,FMDBL,56,36,100,498.0,49800.0
2020-03-05,2020030501011067,FMDBL,56,55,200,497.0,99400.0
2020-03-05,2020030501011066,FMDBL,56,25,120,496.0,59520.0
2020-03-05,2020030501011065,FMDBL,56,10,100,495.0,49500.0
2020-03-05,2020030501011247,FMDBL,46,6,150,500.0,75000.0
2020-03-05,2020030501011246,FMDBL,46,58,23,500.0,11500.0
2020-03-05,2020030501011214,FMDBL,57,58,200,500.0,100000.0
2020-03-05,2020030501011213,FMDBL,57,47,100,500.0,50000.0
2020-03-05,2020030501011128,FMDBL,45,16,200,499.0,99800.0
2020-03-05,2020030501011127,FMDBL,45,41,100,499.0,49900.0
2020-03-05,2020030501011517,FOWAD,18,33,100,1490.0,149000.0
2020-03-05,2020030501011516,FOWAD,18,4,19,1490.0,28310.0
2020-03-05,2020030501011515,FOWAD,18,36,135,1485.0,200475.0
2020-03-05,2020030501011514,FOWAD,18,45,50,1485.0,74250.0
2020-03-05,2020030501011513,FOWAD,18,52,10,1481.0,14810.0
2020-03-05,2020030501011460,FOWAD,41,18,96,1480.0,142080.0
2020-03-05,2020030501011293,FOWAD,25,28,100,1478.0,147800.0
2020-03-05,2020030501011481,GBIME,11,4,63,287.0,18081.0
2020-03-05,2020030501011480,GBIME,11,4,237,287.0,68019.0
2020-03-05,2020030501011243,GBIME,56,4,24,287.0,6888.0
2020-03-05,2020030501011165,GBIME,34,45,16,286.0,4576.0
2020-03-05,2020030501011138,GBIME,34,32,50,286.0,14300.0
2020-03-05,2020030501011116,GBIME,34,10,234,286.0,66924.0
2020-03-05,2020030501011115,GBIME,46,10,100,286.0,28600.0
2020-03-05,2020030501011114,GBIME,53,10,567,286.0,162162.0
2020-03-05,2020030501011073,GBIME,38,4,100,287.0,28700.0
2020-03-05,2020030501011071,GBIME,59,4,100,287.0,28700.0
2020-03-05,2020030501011478,GBLBS,41,45,200,493.0,98600.0
2020-03-05,2020030501011442,GBLBS,53,41,500,492.0,246000.0
2020-03-05,2020030501011431,GBLBS,19,41,300,492.0,147600.0
2020-03-05,2020030501011430,GBLBS,19,57,200,491.0,98200.0
2020-03-05,2020030501011429,GBLBS,19,56,360,490.0,176400.0
2020-03-05,2020030501011407,GBLBS,53,56,40,490.0,19600.0
2020-03-05,2020030501011348,GBLBS,45,28,40,490.0,19600.0
2020-03-05,2020030501011141,GBLBS,29,42,15,489.0,7335.0
2020-03-05,2020030501011368,GBLBS,53,34,15,490.0,7350.0
2020-03-05,2020030501011367,GBLBS,53,41,150,490.0,73500.0
2020-03-05,2020030501011366,GBLBS,53,44,20,490.0,9800.0
2020-03-05,2020030501011365,GBLBS,53,44,65,490.0,31850.0
2020-03-05,2020030501011364,GBLBS,53,35,150,490.0,73500.0
2020-03-05,2020030501011363,GBLBS,53,28,105,490.0,51450.0
2020-03-05,2020030501011222,GLBSL,7,51,10,624.0,6240.0
2020-03-05,2020030501011490,GLICL,34,17,191,484.0,92444.0
2020-03-05,2020030501011477,GLICL,6,1,130,490.0,63700.0
2020-03-05,2020030501011476,GLICL,6,6,50,489.0,24450.0
2020-03-05,2020030501011475,GLICL,6,45,150,489.0,73350.0
2020-03-05,2020030501011474,GLICL,6,58,40,488.0,19520.0
2020-03-05,2020030501011473,GLICL,6,29,10,487.0,4870.0
2020-03-05,2020030501011170,GLICL,42,17,39,483.0,18837.0
2020-03-05,2020030501011048,GLICL,47,14,20,485.0,9700.0
2020-03-05,2020030501011472,GLICL,6,29,20,485.0,9700.0
2020-03-05,2020030501011358,GLICL,38,29,80,485.0,38800.0
2020-03-05,2020030501011357,GLICL,38,14,120,485.0,58200.0
2020-03-05,2020030501011335,GLICL,13,14,100,485.0,48500.0
2020-03-05,2020030501011313,GLICL,41,14,10,485.0,4850.0
2020-03-05,2020030501011171,GLICL,13,17,60,483.0,28980.0
2020-03-05,2020030501011384,GMFIL,32,43,10,138.0,1380.0
2020-03-05,2020030501011340,HDL,43,47,150,1620.0,243000.0
2020-03-05,2020030501011339,HDL,43,5,100,1620.0,162000.0
2020-03-05,2020030501011338,HDL,43,53,100,1619.0,161900.0
2020-03-05,2020030501011035,HGI,45,16,30,398.0,11940.0
2020-03-05,2020030501011437,HIDCL,25,34,60,136.0,8160.0
2020-03-05,2020030501011436,HIDCL,25,34,50,136.0,6800.0
2020-03-05,2020030501011435,HIDCL,36,34,250,136.0,34000.0
2020-03-05,2020030501011434,HIDCL,6,34,640,136.0,87040.0
2020-03-05,2020030501011120,HIDCL,6,34,360,136.0,48960.0
2020-03-05,2020030501011119,HIDCL,47,34,500,136.0,68000.0
2020-03-05,2020030501011118,HIDCL,52,34,140,136.0,19040.0
2020-03-05,2020030501011061,HIDCL,52,7,17,136.0,2312.0
2020-03-05,2020030501011389,HPPL,52,38,20,145.0,2900.0
2020-03-05,2020030501011471,HURJA,39,29,20,101.0,2020.0
2020-03-05,2020030501011449,ILBS,49,6,10,742.0,7420.0
2020-03-05,2020030501011185,ILBS,49,32,10,742.0,7420.0
2020-03-05,2020030501011164,ILBS,36,28,10,740.0,7400.0
2020-03-05,2020030501011100,ILBS,36,20,10,740.0,7400.0
2020-03-05,2020030501011062,ILBS,36,20,10,740.0,7400.0
2020-03-05,2020030501011498,JBBL,58,49,250,190.0,47500.0
2020-03-05,2020030501011211,JBBL,58,17,61,190.0,11590.0
2020-03-05,2020030501011524,JSLBB,49,55,75,1519.0,113925.0
2020-03-05,2020030501011346,KBL,41,45,100,209.0,20900.0
2020-03-05,2020030501011423,KKHC,11,7,10,59.0,590.0
2020-03-05,2020030501011137,KMCDB,45,17,10,870.0,8700.0
2020-03-05,2020030501011136,KMCDB,45,48,227,870.0,197490.0
2020-03-05,2020030501011135,KMCDB,45,7,11,870.0,9570.0
2020-03-05,2020030501011134,KMCDB,45,34,10,870.0,8700.0
2020-03-05,2020030501011133,KMCDB,45,53,10,870.0,8700.0
2020-03-05,2020030501011039,KMCDB,7,54,10,861.0,8610.0
2020-03-05,2020030501011256,KSBBL,43,45,257,171.0,43947.0
2020-03-05,2020030501011121,KSBBL,33,21,300,170.0,51000.0
2020-03-05,2020030501011421,LBBL,58,39,500,195.0,97500.0
2020-03-05,2020030501011182,LBL,51,7,500,227.0,113500.0
2020-03-05,2020030501011181,LBL,58,7,3000,227.0,681000.0
2020-03-05,2020030501011180,LBL,41,7,200,227.0,45400.0
2020-03-05,2020030501011179,LBL,51,7,300,227.0,68100.0
2020-03-05,2020030501011038,LBL,5,44,500,228.0,114000.0
2020-03-05,2020030501011037,LBL,59,44,1000,228.0,228000.0
2020-03-05,2020030501011432,LGIL,50,1,20,487.0,9740.0
2020-03-05,2020030501011259,LICN,14,14,10,1474.0,14740.0
2020-03-05,2020030501011342,MDB,58,26,257,450.0,115650.0
2020-03-05,2020030501011341,MDB,58,35,32,449.0,14368.0
2020-03-05,2020030501011189,MEGA,45,57,1000,228.0,228000.0
2020-03-05,2020030501011122,MEGA,32,45,1000,229.0,229000.0
2020-03-05,2020030501011099,MEGA,37,35,500,230.0,115000.0
2020-03-05,2020030501011301,MERO,38,57,500,629.0,314500.0
2020-03-05,2020030501011105,MERO,45,6,500,638.0,319000.0
2020-03-05,2020030501011104,MERO,45,41,101,635.0,64135.0
2020-03-05,2020030501011103,MERO,45,37,500,633.0,316500.0
2020-03-05,2020030501011076,MERO,46,32,43,626.0,26918.0
2020-03-05,2020030501011044,MERO,46,49,50,626.0,31300.0
2020-03-05,2020030501011043,MERO,34,49,100,627.0,62700.0
2020-03-05,2020030501011042,MERO,48,49,50,627.0,31350.0
2020-03-05,2020030501011041,MERO,38,49,300,628.0,188400.0
2020-03-05,2020030501011487,MFIL,7,38,391,319.0,124729.0
2020-03-05,2020030501011444,MFIL,38,43,1000,319.0,319000.0
2020-03-05,2020030501011443,MFIL,38,16,1755,319.0,559845.0
2020-03-05,2020030501011424,MFIL,14,16,500,319.0,159500.0
2020-03-05,2020030501011405,MFIL,55,16,745,319.0,237655.0
2020-03-05,2020030501011404,MFIL,55,8,500,319.0,159500.0
2020-03-05,2020030501011157,MFIL,7,32,480,316.0,151680.0
2020-03-05,2020030501011107,MFIL,7,40,50,316.0,15800.0
2020-03-05,2020030501011106,MFIL,6,17,100,318.0,31800.0
2020-03-05,2020030501011064,MFIL,7,17,500,316.0,158000.0
2020-03-05,2020030501011063,MFIL,4,17,500,317.0,158500.0
2020-03-05,2020030501011034,MFIL,4,57,400,318.0,127200.0
2020-03-05,2020030501011290,MFIL,14,43,720,319.0,229680.0
2020-03-05,2020030501011275,MFIL,38,43,347,319.0,110693.0
2020-03-05,2020030501011274,MFIL,38,49,1653,319.0,527307.0
2020-03-05,2020030501011207,MFIL,52,39,181,318.0,57558.0
2020-03-05,2020030501011184,MFIL,52,8,1000,318.0,318000.0
2020-03-05,2020030501011183,MFIL,52,39,108,318.0,34344.0
2020-03-05,2020030501011347,MFIL,38,43,1000,319.0,319000.0
2020-03-05,2020030501011327,MFIL,38,43,2000,319.0,638000.0
2020-03-05,2020030501011299,MFIL,38,43,1567,319.0,499873.0
2020-03-05,2020030501011298,MFIL,38,47,500,319.0,159500.0
2020-03-05,2020030501011297,MFIL,38,43,933,319.0,297627.0
2020-03-05,2020030501011294,MFIL,57,43,3000,319.0,957000.0
2020-03-05,2020030501011381,MFIL,19,43,2954,319.0,942326.0
2020-03-05,2020030501011380,MFIL,19,6,46,319.0,14674.0
2020-03-05,2020030501011356,MFIL,38,6,54,319.0,17226.0
2020-03-05,2020030501011355,MFIL,38,43,200,319.0,63800.0
2020-03-05,2020030501011354,MFIL,38,43,313,319.0,99847.0
2020-03-05,2020030501011353,MFIL,38,43,433,319.0,138127.0
2020-03-05,2020030501011397,MFIL,55,39,20,319.0,6380.0
2020-03-05,2020030501011396,MFIL,55,40,40,319.0,12760.0
2020-03-05,2020030501011395,MFIL,55,40,10,319.0,3190.0
2020-03-05,2020030501011394,MFIL,55,46,200,319.0,63800.0
2020-03-05,2020030501011393,MFIL,55,21,100,319.0,31900.0
2020-03-05,2020030501011392,MFIL,55,43,1046,319.0,333674.0
2020-03-05,2020030501011403,MFIL,55,26,128,319.0,40832.0
2020-03-05,2020030501011402,MFIL,55,37,500,319.0,159500.0
2020-03-05,2020030501011401,MFIL,55,16,100,319.0,31900.0
2020-03-05,2020030501011400,MFIL,55,52,1000,319.0,319000.0
2020-03-05,2020030501011399,MFIL,55,46,600,319.0,191400.0
2020-03-05,2020030501011398,MFIL,55,34,11,319.0,3509.0
2020-03-05,2020030501011390,MLBBL,33,48,500,763.0,381500.0
2020-03-05,2020030501011328,MLBBL,33,41,100,778.0,77800.0
2020-03-05,2020030501011223,MLBL,14,32,33,220.0,7260.0
2020-03-05,2020030501011457,MNBBL,58,49,1000,332.0,332000.0
2020-03-05,2020030501011456,MNBBL,25,49,300,332.0,99600.0
2020-03-05,2020030501011455,MNBBL,42,49,100,332.0,33200.0
2020-03-05,2020030501011454,MNBBL,57,49,100,332.0,33200.0
2020-03-05,2020030501011453,MNBBL,49,49,580,332.0,192560.0
2020-03-05,2020030501011205,MNBBL,50,49,30000,330.0,9900000.0
2020-03-05,2020030501011069,MNBBL,56,37,50,335.0,16750.0
2020-03-05,2020030501011271,NABIL,38,1,20,832.0,16640.0
2020-03-05,2020030501011270,NABIL,34,1,230,832.0,191360.0
2020-03-05,2020030501011269,NABIL,52,1,50,832.0,41600.0
2020-03-05,2020030501011518,NADEP,17,54,23,665.0,15295.0
2020-03-05,2020030501011210,NADEP,17,18,500,670.0,335000.0
2020-03-05,2020030501011203,NADEP,17,21,100,668.0,66800.0
2020-03-05,2020030501011202,NADEP,17,6,23,664.0,15272.0
2020-03-05,2020030501011036,NADEP,58,59,13,663.0,8619.0
2020-03-05,2020030501011464,NBB,58,1,1000,224.0,224000.0
2020-03-05,2020030501011441,NBB,58,7,1099,224.0,246176.0
2020-03-05,2020030501011440,NBB,56,7,101,224.0,22624.0
2020-03-05,2020030501011227,NBB,58,1,500,224.0,112000.0
2020-03-05,2020030501011217,NBB,34,32,81,223.0,18063.0
2020-03-05,2020030501011158,NBB,34,57,500,223.0,111500.0
2020-03-05,2020030501011098,NBB,51,1,1500,224.0,336000.0
2020-03-05,2020030501011499,NBL,32,16,300,284.0,85200.0
2020-03-05,2020030501011382,NBL,34,16,100,284.0,28400.0
2020-03-05,2020030501011296,NBL,13,34,700,284.0,198800.0
2020-03-05,2020030501011060,NBL,13,35,1000,284.0,284000.0
2020-03-05,2020030501011059,NBL,13,16,806,284.0,228904.0
2020-03-05,2020030501011504,NCCB,58,57,2000,201.0,402000.0
2020-03-05,2020030501011503,NCCB,58,6,1000,201.0,201000.0
2020-03-05,2020030501011502,NCCB,58,36,150,201.0,30150.0
2020-03-05,2020030501011501,NCCB,58,25,428,201.0,86028.0
2020-03-05,2020030501011500,NCCB,58,53,100,201.0,20100.0
2020-03-05,2020030501011255,NCCB,58,17,82,200.0,16400.0
2020-03-05,2020030501011169,NCCB,58,41,53,200.0,10600.0
2020-03-05,2020030501011168,NCCB,58,45,299,200.0,59800.0
2020-03-05,2020030501011167,NCCB,58,50,1832,200.0,366400.0
2020-03-05,2020030501011166,NCCB,58,33,1108,200.0,221600.0
2020-03-05,2020030501011089,NEF,35,28,834,8.4,7005.6
2020-03-05,2020030501011088,NEF,25,28,293,8.42,2467.06
2020-03-05,2020030501011241,NGPL,45,32,27,117.0,3159.0
2020-03-05,2020030501011209,NGPL,45,45,10,117.0,1170.0
2020-03-05,2020030501011495,NHPC,36,55,100,58.0,5800.0
2020-03-05,2020030501011470,NIB,26,44,20,417.0,8340.0
2020-03-05,2020030501011469,NIB,26,29,200,417.0,83400.0
2020-03-05,2020030501011468,NIB,26,25,102,417.0,42534.0
2020-03-05,2020030501011467,NIB,26,7,28,417.0,11676.0
2020-03-05,2020030501011292,NIB,52,32,44,415.0,18260.0
2020-03-05,2020030501011273,NIB,43,10,400,416.0,166400.0
2020-03-05,2020030501011272,NIB,43,13,211,416.0,87776.0
2020-03-05,2020030501011206,NIB,52,45,44,415.0,18260.0
2020-03-05,2020030501011132,NIB,52,36,11,415.0,4565.0
2020-03-05,2020030501011131,NIB,25,36,33,415.0,13695.0
2020-03-05,2020030501011465,NIBSF1,42,22,3000,10.32,30960.0
2020-03-05,2020030501011370,NIBSF1,42,22,200,10.32,2064.0
2020-03-05,2020030501011242,NICA,34,35,10,572.0,5720.0
2020-03-05,2020030501011187,NICA,34,36,300,572.0,171600.0
2020-03-05,2020030501011178,NICA,50,1,196,575.0,112700.0
2020-03-05,2020030501011177,NICA,50,58,166,575.0,95450.0
2020-03-05,2020030501011176,NICA,50,6,100,575.0,57500.0
2020-03-05,2020030501011175,NICA,50,41,90,575.0,51750.0
2020-03-05,2020030501011174,NICA,50,45,500,575.0,287500.0
2020-03-05,2020030501011173,NICA,50,28,327,575.0,188025.0
2020-03-05,2020030501011172,NICA,50,32,121,574.0,69454.0
2020-03-05,2020030501011140,NICA,34,36,100,572.0,57200.0
2020-03-05,2020030501011077,NICA,22,22,500,574.0,287000.0
2020-03-05,2020030501011072,NICA,34,29,1108,572.0,633776.0
2020-03-05,2020030501011459,NICL,33,49,75,458.0,34350.0
2020-03-05,2020030501011458,NICL,33,59,140,458.0,64120.0
2020-03-05,2020030501011033,NICL,36,37,600,457.0,274200.0
2020-03-05,2020030501011032,NICL,36,50,40,457.0,18280.0
2020-03-05,2020030501011329,NICL,4,45,100,456.0,45600.0
2020-03-05,2020030501011425,NIL,6,56,10,579.0,5790.0
2020-03-05,2020030501011204,NIL,6,46,50,579.0,28950.0
2020-03-05,2020030501011520,NLBBL,36,22,250,742.0,185500.0
2020-03-05,2020030501011519,NLBBL,36,14,10,742.0,7420.0
2020-03-05,2020030501011492,NLBBL,44,14,320,742.0,237440.0
2020-03-05,2020030501011383,NLBBL,44,16,180,740.0,133200.0
2020-03-05,2020030501011379,NLBBL,29,46,100,738.0,73800.0
2020-03-05,2020030501011376,NLIC,47,38,500,1245.0,622500.0
2020-03-05,2020030501011375,NLIC,47,7,22,1245.0,27390.0
2020-03-05,2020030501011374,NLIC,47,58,150,1245.0,186750.0
2020-03-05,2020030501011373,NLIC,47,35,150,1245.0,186750.0
2020-03-05,2020030501011372,NLIC,47,21,177,1244.0,220188.0
2020-03-05,2020030501011322,NLIC,6,50,310,1244.0,385640.0
2020-03-05,2020030501011085,NLIC,56,4,300,1242.0,372600.0
2020-03-05,2020030501011079,NLIC,44,4,100,1242.0,124200.0
2020-03-05,2020030501011268,NLIC,20,17,22,1241.0,27302.0
2020-03-05,2020030501011129,NLIC,29,56,20,1240.0,24800.0
2020-03-05,2020030501011126,NLIC,28,36,125,1244.0,155500.0
2020-03-05,2020030501011125,NLIC,28,44,600,1244.0,746400.0
2020-03-05,2020030501011124,NLIC,28,4,100,1242.0,124200.0
2020-03-05,2020030501011086,NLIC,56,4,300,1242.0,372600.0
2020-03-05,2020030501011462,NMB,41,58,50,460.0,23000.0
2020-03-05,2020030501011461,NMB,41,33,644,460.0,296240.0
2020-03-05,2020030501011406,NMB,25,33,50,460.0,23000.0
2020-03-05,2020030501011391,NMB,26,35,500,460.0,230000.0
2020-03-05,2020030501011371,NMB,28,33,306,460.0,140760.0
2020-03-05,2020030501011305,NMB,28,32,12,460.0,5520.0
2020-03-05,2020030501011093,NMB,28,49,10,460.0,4600.0
2020-03-05,2020030501011092,NMB,28,1,172,460.0,79120.0
2020-03-05,2020030501011087,NMB,13,57,165,459.0,75735.0
2020-03-05,2020030501011521,NMBMF,33,41,28,811.0,22708.0
2020-03-05,2020030501011331,NMBMF,22,32,91,810.0,73710.0
2020-03-05,2020030501011330,NMBMF,41,32,10,810.0,8100.0
2020-03-05,2020030501011387,NMFBS,33,42,15,1677.0,25155.0
2020-03-05,2020030501011386,NMFBS,33,46,15,1677.0,25155.0
2020-03-05,2020030501011094,NMFBS,41,14,15,1669.0,25035.0
2020-03-05,2020030501011075,NMFBS,41,58,20,1665.0,33300.0
2020-03-05,2020030501011074,NMFBS,41,26,13,1660.0,21580.0
2020-03-05,2020030501011058,NMFBS,41,58,15,1645.0,24675.0
2020-03-05,2020030501011057,NMFBS,41,6,15,1640.0,24600.0
2020-03-05,2020030501011527,NUBL,26,47,100,1018.0,101800.0
2020-03-05,2020030501011526,NUBL,26,17,20,1018.0,20360.0
2020-03-05,2020030501011334,NUBL,26,17,100,1018.0,101800.0
2020-03-05,2020030501011295,NUBL,1,45,180,1015.0,182700.0
2020-03-05,2020030501011083,NUBL,1,45,20,1015.0,20300.0
2020-03-05,2020030501011082,NUBL,1,44,100,1014.0,101400.0
2020-03-05,2020030501011081,NUBL,1,29,80,1010.0,80800.0
2020-03-05,2020030501011080,NUBL,1,35,100,1000.0,100000.0
2020-03-05,2020030501011321,PCBL,35,45,116,300.0,34800.0
2020-03-05,2020030501011320,PCBL,35,13,1000,300.0,300000.0
2020-03-05,2020030501011319,PCBL,35,6,116,300.0,34800.0
2020-03-05,2020030501011318,PCBL,35,45,500,300.0,150000.0
2020-03-05,2020030501011317,PCBL,35,26,500,300.0,150000.0
2020-03-05,2020030501011316,PCBL,35,32,580,300.0,174000.0
2020-03-05,2020030501011315,PCBL,35,34,1342,300.0,402600.0
2020-03-05,2020030501011314,PCBL,35,25,663,300.0,198900.0
2020-03-05,2020030501011300,PCBL,37,17,12,298.0,3576.0
2020-03-05,2020030501011369,PFL,45,32,26,162.0,4212.0
2020-03-05,2020030501011252,PFL,45,38,13,162.0,2106.0
2020-03-05,2020030501011152,PIC,54,37,50,596.0,29800.0
2020-03-05,2020030501011151,PIC,10,37,50,596.0,29800.0
2020-03-05,2020030501011312,PICL,45,41,10,469.0,4690.0
2020-03-05,2020030501011448,PLIC,22,32,32,590.0,18880.0
2020-03-05,2020030501011047,PLIC,55,49,70,591.0,41370.0
2020-03-05,2020030501011046,PLIC,55,35,297,591.0,175527.0
2020-03-05,2020030501011422,PPCL,17,17,10,118.0,1180.0
2020-03-05,2020030501011258,PPCL,17,17,10,118.0,1180.0
2020-03-05,2020030501011261,PRIN,53,42,300,445.0,133500.0
2020-03-05,2020030501011260,PRIN,36,42,56,445.0,24920.0
2020-03-05,2020030501011055,PRIN,36,35,306,445.0,136170.0
2020-03-05,2020030501011054,PRIN,36,50,100,445.0,44500.0
2020-03-05,2020030501011053,PRIN,36,35,138,444.0,61272.0
2020-03-05,2020030501011528,PRVU,51,6,50,256.0,12800.0
2020-03-05,2020030501011525,PRVU,38,6,50,256.0,12800.0
2020-03-05,2020030501011508,PRVU,34,10,43,255.0,10965.0
2020-03-05,2020030501011377,PRVU,59,6,200,256.0,51200.0
2020-03-05,2020030501011236,PRVU,34,34,4640,256.0,1187840.0
2020-03-05,2020030501011235,PRVU,34,34,800,256.0,204800.0
2020-03-05,2020030501011228,PRVU,34,33,1238,256.0,316928.0
2020-03-05,2020030501011049,PRVU,34,14,700,255.0,178500.0
2020-03-05,2020030501011234,PRVU,34,34,3500,256.0,896000.0
2020-03-05,2020030501011233,PRVU,34,49,503,256.0,128768.0
2020-03-05,2020030501011232,PRVU,34,45,500,256.0,128000.0
2020-03-05,2020030501011231,PRVU,34,19,800,256.0,204800.0
2020-03-05,2020030501011230,PRVU,34,36,375,256.0,96000.0
2020-03-05,2020030501011229,PRVU,34,35,617,256.0,157952.0
2020-03-05,2020030501011045,RADHI,38,46,12,169.0,2028.0
2020-03-05,2020030501011219,RBCLPO,38,33,95,8501.0,807595.0
2020-03-05,2020030501011485,RHPL,38,45,40,159.0,6360.0
2020-03-05,2020030501011463,RHPL,17,17,40,160.0,6400.0
2020-03-05,2020030501011289,RHPL,38,45,979,158.0,154682.0
2020-03-05,2020030501011288,RHPL,57,45,500,158.0,79000.0
2020-03-05,2020030501011287,RHPL,59,45,700,158.0,110600.0
2020-03-05,2020030501011286,RHPL,10,45,500,158.0,79000.0
2020-03-05,2020030501011215,RHPL,17,38,20,161.0,3220.0
2020-03-05,2020030501011208,RHPL,50,17,50,160.0,8000.0
2020-03-05,2020030501011186,RHPL,50,17,40,160.0,6400.0
2020-03-05,2020030501011163,RHPL,17,38,30,161.0,4830.0
2020-03-05,2020030501011162,RHPL,17,45,10,161.0,1610.0
2020-03-05,2020030501011090,RHPL,50,45,40,160.0,6400.0
2020-03-05,2020030501011279,RHPL,56,45,300,159.0,47700.0
2020-03-05,2020030501011278,RHPL,26,45,200,159.0,31800.0
2020-03-05,2020030501011277,RHPL,42,45,555,159.0,88245.0
2020-03-05,2020030501011276,RHPL,50,45,1650,160.0,264000.0
2020-03-05,2020030501011263,RHPL,50,28,10,160.0,1600.0
2020-03-05,2020030501011216,RHPL,17,57,30,161.0,4830.0
2020-03-05,2020030501011285,RHPL,47,45,100,158.0,15800.0
2020-03-05,2020030501011284,RHPL,49,45,1000,158.0,158000.0
2020-03-05,2020030501011283,RHPL,37,45,2000,158.0,316000.0
2020-03-05,2020030501011282,RHPL,41,45,200,158.0,31600.0
2020-03-05,2020030501011281,RHPL,28,45,500,159.0,79500.0
2020-03-05,2020030501011280,RHPL,19,45,1000,159.0,159000.0
2020-03-05,2020030501011531,RMDC,43,50,40,716.0,28640.0
2020-03-05,2020030501011512,RMDC,43,48,404,714.0,288456.0
2020-03-05,2020030501011511,RMDC,43,51,60,714.0,42840.0
2020-03-05,2020030501011510,RRHP,7,29,10,97.0,970.0
2020-03-05,2020030501011447,RSDC,58,22,92,490.0,45080.0
2020-03-05,2020030501011446,RSDC,58,4,490,489.0,239610.0
2020-03-05,2020030501011409,RSDC,17,41,10,488.0,4880.0
2020-03-05,2020030501011408,RSDC,17,42,90,488.0,43920.0
2020-03-05,2020030501011325,SABSL,17,17,10,773.0,7730.0
2020-03-05,2020030501011291,SABSL,36,45,11,785.0,8635.0
2020-03-05,2020030501011097,SABSL,36,42,22,785.0,17270.0
2020-03-05,2020030501011096,SABSL,36,51,55,785.0,43175.0
2020-03-05,2020030501011095,SABSL,36,13,11,780.0,8580.0
2020-03-05,2020030501011070,SABSL,17,17,10,775.0,7750.0
2020-03-05,2020030501011486,SADBL,39,44,1000,168.0,168000.0
2020-03-05,2020030501011117,SANIMA,38,28,300,365.0,109500.0
2020-03-05,2020030501011349,SCB,21,17,10,692.0,6920.0
2020-03-05,2020030501011240,SCB,42,56,10,690.0,6900.0
2020-03-05,2020030501011350,SHINE,51,17,87,301.0,26187.0
2020-03-05,2020030501011218,SHINE,51,45,130,301.0,39130.0
2020-03-05,2020030501011194,SHIVM,19,35,270,607.0,163890.0
2020-03-05,2020030501011193,SHIVM,19,51,80,607.0,48560.0
2020-03-05,2020030501011192,SHIVM,19,52,50,606.0,30300.0
2020-03-05,2020030501011191,SHIVM,19,52,50,606.0,30300.0
2020-03-05,2020030501011190,SHIVM,19,13,50,605.0,30250.0
2020-03-05,2020030501011078,SHIVM,36,49,500,605.0,302500.0
2020-03-05,2020030501011262,SHPC,49,36,1000,215.0,215000.0
2020-03-05,2020030501011530,SJCL,6,45,20,153.0,3060.0
2020-03-05,2020030501011493,SJCL,17,45,10,154.0,1540.0
2020-03-05,2020030501011479,SJCL,6,17,10,153.0,1530.0
2020-03-05,2020030501011359,SJCL,17,45,20,154.0,3080.0
2020-03-05,2020030501011336,SJCL,6,17,20,153.0,3060.0
2020-03-05,2020030501011139,SJCL,17,45,20,154.0,3080.0
2020-03-05,2020030501011123,SJCL,6,17,20,153.0,3060.0
2020-03-05,2020030501011056,SJCL,6,35,295,153.0,45135.0
2020-03-05,2020030501011445,SKBBL,5,39,100,1143.0,114300.0
2020-03-05,2020030501011385,SKBBL,5,58,100,1142.0,114200.0
2020-03-05,2020030501011156,SKBBL,53,39,10,1143.0,11430.0
2020-03-05,2020030501011155,SKBBL,53,46,20,1142.0,22840.0
2020-03-05,2020030501011154,SKBBL,53,28,50,1138.0,56900.0
2020-03-05,2020030501011153,SKBBL,53,13,100,1135.0,113500.0
2020-03-05,2020030501011506,SMATA,29,21,240,720.0,172800.0
2020-03-05,2020030501011505,SMATA,29,51,75,719.0,53925.0
2020-03-05,2020030501011362,SMATA,26,17,58,708.0,41064.0
2020-03-05,2020030501011337,SMATA,43,47,39,700.0,27300.0
2020-03-05,2020030501011212,SMB,32,55,30,915.0,27450.0
2020-03-05,2020030501011418,SMFBS,43,59,50,1000.0,50000.0
2020-03-05,2020030501011052,SMFBS,14,34,10,989.0,9890.0
2020-03-05,2020030501011051,SMFBS,14,39,10,989.0,9890.0
2020-03-05,2020030501011050,SMFBS,14,45,10,989.0,9890.0
2020-03-05,2020030501011507,SPARS,21,51,10,797.0,7970.0
2020-03-05,2020030501011489,SPARS,7,51,20,797.0,15940.0
2020-03-05,2020030501011488,SPARS,7,42,10,795.0,7950.0
2020-03-05,2020030501011351,SPARS,40,56,110,792.0,87120.0
2020-03-05,2020030501011226,SPARS,13,43,80,790.0,63200.0
2020-03-05,2020030501011225,SPARS,13,41,10,790.0,7900.0
2020-03-05,2020030501011224,SPARS,13,38,10,790.0,7900.0
2020-03-05,2020030501011254,SRBL,26,58,56,262.0,14672.0
2020-03-05,2020030501011253,SRBL,26,14,234,262.0,61308.0
2020-03-05,2020030501011091,SRBL,35,4,498,261.0,129978.0
2020-03-05,2020030501011497,UIC,19,53,10,376.0,3760.0
2020-03-05,2020030501011496,UIC,19,1,290,375.0,108750.0
2020-03-05,2020030501011439,UIC,19,53,540,376.0,203040.0
2020-03-05,2020030501011438,UIC,19,57,60,375.0,22500.0
2020-03-05,2020030501011326,UIC,43,41,50,373.0,18650.0
2020-03-05,2020030501011084,UMHL,34,7,14,107.0,1498.0
2020-03-05,2020030501011245,UPCL,21,5,100,77.0,7700.0
2020-03-05,2020030501011244,UPCL,57,5,260,77.0,20020.0
2020-03-05,2020030501011416,UPPER,22,45,230,234.0,53820.0
2020-03-05,2020030501011415,UPPER,17,45,50,235.0,11750.0
2020-03-05,2020030501011414,UPPER,1,45,20,235.0,4700.0
2020-03-05,2020030501011361,UPPER,38,38,293,236.0,69148.0
2020-03-05,2020030501011257,UPPER,1,56,40,235.0,9400.0
2020-03-05,2020030501011324,VLBS,36,49,10,1017.0,10170.0
2020-03-05,2020030501011323,VLBS,36,51,28,1004.0,28112.0
2020-03-05,2020030501017903,ADBL,17,29,50,407.0,20350.0
2020-03-05,2020030501017902,ADBL,17,14,99,407.0,40293.0
2020-03-05,2020030501017873,ADBL,17,35,96,407.0,39072.0
2020-03-05,2020030501017872,ADBL,44,35,15,408.0,6120.0
2020-03-05,2020030501017740,ADBL,14,48,100,408.0,40800.0
2020-03-05,2020030501017739,ADBL,6,48,20,408.0,8160.0
2020-03-05,2020030501017796,ADBL,17,4,534,407.0,217338.0
2020-03-05,2020030501017795,ADBL,14,4,426,407.0,173382.0
2020-03-05,2020030501017794,ADBL,47,4,40,408.0,16320.0
2020-03-05,2020030501017741,ADBL,14,48,74,407.0,30118.0
2020-03-05,2020030501017807,AKJCL,42,49,10,53.0,530.0
2020-03-05,2020030501017604,AKJCL,42,35,20,53.0,1060.0
2020-03-05,2020030501017662,AKPL,36,53,552,126.0,69552.0
2020-03-05,2020030501017804,ALBSL,14,57,10,708.0,7080.0
2020-03-05,2020030501017778,ALBSL,14,26,11,701.0,7711.0
2020-03-05,2020030501017764,ALBSL,14,21,11,700.0,7700.0
2020-03-05,2020030501017730,ALBSL,14,8,11,698.0,7678.0
2020-03-05,2020030501017753,ALICL,26,48,50,590.0,29500.0
2020-03-05,2020030501017752,ALICL,50,48,200,590.0,118000.0
2020-03-05,2020030501017653,ALICL,48,14,50,590.0,29500.0
2020-03-05,2020030501017610,ALICL,57,5,400,594.0,237600.0
2020-03-05,2020030501017870,API,37,36,908,130.0,118040.0
2020-03-05,2020030501017869,API,47,36,500,130.0,65000.0
2020-03-05,2020030501017868,API,38,36,200,130.0,26000.0
2020-03-05,2020030501017867,API,45,36,100,130.0,13000.0
2020-03-05,2020030501017866,API,58,36,232,130.0,30160.0
2020-03-05,2020030501017865,API,29,36,60,131.0,7860.0
2020-03-05,2020030501017934,BARUN,59,56,10,94.0,940.0
2020-03-05,2020030501017729,BPCL,19,5,75,362.0,27150.0
2020-03-05,2020030501017686,BPCL,34,5,25,362.0,9050.0
2020-03-05,2020030501017603,BPCL,32,5,100,363.0,36300.0
2020-03-05,2020030501017880,CBL,32,14,72,149.0,10728.0
2020-03-05,2020030501017850,CBL,32,51,749,149.0,111601.0
2020-03-05,2020030501017820,CBL,38,51,600,149.0,89400.0
2020-03-05,2020030501017819,CBL,38,1,50,149.0,7450.0
2020-03-05,2020030501017708,CBL,35,1,1000,149.0,149000.0
2020-03-05,2020030501017643,CBLPO,33,44,55354,100.0,5535400.0
2020-03-05,2020030501017987,CCBL,38,16,10,186.0,1860.0
2020-03-05,2020030501017892,CCBL,38,14,95,186.0,17670.0
2020-03-05,2020030501017827,CCBL,13,50,1000,187.0,187000.0
2020-03-05,2020030501017590,CCBL,38,42,100,186.0,18600.0
2020-03-05,2020030501018014,CFCL,43,28,10,145.0,1450.0
2020-03-05,2020030501017608,CHCL,16,14,80,411.0,32880.0
2020-03-05,2020030501017596,CHCL,13,14,500,411.0,205500.0
2020-03-05,2020030501017595,CHCL,26,14,500,411.0,205500.0
2020-03-05,2020030501017594,CHCL,13,14,1000,413.0,413000.0
2020-03-05,2020030501017593,CHCL,51,14,100,413.0,41300.0
2020-03-05,2020030501017592,CHCL,41,14,1020,414.0,422280.0
2020-03-05,2020030501017591,CHCL,13,14,100,414.0,41400.0
2020-03-05,2020030501017890,CIT,45,45,10,2735.0,27350.0
2020-03-05,2020030501017749,CIT,52,45,80,2735.0,218800.0
2020-03-05,2020030501017748,CIT,52,57,20,2732.0,54640.0
2020-03-05,2020030501018008,CZBIL,29,53,101,204.0,20604.0
2020-03-05,2020030501018007,CZBIL,44,53,100,205.0,20500.0
2020-03-05,2020030501018006,CZBIL,50,53,200,205.0,41000.0
2020-03-05,2020030501018005,CZBIL,51,53,120,205.0,24600.0
2020-03-05,2020030501017542,CZBIL,51,11,10,205.0,2050.0
2020-03-05,2020030501017585,DDBL,38,48,86,895.0,76970.0
2020-03-05,2020030501017970,DHPL,42,17,500,52.0,26000.0
2020-03-05,2020030501017836,EBL,40,50,24,755.0,18120.0
2020-03-05,2020030501017835,EBL,40,45,26,754.0,19604.0
2020-03-05,2020030501017642,EDBL,42,56,150,400.0,60000.0
2020-03-05,2020030501017941,EIC,40,19,110,407.0,44770.0
2020-03-05,2020030501017914,EIC,56,40,540,409.0,220860.0
2020-03-05,2020030501017789,EIC,1,40,1660,408.0,677280.0
2020-03-05,2020030501017780,EIC,50,48,500,410.0,205000.0
2020-03-05,2020030501017779,EIC,40,48,200,410.0,82000.0
2020-03-05,2020030501018017,FMDBL,49,42,200,520.0,104000.0
2020-03-05,2020030501017818,FMDBL,41,48,50,526.0,26300.0
2020-03-05,2020030501017636,FMDBL,52,42,40,532.0,21280.0
2020-03-05,2020030501017635,FMDBL,52,18,500,530.0,265000.0
2020-03-05,2020030501017634,FMDBL,52,39,50,530.0,26500.0
2020-03-05,2020030501017565,FMDBL,38,13,544,528.0,287232.0
2020-03-05,2020030501017977,FOWAD,43,47,400,1540.0,616000.0
2020-03-05,2020030501017976,FOWAD,43,49,30,1540.0,46200.0
2020-03-05,2020030501017975,FOWAD,43,19,100,1539.0,153900.0
2020-03-05,2020030501017974,FOWAD,43,58,50,1538.0,76900.0
2020-03-05,2020030501017860,FOWAD,53,36,50,1537.0,76850.0
2020-03-05,2020030501017685,FOWAD,58,33,100,1526.0,152600.0
2020-03-05,2020030501017646,FOWAD,13,26,19,1530.0,29070.0
2020-03-05,2020030501017534,FOWAD,45,14,25,1548.0,38700.0
2020-03-05,2020030501018031,GBBL,58,17,1500,246.0,369000.0
2020-03-05,2020030501018016,GBBL,58,35,107,244.0,26108.0
2020-03-05,2020030501017955,GBBL,58,58,255,246.0,62730.0
2020-03-05,2020030501017954,GBBL,58,17,2500,246.0,615000.0
2020-03-05,2020030501017933,GBBL,58,17,2500,245.0,612500.0
2020-03-05,2020030501017570,GBBL,44,1,50,244.0,12200.0
2020-03-05,2020030501017569,GBBL,44,1,100,244.0,24400.0
2020-03-05,2020030501018028,GBIME,14,53,62,288.0,17856.0
2020-03-05,2020030501017991,GBIME,14,33,200,288.0,57600.0
2020-03-05,2020030501017921,GBIME,14,35,26,288.0,7488.0
2020-03-05,2020030501017897,GBIME,14,45,142,288.0,40896.0
2020-03-05,2020030501017896,GBIME,28,45,198,288.0,57024.0
2020-03-05,2020030501017888,GBIME,28,29,100,288.0,28800.0
2020-03-05,2020030501017793,GBIME,5,51,374,289.0,108086.0
2020-03-05,2020030501017792,GBIME,5,37,126,289.0,36414.0
2020-03-05,2020030501017755,GBIME,34,37,74,289.0,21386.0
2020-03-05,2020030501017754,GBIME,34,42,26,289.0,7514.0
2020-03-05,2020030501017716,GBIME,28,47,102,288.0,29376.0
2020-03-05,2020030501017981,GBLBS,36,33,485,519.0,251715.0
2020-03-05,2020030501017939,GBLBS,45,33,400,520.0,208000.0
2020-03-05,2020030501017938,GBLBS,45,25,600,519.0,311400.0
2020-03-05,2020030501017911,GBLBS,36,41,15,519.0,7785.0
2020-03-05,2020030501017806,GBLBS,16,33,405,516.0,208980.0
2020-03-05,2020030501017805,GBLBS,16,36,20,515.0,10300.0
2020-03-05,2020030501017674,GBLBS,40,1,500,513.0,256500.0
2020-03-05,2020030501017624,GBLBS,58,56,15,510.0,7650.0
2020-03-05,2020030501017623,GBLBS,58,19,100,510.0,51000.0
2020-03-05,2020030501017622,GBLBS,58,34,200,510.0,102000.0
2020-03-05,2020030501017544,GBLBS,22,34,100,510.0,51000.0
2020-03-05,2020030501017697,GILB,36,8,28,1342.0,37576.0
2020-03-05,2020030501017626,GILB,19,8,13,1342.0,17446.0
2020-03-05,2020030501017538,GILB,19,19,17,1342.0,22814.0
2020-03-05,2020030501017537,GILB,14,19,29,1343.0,38947.0
2020-03-05,2020030501017962,GLBSL,48,26,10,650.0,6500.0
2020-03-05,2020030501017964,GLICL,40,11,30,499.0,14970.0
2020-03-05,2020030501017963,GLICL,40,1,50,499.0,24950.0
2020-03-05,2020030501017884,GLICL,40,28,20,495.0,9900.0
2020-03-05,2020030501017883,GLICL,44,28,35,495.0,17325.0
2020-03-05,2020030501017800,GLICL,14,28,20,495.0,9900.0
2020-03-05,2020030501017736,GLICL,37,28,200,495.0,99000.0
2020-03-05,2020030501017723,GLICL,22,28,25,495.0,12375.0
2020-03-05,2020030501017722,GLICL,22,1,75,495.0,37125.0
2020-03-05,2020030501017578,GLICL,45,38,15,493.0,7395.0
2020-03-05,2020030501017968,GMFBS,14,28,50,846.0,42300.0
2020-03-05,2020030501017967,GMFBS,14,25,100,846.0,84600.0
2020-03-05,2020030501017684,GMFBS,38,28,20,846.0,16920.0
2020-03-05,2020030501017683,GMFBS,38,57,10,845.0,8450.0
2020-03-05,2020030501017682,GMFBS,38,45,10,830.0,8300.0
2020-03-05,2020030501017681,GMFBS,38,21,10,825.0,8250.0
2020-03-05,2020030501017680,GMFBS,38,36,10,814.0,8140.0
2020-03-05,2020030501017679,GMFBS,38,47,10,814.0,8140.0
2020-03-05,2020030501017678,GMFBS,38,43,10,814.0,8140.0
2020-03-05,2020030501017597,GUFL,43,28,1000,131.0,131000.0
2020-03-05,2020030501017935,HBL,7,18,10,613.0,6130.0
2020-03-05,2020030501017773,HBL,6,18,52,608.0,31616.0
2020-03-05,2020030501017772,HBL,48,18,148,608.0,89984.0
2020-03-05,2020030501017726,HBL,48,26,102,608.0,62016.0
2020-03-05,2020030501017725,HBL,51,26,50,610.0,30500.0
2020-03-05,2020030501017724,HBL,4,26,248,610.0,151280.0
2020-03-05,2020030501017549,HDHPC,58,41,10,107.0,1070.0
2020-03-05,2020030501017825,HDL,14,55,50,1631.0,81550.0
2020-03-05,2020030501017657,HDL,48,46,10,1640.0,16400.0
2020-03-05,2020030501017656,HDL,48,45,50,1640.0,82000.0
2020-03-05,2020030501017655,HDL,48,7,50,1640.0,82000.0
2020-03-05,2020030501017654,HDL,48,4,90,1639.0,147510.0
2020-03-05,2020030501017536,HIDCL,38,47,31,137.0,4247.0
2020-03-05,2020030501017821,HPPL,13,44,10,145.0,1450.0
2020-03-05,2020030501017751,HPPL,13,44,10,145.0,1450.0
2020-03-05,2020030501017710,HPPL,13,42,10,145.0,1450.0
2020-03-05,2020030501017600,HPPL,50,44,10,144.0,1440.0
2020-03-05,2020030501018019,HURJA,45,59,20,103.0,2060.0
2020-03-05,2020030501018018,HURJA,45,42,20,103.0,2060.0
2020-03-05,2020030501017953,ICFC,14,1,121,190.0,22990.0
2020-03-05,2020030501017952,ICFC,36,1,100,190.0,19000.0
2020-03-05,2020030501017951,ICFC,50,1,20,190.0,3800.0
2020-03-05,2020030501017950,ICFC,21,1,89,190.0,16910.0
2020-03-05,2020030501017919,ILBS,55,26,10,757.0,7570.0
2020-03-05,2020030501017917,ILBS,55,19,55,772.0,42460.0
2020-03-05,2020030501017882,ILBS,55,26,10,757.0,7570.0
2020-03-05,2020030501017824,ILBS,55,21,10,762.0,7620.0
2020-03-05,2020030501017640,ILBS,57,21,10,762.0,7620.0
2020-03-05,2020030501017639,ILBS,57,21,10,762.0,7620.0
2020-03-05,2020030501017638,ILBS,57,21,10,762.0,7620.0
2020-03-05,2020030501017637,ILBS,57,21,10,762.0,7620.0
2020-03-05,2020030501017625,ILBS,14,45,10,755.0,7550.0
2020-03-05,2020030501017614,ILBS,14,36,10,755.0,7550.0
2020-03-05,2020030501017845,JBBL,49,41,401,192.0,76992.0
2020-03-05,2020030501017844,JBBL,49,47,500,192.0,96000.0
2020-03-05,2020030501017843,JBBL,49,17,16,192.0,3072.0
2020-03-05,2020030501018000,JFL,28,46,118,177.0,20886.0
2020-03-05,2020030501017671,JOSHI,16,35,20,60.0,1200.0
2020-03-05,2020030501017781,KBL,14,33,11,211.0,2321.0
2020-03-05,2020030501017999,KMCDB,26,37,10,900.0,9000.0
2020-03-05,2020030501017913,KMCDB,26,14,10,900.0,9000.0
2020-03-05,2020030501017628,KMCDB,58,26,21,899.0,18879.0
2020-03-05,2020030501017728,KMCDB,17,45,10,900.0,9000.0
2020-03-05,2020030501017727,KMCDB,17,47,10,900.0,9000.0
2020-03-05,2020030501017702,KMCDB,58,26,20,899.0,17980.0
2020-03-05,2020030501017692,KMCDB,58,26,20,899.0,17980.0
2020-03-05,2020030501017813,KMCDB,26,57,261,900.0,234900.0
2020-03-05,2020030501017763,KMCDB,58,26,10,899.0,8990.0
2020-03-05,2020030501017556,KPCL,25,19,10,108.0,1080.0
2020-03-05,2020030501017562,KPCL,25,40,10,108.0,1080.0
2020-03-05,2020030501017561,KPCL,25,18,10,108.0,1080.0
2020-03-05,2020030501017560,KPCL,25,44,10,108.0,1080.0
2020-03-05,2020030501017559,KPCL,25,36,10,108.0,1080.0
2020-03-05,2020030501017558,KPCL,25,36,10,108.0,1080.0
2020-03-05,2020030501017557,KPCL,25,36,10,108.0,1080.0
2020-03-05,2020030501017564,KPCL,25,40,10,108.0,1080.0
2020-03-05,2020030501017563,KPCL,25,40,10,108.0,1080.0
2020-03-05,2020030501018023,KRBL,41,39,1463,112.0,163856.0
2020-03-05,2020030501018022,KRBL,41,33,10,112.0,1120.0
2020-03-05,2020030501018021,KRBL,41,42,60,112.0,6720.0
2020-03-05,2020030501018013,KRBL,41,42,60,111.0,6660.0
2020-03-05,2020030501017990,KRBL,16,35,26,109.0,2834.0
2020-03-05,2020030501017989,KRBL,1,35,100,109.0,10900.0
2020-03-05,2020030501017606,KSBBL,41,38,35,169.0,5915.0
2020-03-05,2020030501017605,KSBBL,41,21,141,169.0,23829.0
2020-03-05,2020030501017982,LBBL,48,4,100,198.0,19800.0
2020-03-05,2020030501017944,LBL,44,58,250,231.0,57750.0
2020-03-05,2020030501017891,LBL,14,35,16,230.0,3680.0
2020-03-05,2020030501017693,LGIL,58,48,50,500.0,25000.0
2020-03-05,2020030501017665,LGIL,53,59,170,495.0,84150.0
2020-03-05,2020030501017863,LICN,1,44,20,1490.0,29800.0
2020-03-05,2020030501017747,LICN,36,44,100,1490.0,149000.0
2020-03-05,2020030501017746,LICN,36,44,269,1490.0,400810.0
2020-03-05,2020030501017745,LICN,36,44,134,1490.0,199660.0
2020-03-05,2020030501017744,LICN,36,44,134,1490.0,199660.0
2020-03-05,2020030501017743,LICN,36,44,19,1490.0,28310.0
2020-03-05,2020030501017742,LICN,14,16,30,1481.0,44430.0
2020-03-05,2020030501017568,LICN,39,44,100,1490.0,149000.0
2020-03-05,2020030501017814,MBL,44,14,15,249.0,3735.0
2020-03-05,2020030501017802,MBL,35,49,225,248.0,55800.0
2020-03-05,2020030501017801,MBL,35,49,275,248.0,68200.0
2020-03-05,2020030501017750,MBL,35,10,100,248.0,24800.0
2020-03-05,2020030501017675,MBL,32,14,100,249.0,24900.0
2020-03-05,2020030501017703,MDB,17,49,13,452.0,5876.0
2020-03-05,2020030501017695,MDB,17,40,10,450.0,4500.0
2020-03-05,2020030501017949,MEGA,42,10,200,232.0,46400.0
2020-03-05,2020030501017876,MEGA,49,29,1000,231.0,231000.0
2020-03-05,2020030501017875,MEGA,49,57,230,231.0,53130.0
2020-03-05,2020030501017540,MEGA,55,48,37,232.0,8584.0
2020-03-05,2020030501017539,MEGA,55,45,63,232.0,14616.0
2020-03-05,2020030501017784,MEGA,1,57,200,231.0,46200.0
2020-03-05,2020030501017783,MEGA,53,57,70,231.0,16170.0
2020-03-05,2020030501017769,MEGA,38,38,2,232.0,464.0
2020-03-05,2020030501017756,MEGA,53,21,30,231.0,6930.0
2020-03-05,2020030501017851,MERO,52,52,237,670.0,158790.0
2020-03-05,2020030501017673,MERO,22,45,43,666.0,28638.0
2020-03-05,2020030501017837,MFIL,4,8,250,319.0,79750.0
2020-03-05,2020030501018010,MLBL,49,35,44,221.0,9724.0
2020-03-05,2020030501017815,MLBL,49,52,29,221.0,6409.0
2020-03-05,2020030501017576,MLBL,38,58,235,224.0,52640.0
2020-03-05,2020030501017551,MLBL,38,58,20,224.0,4480.0
2020-03-05,2020030501017550,MLBL,38,14,214,224.0,47936.0
2020-03-05,2020030501017541,MLBL,38,14,223,224.0,49952.0
2020-03-05,2020030501017589,MLBL,38,58,236,224.0,52864.0
2020-03-05,2020030501017886,MNBBL,59,51,170,338.0,57460.0
2020-03-05,2020030501017885,MNBBL,59,45,330,338.0,111540.0
2020-03-05,2020030501017826,MNBBL,21,45,20,338.0,6760.0
2020-03-05,2020030501017760,MNBBL,55,45,50,338.0,16900.0
2020-03-05,2020030501017689,MNBBL,58,45,150,338.0,50700.0
2020-03-05,2020030501017840,MPFL,32,29,481,128.0,61568.0
2020-03-05,2020030501017555,MPFL,32,47,16,127.0,2032.0
2020-03-05,2020030501017759,MSMBS,17,32,300,800.0,240000.0
2020-03-05,2020030501017758,MSMBS,17,35,74,800.0,59200.0
2020-03-05,2020030501018002,NABIL,7,58,170,845.0,143650.0
2020-03-05,2020030501018001,NABIL,16,58,10,845.0,8450.0
2020-03-05,2020030501017803,NABIL,7,41,20,846.0,16920.0
2020-03-05,2020030501017688,NABIL,7,32,12,845.0,10140.0
2020-03-05,2020030501017546,NABIL,34,28,18,840.0,15120.0
2020-03-05,2020030501017929,NADEP,34,26,23,697.0,16031.0
2020-03-05,2020030501017847,NBB,56,48,300,225.0,67500.0
2020-03-05,2020030501017846,NBB,44,48,100,225.0,22500.0
2020-03-05,2020030501017830,NBB,49,48,200,225.0,45000.0
2020-03-05,2020030501017829,NBB,13,48,1000,225.0,225000.0
2020-03-05,2020030501018009,NBL,42,58,33,285.0,9405.0
2020-03-05,2020030501017984,NBL,38,58,17,285.0,4845.0
2020-03-05,2020030501017983,NBL,38,20,33,285.0,9405.0
2020-03-05,2020030501017973,NBL,35,20,50,285.0,14250.0
2020-03-05,2020030501017972,NBL,14,20,500,285.0,142500.0
2020-03-05,2020030501017971,NBL,37,20,190,285.0,54150.0
2020-03-05,2020030501017995,NCCB,11,58,99,201.0,19899.0
2020-03-05,2020030501017918,NCCB,42,51,100,202.0,20200.0
2020-03-05,2020030501017862,NCCB,11,25,870,201.0,174870.0
2020-03-05,2020030501017861,NCCB,58,25,136,201.0,27336.0
2020-03-05,2020030501017828,NCCB,44,25,100,202.0,20200.0
2020-03-05,2020030501017698,NCCB,58,47,32,201.0,6432.0
2020-03-05,2020030501017916,NGPL,1,21,90,118.0,10620.0
2020-03-05,2020030501017707,NHPC,6,33,500,59.0,29500.0
2020-03-05,2020030501017706,NHPC,36,33,1000,59.0,59000.0
2020-03-05,2020030501017705,NHPC,59,33,3000,59.0,177000.0
2020-03-05,2020030501018030,NIB,52,17,36,421.0,15156.0
2020-03-05,2020030501018029,NIB,52,51,88,420.0,36960.0
2020-03-05,2020030501017998,NIB,52,51,12,420.0,5040.0
2020-03-05,2020030501017997,NIB,52,41,88,420.0,36960.0
2020-03-05,2020030501017732,NIB,38,41,13,420.0,5460.0
2020-03-05,2020030501017731,NIB,33,41,49,420.0,20580.0
2020-03-05,2020030501017719,NIB,33,45,51,420.0,21420.0
2020-03-05,2020030501017587,NIB,59,17,200,421.0,84200.0
2020-03-05,2020030501017735,NIBPO,58,50,30,360.0,10800.0
2020-03-05,2020030501017572,NIBPO,58,50,1229,360.0,442440.0
2020-03-05,2020030501017571,NIBPO,58,4,500,359.0,179500.0
2020-03-05,2020030501017940,NICA,34,58,200,577.0,115400.0
2020-03-05,2020030501017842,NICA,38,38,4,588.0,2352.0
2020-03-05,2020030501017841,NICA,7,38,110,579.0,63690.0
2020-03-05,2020030501017822,NICA,34,21,290,577.0,167330.0
2020-03-05,2020030501017627,NICGF,43,21,500,9.6,4800.0
2020-03-05,2020030501017855,NICL,43,33,1000,462.0,462000.0
2020-03-05,2020030501017854,NICL,7,33,100,462.0,46200.0
2020-03-05,2020030501017548,NICL,5,55,181,466.0,84346.0
2020-03-05,2020030501017547,NICL,5,21,40,466.0,18640.0
2020-03-05,2020030501017907,NIL,38,48,604,600.0,362400.0
2020-03-05,2020030501017894,NIL,43,5,367,596.0,218732.0
2020-03-05,2020030501017737,NIL,43,39,100,602.0,60200.0
2020-03-05,2020030501017645,NIL,43,16,40,600.0,24000.0
2020-03-05,2020030501017644,NIL,43,55,10,600.0,6000.0
2020-03-05,2020030501017577,NIL,7,39,224,599.0,134176.0
2020-03-05,2020030501017928,NLBBL,22,36,100,770.0,77000.0
2020-03-05,2020030501017979,NLG,38,26,20,636.0,12720.0
2020-03-05,2020030501017978,NLG,11,26,35,636.0,22260.0
2020-03-05,2020030501017961,NLG,6,38,20,640.0,12800.0
2020-03-05,2020030501017677,NLG,52,35,10,651.0,6510.0
2020-03-05,2020030501018020,NLIC,34,22,86,1256.0,108016.0
2020-03-05,2020030501017887,NLIC,34,49,20,1260.0,25200.0
2020-03-05,2020030501017879,NLIC,19,49,528,1260.0,665280.0
2020-03-05,2020030501017859,NLIC,26,49,200,1260.0,252000.0
2020-03-05,2020030501017817,NLIC,19,49,1400,1260.0,1764000.0
2020-03-05,2020030501017816,NLIC,19,28,100,1258.0,125800.0
2020-03-05,2020030501017567,NLIC,14,19,22,1254.0,27588.0
2020-03-05,2020030501017543,NLIC,45,13,50,1260.0,63000.0
2020-03-05,2020030501017631,NLIC,57,6,76,1255.0,95380.0
2020-03-05,2020030501017607,NLIC,57,34,24,1255.0,30120.0
2020-03-05,2020030501017583,NLIC,5,49,197,1260.0,248220.0
2020-03-05,2020030501017582,NLIC,5,28,81,1260.0,102060.0
2020-03-05,2020030501017581,NLIC,5,13,110,1260.0,138600.0
2020-03-05,2020030501017580,NLIC,5,41,437,1260.0,550620.0
2020-03-05,2020030501017734,NLIC,1,41,20,1255.0,25100.0
2020-03-05,2020030501017733,NLIC,1,50,76,1255.0,95380.0
2020-03-05,2020030501017701,NLIC,52,50,24,1255.0,30120.0
2020-03-05,2020030501017700,NLIC,52,34,276,1255.0,346380.0
2020-03-05,2020030501017694,NLIC,19,45,22,1254.0,27588.0
2020-03-05,2020030501017632,NLIC,56,6,200,1255.0,251000.0
2020-03-05,2020030501017942,NLICL,52,16,50,713.0,35650.0
2020-03-05,2020030501017718,NLICL,37,21,201,722.0,145122.0
2020-03-05,2020030501017969,NMB,16,1,100,463.0,46300.0
2020-03-05,2020030501017960,NMB,34,35,18,462.0,8316.0
2020-03-05,2020030501017932,NMB,44,1,13,463.0,6019.0
2020-03-05,2020030501017931,NMB,44,51,187,463.0,86581.0
2020-03-05,2020030501017920,NMB,34,51,313,463.0,144919.0
2020-03-05,2020030501017874,NMB,34,38,36,463.0,16668.0
2020-03-05,2020030501017774,NMB,34,14,81,464.0,37584.0
2020-03-05,2020030501017602,NMB,57,38,164,465.0,76260.0
2020-03-05,2020030501017601,NMB,57,6,136,465.0,63240.0
2020-03-05,2020030501017598,NMB,35,6,50,465.0,23250.0
2020-03-05,2020030501017856,NMB,42,38,300,464.0,139200.0
2020-03-05,2020030501017848,NMB,34,21,253,463.0,117139.0
2020-03-05,2020030501017790,NMB,34,14,1471,463.0,681073.0
2020-03-05,2020030501017777,NMB,34,14,2848,463.0,1318624.0
2020-03-05,2020030501017776,NMB,53,14,400,463.0,185200.0
2020-03-05,2020030501017775,NMB,41,14,200,463.0,92600.0
2020-03-05,2020030501018024,NMBMF,45,58,50,855.0,42750.0
2020-03-05,2020030501017966,NSEWA,43,10,10,754.0,7540.0
2020-03-05,2020030501017965,NSEWA,43,29,10,742.0,7420.0
2020-03-05,2020030501017958,NSEWA,43,35,10,740.0,7400.0
2020-03-05,2020030501017943,NSEWA,43,26,10,726.0,7260.0
2020-03-05,2020030501017545,NTC,34,8,10,660.0,6600.0
2020-03-05,2020030501017612,NUBL,45,26,70,1001.0,70070.0
2020-03-05,2020030501017611,NUBL,38,26,10,1005.0,10050.0
2020-03-05,2020030501018027,PCBL,6,48,41,306.0,12546.0
2020-03-05,2020030501018026,PCBL,6,6,50,306.0,15300.0
2020-03-05,2020030501018025,PCBL,6,48,246,305.0,75030.0
2020-03-05,2020030501017923,PCBL,5,48,10,305.0,3050.0
2020-03-05,2020030501017651,PCBL,49,55,300,305.0,91500.0
2020-03-05,2020030501017650,PCBL,49,51,200,305.0,61000.0
2020-03-05,2020030501017649,PCBL,49,41,100,305.0,30500.0
2020-03-05,2020030501017648,PCBL,49,53,100,304.0,30400.0
2020-03-05,2020030501017647,PCBL,49,13,466,304.0,141664.0
2020-03-05,2020030501017663,PFL,43,38,13,162.0,2106.0
2020-03-05,2020030501017988,PIC,41,26,20,610.0,12200.0
2020-03-05,2020030501017948,PIC,41,26,20,610.0,12200.0
2020-03-05,2020030501017878,PIC,41,14,20,610.0,12200.0
2020-03-05,2020030501017696,PIC,41,36,20,610.0,12200.0
2020-03-05,2020030501017687,PIC,41,32,10,610.0,6100.0
2020-03-05,2020030501017533,PIC,34,5,500,615.0,307500.0
2020-03-05,2020030501017927,PICL,22,22,428,470.0,201160.0
2020-03-05,2020030501017926,PICL,22,22,700,470.0,329000.0
2020-03-05,2020030501017925,PICL,58,22,100,475.0,47500.0
2020-03-05,2020030501017924,PICL,34,22,100,478.0,47800.0
2020-03-05,2020030501017877,PICL,40,16,50,479.0,23950.0
2020-03-05,2020030501017834,PICL,48,22,50,478.0,23900.0
2020-03-05,2020030501017833,PICL,59,22,100,478.0,47800.0
2020-03-05,2020030501017832,PICL,34,22,70,478.0,33460.0
2020-03-05,2020030501017831,PICL,56,22,50,480.0,24000.0
2020-03-05,2020030501017957,PLIC,28,48,56,594.0,33264.0
2020-03-05,2020030501017956,PLIC,32,48,40,595.0,23800.0
2020-03-05,2020030501017909,PLIC,32,35,144,595.0,85680.0
2020-03-05,2020030501017823,PLIC,46,39,300,600.0,180000.0
2020-03-05,2020030501017812,PLIC,32,57,316,595.0,188020.0
2020-03-05,2020030501017787,PLIC,46,39,200,600.0,120000.0
2020-03-05,2020030501017786,PLIC,55,39,183,600.0,109800.0
2020-03-05,2020030501017908,PMHPL,38,36,10,84.0,840.0
2020-03-05,2020030501017699,PMHPL,25,35,10,84.0,840.0
2020-03-05,2020030501017690,PMHPL,25,36,10,84.0,840.0
2020-03-05,2020030501017613,PMHPL,25,44,10,84.0,840.0
2020-03-05,2020030501017715,PRIN,17,37,143,455.0,65065.0
2020-03-05,2020030501017714,PRIN,17,57,30,455.0,13650.0
2020-03-05,2020030501017945,PRVU,34,35,43,254.0,10922.0
2020-03-05,2020030501017906,PRVU,34,4,141,254.0,35814.0
2020-03-05,2020030501017905,PRVU,46,4,19,254.0,4826.0
2020-03-05,2020030501017895,PRVU,38,38,1,255.0,255.0
2020-03-05,2020030501017893,PRVU,46,29,100,254.0,25400.0
2020-03-05,2020030501017858,PRVU,59,4,300,255.0,76500.0
2020-03-05,2020030501017849,PRVU,45,4,10,255.0,2550.0
2020-03-05,2020030501017799,PRVU,1,4,150,255.0,38250.0
2020-03-05,2020030501017599,PRVU,4,4,200,255.0,51000.0
2020-03-05,2020030501017666,RHPC,52,41,40,88.0,3520.0
2020-03-05,2020030501017936,RHPL,50,36,30,159.0,4770.0
2020-03-05,2020030501017857,RHPL,50,44,30,159.0,4770.0
2020-03-05,2020030501017811,RHPL,34,14,200,161.0,32200.0
2020-03-05,2020030501017810,RHPL,34,42,40,160.0,6400.0
2020-03-05,2020030501017809,RHPL,34,56,30,160.0,4800.0
2020-03-05,2020030501017765,RHPL,50,44,30,159.0,4770.0
2020-03-05,2020030501017704,RHPL,50,35,20,159.0,3180.0
2020-03-05,2020030501017629,RHPL,50,44,30,159.0,4770.0
2020-03-05,2020030501017579,RHPL,52,56,70,160.0,11200.0
2020-03-05,2020030501017915,RMDC,43,29,10,715.0,7150.0
2020-03-05,2020030501017575,RMDC,49,52,10,708.0,7080.0
2020-03-05,2020030501017574,RMDC,49,59,101,708.0,71508.0
2020-03-05,2020030501017717,RRHP,48,44,10,98.0,980.0
2020-03-05,2020030501017771,RSDC,34,41,55,525.0,28875.0
2020-03-05,2020030501017770,RSDC,34,34,63,525.0,33075.0
2020-03-05,2020030501017994,SABSL,58,26,11,801.0,8811.0
2020-03-05,2020030501017980,SABSL,58,16,200,815.0,163000.0
2020-03-05,2020030501017947,SABSL,16,37,11,800.0,8800.0
2020-03-05,2020030501017901,SABSL,16,26,11,804.0,8844.0
2020-03-05,2020030501017853,SABSL,34,19,10,820.0,8200.0
2020-03-05,2020030501017808,SABSL,26,19,55,815.0,44825.0
2020-03-05,2020030501017798,SABSL,26,26,11,815.0,8965.0
2020-03-05,2020030501017721,SABSL,52,36,10,820.0,8200.0
2020-03-05,2020030501017712,SABSL,26,35,11,815.0,8965.0
2020-03-05,2020030501017641,SABSL,26,44,10,815.0,8150.0
2020-03-05,2020030501017757,SADBL,32,21,100,170.0,17000.0
2020-03-05,2020030501017532,SADBL,53,51,500,171.0,85500.0
2020-03-05,2020030501017985,SANIMA,13,22,165,366.0,60390.0
2020-03-05,2020030501017767,SANIMA,13,10,39,366.0,14274.0
2020-03-05,2020030501017766,SANIMA,51,10,61,366.0,22326.0
2020-03-05,2020030501017711,SANIMA,51,51,60,366.0,21960.0
2020-03-05,2020030501017659,SANIMA,51,19,79,366.0,28914.0
2020-03-05,2020030501017658,SANIMA,11,19,21,367.0,7707.0
2020-03-05,2020030501017852,SBI,44,14,12,479.0,5748.0
2020-03-05,2020030501017621,SBI,44,33,913,472.0,430936.0
2020-03-05,2020030501017620,SBI,16,33,50,472.0,23600.0
2020-03-05,2020030501017619,SBI,51,33,100,473.0,47300.0
2020-03-05,2020030501017618,SBI,22,33,100,473.0,47300.0
2020-03-05,2020030501017617,SBI,40,33,300,473.0,141900.0
2020-03-05,2020030501017616,SBI,51,33,200,474.0,94800.0
2020-03-05,2020030501017615,SBI,11,33,50,474.0,23700.0
2020-03-05,2020030501017554,SBI,45,33,200,475.0,95000.0
2020-03-05,2020030501017553,SBI,57,33,20,476.0,9520.0
2020-03-05,2020030501017762,SCB,39,16,16,710.0,11360.0
2020-03-05,2020030501017761,SCB,39,40,64,710.0,45440.0
2020-03-05,2020030501017713,SCB,57,45,50,707.0,35350.0
2020-03-05,2020030501017566,SCB,21,40,140,710.0,99400.0
2020-03-05,2020030501017993,SDESI,49,56,20,945.0,18900.0
2020-03-05,2020030501017992,SDESI,45,56,100,946.0,94600.0
2020-03-05,2020030501017898,SDESI,49,26,23,945.0,21735.0
2020-03-05,2020030501017691,SDESI,38,19,23,942.0,21666.0
2020-03-05,2020030501018015,SEF,28,21,2000,9.5,19000.0
2020-03-05,2020030501017609,SHPC,4,14,1625,219.0,355875.0
2020-03-05,2020030501017900,SICL,8,16,10,979.0,9790.0
2020-03-05,2020030501017899,SICL,5,16,40,979.0,39160.0
2020-03-05,2020030501017788,SICL,38,1,50,980.0,49000.0
2020-03-05,2020030501017720,SICL,5,21,100,979.0,97900.0
2020-03-05,2020030501017669,SICL,5,55,260,979.0,254540.0
2020-03-05,2020030501017668,SICL,14,55,100,979.0,97900.0
2020-03-05,2020030501017667,SICL,42,55,40,979.0,39160.0
2020-03-05,2020030501017986,SJCL,6,36,10,153.0,1530.0
2020-03-05,2020030501017871,SJCL,6,44,20,153.0,3060.0
2020-03-05,2020030501017785,SJCL,6,44,20,153.0,3060.0
2020-03-05,2020030501017664,SJCL,6,44,20,153.0,3060.0
2020-03-05,2020030501017573,SJCL,38,44,10,154.0,1540.0
2020-03-05,2020030501017586,SKBBL,54,20,200,1162.0,232400.0
2020-03-05,2020030501017937,SLICL,59,6,10,477.0,4770.0
2020-03-05,2020030501017738,SLICL,52,6,222,477.0,105894.0
2020-03-05,2020030501017652,SLICL,45,33,500,471.0,235500.0
2020-03-05,2020030501017922,SMATA,45,34,100,749.0,74900.0
2020-03-05,2020030501017904,SMB,52,26,10,941.0,9410.0
2020-03-05,2020030501017946,SMFBS,7,26,10,1039.0,10390.0
2020-03-05,2020030501017910,SPARS,35,26,10,845.0,8450.0
2020-03-05,2020030501017791,SRBL,52,45,231,263.0,60753.0
2020-03-05,2020030501017768,SRBL,22,25,30,261.0,7830.0
2020-03-05,2020030501017661,SRBL,14,45,100,263.0,26300.0
2020-03-05,2020030501017839,TMDBL,47,57,168,200.0,33600.0
2020-03-05,2020030501017838,TMDBL,29,57,32,204.0,6528.0
2020-03-05,2020030501017670,TMDBL,29,32,18,204.0,3672.0
2020-03-05,2020030501017912,TRH,37,6,500,266.0,133000.0
2020-03-05,2020030501017996,UIC,33,41,10,380.0,3800.0
2020-03-05,2020030501017782,UIC,28,41,20,380.0,7600.0
2020-03-05,2020030501017959,UMHL,34,44,14,109.0,1526.0
2020-03-05,2020030501017660,UNHPL,52,34,100,64.0,6400.0
2020-03-05,2020030501017630,UNL,57,32,10,21553.0,215530.0
2020-03-05,2020030501018004,UPPER,38,35,50,236.0,11800.0
2020-03-05,2020030501018003,UPPER,19,35,400,236.0,94400.0
2020-03-05,2020030501017930,UPPER,57,1,200,237.0,47400.0
2020-03-05,2020030501017889,UPPER,19,44,50,236.0,11800.0
2020-03-05,2020030501017881,UPPER,19,36,50,236.0,11800.0
2020-03-05,2020030501017864,UPPER,56,1,100,237.0,23700.0
2020-03-05,2020030501017535,UPPER,25,28,400,236.0,94400.0
2020-03-05,2020030501017797,UPPER,22,44,50,235.0,11750.0
2020-03-05,2020030501017676,UPPER,22,44,50,235.0,11750.0
2020-03-05,2020030501017672,UPPER,22,36,50,235.0,11750.0
2020-03-05,2020030501017633,UPPER,22,21,20,235.0,4700.0
2020-03-05,2020030501017709,VLBS,5,26,13,1030.0,13390.0
2020-03-05,2020030501017588,WOMI,41,19,67,1061.0,71087.0
2020-03-05,2020030501021765,ADBL,41,51,600,406.0,243600.0
2020-03-05,2020030501021678,ADBL,41,52,300,406.0,121800.0
2020-03-05,2020030501021677,ADBL,14,52,200,407.0,81400.0
2020-03-05,2020030501021957,AKPL,34,46,2125,124.0,263500.0
2020-03-05,2020030501021956,AKPL,40,46,500,124.0,62000.0
2020-03-05,2020030501021955,AKPL,58,46,2375,124.0,294500.0
2020-03-05,2020030501021910,AKPL,58,26,7250,124.0,899000.0
2020-03-05,2020030501021947,ALICL,37,47,82,578.0,47396.0
2020-03-05,2020030501021666,ALICL,32,47,100,580.0,58000.0
2020-03-05,2020030501021637,ALICL,4,16,400,580.0,232000.0
2020-03-05,2020030501021615,API,25,13,35,130.0,4550.0
2020-03-05,2020030501021534,API,4,56,324,129.0,41796.0
2020-03-05,2020030501021548,BFC,35,4,30,104.0,3120.0
2020-03-05,2020030501021983,BOKL,43,48,100,248.0,24800.0
2020-03-05,2020030501022014,BPCL,48,44,137,360.0,49320.0
2020-03-05,2020030501021965,BPCL,25,44,100,360.0,36000.0
2020-03-05,2020030501021964,BPCL,59,44,63,360.0,22680.0
2020-03-05,2020030501021652,BPCL,59,37,402,360.0,144720.0
2020-03-05,2020030501021651,BPCL,35,37,42,360.0,15120.0
2020-03-05,2020030501021650,BPCL,19,37,56,361.0,20216.0
2020-03-05,2020030501022028,CBBL,48,40,40,1059.0,42360.0
2020-03-05,2020030501021981,CBL,17,3,200,148.0,29600.0
2020-03-05,2020030501021823,CBL,45,39,10,149.0,1490.0
2020-03-05,2020030501021603,CBL,17,10,3998,148.0,591704.0
2020-03-05,2020030501021602,CBL,26,10,100,148.0,14800.0
2020-03-05,2020030501021601,CBL,25,10,1000,148.0,148000.0
2020-03-05,2020030501021600,CBL,35,10,50,148.0,7400.0
2020-03-05,2020030501021599,CBL,11,10,1000,148.0,148000.0
2020-03-05,2020030501021598,CBL,11,10,1000,148.0,148000.0
2020-03-05,2020030501021597,CBL,48,10,852,148.0,126096.0
2020-03-05,2020030501022029,CFCL,43,28,10,138.0,1380.0
2020-03-05,2020030501022021,CHCL,28,36,50,409.0,20450.0
2020-03-05,2020030501022020,CHCL,33,36,100,410.0,41000.0
2020-03-05,2020030501021570,CHCL,21,1,100,415.0,41500.0
2020-03-05,2020030501021986,CIT,47,6,50,2670.0,133500.0
2020-03-05,2020030501021961,CIT,45,1,100,2663.0,266300.0
2020-03-05,2020030501021659,CIT,33,7,100,2670.0,267000.0
2020-03-05,2020030501021658,CIT,11,7,10,2670.0,26700.0
2020-03-05,2020030501021657,CIT,26,7,50,2672.0,133600.0
2020-03-05,2020030501021656,CIT,35,7,55,2672.0,146960.0
2020-03-05,2020030501021629,CIT,26,57,20,2675.0,53500.0
2020-03-05,2020030501021553,CIT,35,14,45,2672.0,120240.0
2020-03-05,2020030501021830,CORBL,42,19,460,129.0,59340.0
2020-03-05,2020030501021943,CZBIL,42,3,100,204.0,20400.0
2020-03-05,2020030501021680,CZBIL,10,56,100,205.0,20500.0
2020-03-05,2020030501021591,DDBL,38,34,50,871.0,43550.0
2020-03-05,2020030501021590,DDBL,38,34,10,871.0,8710.0
2020-03-05,2020030501021994,EBL,18,57,100,750.0,75000.0
2020-03-05,2020030501021958,EBL,18,6,98,750.0,73500.0
2020-03-05,2020030501021773,EBL,33,16,20,751.0,15020.0
2020-03-05,2020030501021542,EBL,7,16,52,751.0,39052.0
2020-03-05,2020030501021541,EBL,53,16,20,751.0,15020.0
2020-03-05,2020030501021540,EBL,42,16,43,751.0,32293.0
2020-03-05,2020030501021539,EBL,50,16,300,752.0,225600.0
2020-03-05,2020030501021856,EDBL,56,32,306,396.0,121176.0
2020-03-05,2020030501021538,EDBL,47,50,400,395.0,158000.0
2020-03-05,2020030501021537,EDBL,35,50,50,395.0,19750.0
2020-03-05,2020030501021536,EDBL,29,50,50,395.0,19750.0
2020-03-05,2020030501021977,FMDBL,29,19,180,510.0,91800.0
2020-03-05,2020030501021976,FMDBL,38,19,20,512.0,10240.0
2020-03-05,2020030501021882,FMDBL,48,51,200,514.0,102800.0
2020-03-05,2020030501021880,FMDBL,29,39,197,510.0,100470.0
2020-03-05,2020030501021879,FMDBL,44,39,180,510.0,91800.0
2020-03-05,2020030501021878,FMDBL,13,39,439,510.0,223890.0
2020-03-05,2020030501021877,FMDBL,51,39,200,511.0,102200.0
2020-03-05,2020030501021876,FMDBL,38,39,100,511.0,51100.0
2020-03-05,2020030501021875,FMDBL,57,39,200,511.0,102200.0
2020-03-05,2020030501021874,FMDBL,18,39,110,512.0,56320.0
2020-03-05,2020030501022005,FOWAD,45,17,28,1500.0,42000.0
2020-03-05,2020030501022004,FOWAD,45,17,10,1500.0,15000.0
2020-03-05,2020030501021551,GBBL,58,17,100,250.0,25000.0
2020-03-05,2020030501022031,GBIME,38,47,1,288.0,288.0
2020-03-05,2020030501021948,GBIME,21,56,200,286.0,57200.0
2020-03-05,2020030501021746,GBIME,21,14,148,286.0,42328.0
2020-03-05,2020030501021745,GBIME,7,14,42,286.0,12012.0
2020-03-05,2020030501021744,GBIME,40,14,150,286.0,42900.0
2020-03-05,2020030501021743,GBIME,28,14,1000,286.0,286000.0
2020-03-05,2020030501021614,GBIME,37,55,81,287.0,23247.0
2020-03-05,2020030501021613,GBIME,36,55,100,287.0,28700.0
2020-03-05,2020030501021612,GBIME,28,55,46,287.0,13202.0
2020-03-05,2020030501021568,GBIME,28,39,1454,287.0,417298.0
2020-03-05,2020030501021567,GBIME,1,39,46,287.0,13202.0
2020-03-05,2020030501021724,GBIME,50,14,2000,286.0,572000.0
2020-03-05,2020030501021723,GBIME,19,14,150,286.0,42900.0
2020-03-05,2020030501021662,GBIME,57,39,60,287.0,17220.0
2020-03-05,2020030501021655,GBIME,28,14,3158,287.0,906346.0
2020-03-05,2020030501021654,GBIME,34,14,190,287.0,54530.0
2020-03-05,2020030501021653,GBIME,37,14,119,287.0,34153.0
2020-03-05,2020030501021730,GBIME,51,14,200,286.0,57200.0
2020-03-05,2020030501021729,GBIME,37,14,200,286.0,57200.0
2020-03-05,2020030501021728,GBIME,44,14,100,286.0,28600.0
2020-03-05,2020030501021727,GBIME,59,14,1000,286.0,286000.0
2020-03-05,2020030501021726,GBIME,33,14,1000,286.0,286000.0
2020-03-05,2020030501021725,GBIME,13,14,500,286.0,143000.0
2020-03-05,2020030501021736,GBIME,28,14,1500,286.0,429000.0
2020-03-05,2020030501021735,GBIME,34,14,50,286.0,14300.0
2020-03-05,2020030501021734,GBIME,33,14,50,286.0,14300.0
2020-03-05,2020030501021733,GBIME,14,14,5000,286.0,1430000.0
2020-03-05,2020030501021732,GBIME,45,14,100,286.0,28600.0
2020-03-05,2020030501021731,GBIME,26,14,100,286.0,28600.0
2020-03-05,2020030501021742,GBIME,42,14,100,286.0,28600.0
2020-03-05,2020030501021741,GBIME,47,14,100,286.0,28600.0
2020-03-05,2020030501021740,GBIME,43,14,2000,286.0,572000.0
2020-03-05,2020030501021739,GBIME,8,14,10,286.0,2860.0
2020-03-05,2020030501021738,GBIME,28,14,2000,286.0,572000.0
2020-03-05,2020030501021737,GBIME,29,14,500,286.0,143000.0
2020-03-05,2020030501021838,GBLBS,48,42,200,515.0,103000.0
2020-03-05,2020030501021776,GBLBS,45,42,230,515.0,118450.0
2020-03-05,2020030501021701,GBLBS,45,45,60,514.0,30840.0
2020-03-05,2020030501021700,GBLBS,45,13,200,511.0,102200.0
2020-03-05,2020030501021699,GBLBS,45,45,100,511.0,51100.0
2020-03-05,2020030501021698,GBLBS,45,13,10,511.0,5110.0
2020-03-05,2020030501021557,GBLBS,6,41,100,502.0,50200.0
2020-03-05,2020030501021556,GBLBS,13,41,200,503.0,100600.0
2020-03-05,2020030501021555,GBLBS,37,41,500,504.0,252000.0
2020-03-05,2020030501021697,GBLBS,45,29,200,510.0,102000.0
2020-03-05,2020030501021696,GBLBS,45,41,60,510.0,30600.0
2020-03-05,2020030501021695,GBLBS,45,45,100,510.0,51000.0
2020-03-05,2020030501021694,GBLBS,45,6,40,510.0,20400.0
2020-03-05,2020030501021663,GBLBS,52,6,10,510.0,5100.0
2020-03-05,2020030501021558,GBLBS,57,41,400,502.0,200800.0
2020-03-05,2020030501021605,GGBSL,38,26,10,821.0,8210.0
2020-03-05,2020030501021628,GLBSL,1,43,100,680.0,68000.0
2020-03-05,2020030501021928,GLICL,41,57,300,494.0,148200.0
2020-03-05,2020030501021927,GLICL,41,39,200,493.0,98600.0
2020-03-05,2020030501021849,GLICL,41,57,480,494.0,237120.0
2020-03-05,2020030501021848,GLICL,41,38,20,493.0,9860.0
2020-03-05,2020030501021846,GLICL,37,59,50,491.0,24550.0
2020-03-05,2020030501021845,GLICL,38,59,50,491.0,24550.0
2020-03-05,2020030501021798,GLICL,39,50,100,493.0,49300.0
2020-03-05,2020030501021668,GLICL,40,50,30,493.0,14790.0
2020-03-05,2020030501021582,GLICL,43,16,100,491.0,49100.0
2020-03-05,2020030501021959,GMFBS,10,13,10,845.0,8450.0
2020-03-05,2020030501021754,GMFBS,10,41,10,830.0,8300.0
2020-03-05,2020030501021753,GMFBS,10,17,10,825.0,8250.0
2020-03-05,2020030501021995,HDL,1,28,10,1616.0,16160.0
2020-03-05,2020030501021974,HDL,4,28,30,1616.0,48480.0
2020-03-05,2020030501021969,HDL,4,32,20,1616.0,32320.0
2020-03-05,2020030501021937,HDL,48,45,70,1617.0,113190.0
2020-03-05,2020030501021935,HDL,45,45,900,1617.0,1455300.0
2020-03-05,2020030501021934,HDL,26,45,200,1618.0,323600.0
2020-03-05,2020030501021933,HDL,3,45,10,1619.0,16190.0
2020-03-05,2020030501021932,HDL,48,45,100,1619.0,161900.0
2020-03-05,2020030501021888,HDL,48,22,100,1620.0,162000.0
2020-03-05,2020030501021887,HDL,41,22,30,1620.0,48600.0
2020-03-05,2020030501021772,HDL,41,55,90,1620.0,145800.0
2020-03-05,2020030501021705,HDL,48,45,100,1622.0,162200.0
2020-03-05,2020030501021998,HIDCL,17,48,389,138.0,53682.0
2020-03-05,2020030501021997,HIDCL,17,45,50,138.0,6900.0
2020-03-05,2020030501021996,HIDCL,17,50,61,137.0,8357.0
2020-03-05,2020030501021988,HURJA,17,33,20,108.0,2160.0
2020-03-05,2020030501021987,HURJA,17,49,10,107.0,1070.0
2020-03-05,2020030501021949,HURJA,17,6,20,106.0,2120.0
2020-03-05,2020030501021972,IGI,45,7,100,417.0,41700.0
2020-03-05,2020030501021768,IGI,52,7,30,417.0,12510.0
2020-03-05,2020030501021924,JBBL,58,35,920,190.0,174800.0
2020-03-05,2020030501021573,JBBL,40,49,150,189.0,28350.0
2020-03-05,2020030501021889,KBL,43,50,1000,208.0,208000.0
2020-03-05,2020030501021759,KBL,43,58,500,208.0,104000.0
2020-03-05,2020030501021747,KBL,4,36,800,209.0,167200.0
2020-03-05,2020030501021717,KBL,43,57,400,208.0,83200.0
2020-03-05,2020030501021716,KBL,45,57,100,208.0,20800.0
2020-03-05,2020030501021630,KBL,43,33,2120,208.0,440960.0
2020-03-05,2020030501021589,KBL,51,33,245,208.0,50960.0
2020-03-05,2020030501021580,KBL,32,33,10,208.0,2080.0
2020-03-05,2020030501021554,KBL,50,33,500,208.0,104000.0
2020-03-05,2020030501021547,KBL,20,33,30,208.0,6240.0
2020-03-05,2020030501021892,KMCDB,34,13,56,888.0,49728.0
2020-03-05,2020030501021771,KMCDB,10,13,40,890.0,35600.0
2020-03-05,2020030501021770,KMCDB,44,13,100,890.0,89000.0
2020-03-05,2020030501021720,KSBBL,22,38,20,169.0,3380.0
2020-03-05,2020030501021941,LBL,53,17,33,228.0,7524.0
2020-03-05,2020030501021719,LBL,7,38,100,229.0,22900.0
2020-03-05,2020030501021752,LGIL,43,16,138,481.0,66378.0
2020-03-05,2020030501021751,LGIL,21,16,100,481.0,48100.0
2020-03-05,2020030501021750,LGIL,34,16,100,481.0,48100.0
2020-03-05,2020030501021749,LGIL,5,16,100,482.0,48200.0
2020-03-05,2020030501021748,LGIL,58,16,100,482.0,48200.0
2020-03-05,2020030501021985,LICN,45,17,242,1483.0,358886.0
2020-03-05,2020030501021946,LICN,34,17,500,1484.0,742000.0
2020-03-05,2020030501021777,LICN,25,17,10,1490.0,14900.0
2020-03-05,2020030501021586,LICN,1,17,123,1485.0,182655.0
2020-03-05,2020030501021585,LICN,1,17,200,1485.0,297000.0
2020-03-05,2020030501021584,LICN,14,17,500,1486.0,743000.0
2020-03-05,2020030501021583,LICN,14,17,50,1487.0,74350.0
2020-03-05,2020030501021711,MBL,35,55,105,245.0,25725.0
2020-03-05,2020030501021710,MBL,49,55,50,246.0,12300.0
2020-03-05,2020030501021973,MDB,58,17,100,454.0,45400.0
2020-03-05,2020030501021926,MDB,43,41,112,455.0,50960.0
2020-03-05,2020030501021925,MDB,43,7,188,455.0,85540.0
2020-03-05,2020030501021834,MDB,43,7,312,455.0,141960.0
2020-03-05,2020030501021833,MDB,43,28,101,455.0,45955.0
2020-03-05,2020030501021794,MDB,58,44,80,454.0,36320.0
2020-03-05,2020030501021596,MDB,58,19,399,452.0,180348.0
2020-03-05,2020030501021595,MDB,58,53,33,452.0,14916.0
2020-03-05,2020030501021559,MDB,58,17,98,451.0,44198.0
2020-03-05,2020030501021793,MDB,58,42,50,454.0,22700.0
2020-03-05,2020030501021792,MDB,58,17,283,454.0,128482.0
2020-03-05,2020030501021623,MDB,58,43,279,453.0,126387.0
2020-03-05,2020030501021622,MDB,58,8,200,453.0,90600.0
2020-03-05,2020030501021621,MDB,58,34,98,451.0,44198.0
2020-03-05,2020030501021620,MDB,58,34,902,451.0,406802.0
2020-03-05,2020030501021944,MEGA,43,50,10,233.0,2330.0
2020-03-05,2020030501021909,MEGA,43,1,100,232.0,23200.0
2020-03-05,2020030501021908,MEGA,43,48,163,232.0,37816.0
2020-03-05,2020030501021907,MEGA,43,34,2000,231.0,462000.0
2020-03-05,2020030501021839,MEGA,20,33,284,229.0,65036.0
2020-03-05,2020030501021707,MEGA,19,19,66,228.0,15048.0
2020-03-05,2020030501021581,MEGA,6,52,500,228.0,114000.0
2020-03-05,2020030501021900,MEGA,43,49,194,230.0,44620.0
2020-03-05,2020030501021899,MEGA,43,29,8754,230.0,2013420.0
2020-03-05,2020030501021898,MEGA,43,49,100,229.0,22900.0
2020-03-05,2020030501021897,MEGA,43,33,500,229.0,114500.0
2020-03-05,2020030501021896,MEGA,43,33,1559,229.0,357011.0
2020-03-05,2020030501021840,MEGA,38,38,2,230.0,460.0
2020-03-05,2020030501021906,MEGA,43,41,500,230.0,115000.0
2020-03-05,2020030501021905,MEGA,43,50,2000,230.0,460000.0
2020-03-05,2020030501021904,MEGA,43,17,500,230.0,115000.0
2020-03-05,2020030501021903,MEGA,43,57,250,230.0,57500.0
2020-03-05,2020030501021902,MEGA,43,17,1000,230.0,230000.0
2020-03-05,2020030501021901,MEGA,43,46,100,230.0,23000.0
2020-03-05,2020030501021632,MERO,26,40,500,653.0,326500.0
2020-03-05,2020030501022025,MLBBL,58,37,87,775.0,67425.0
2020-03-05,2020030501021795,MLBBL,21,21,9,760.0,6840.0
2020-03-05,2020030501022022,MLBL,34,39,85,220.0,18700.0
2020-03-05,2020030501021931,MLBL,34,39,175,220.0,38500.0
2020-03-05,2020030501021844,MLBL,34,39,66,220.0,14520.0
2020-03-05,2020030501021843,MLBL,14,39,134,220.0,29480.0
2020-03-05,2020030501021755,MLBL,14,39,200,220.0,44000.0
2020-03-05,2020030501021665,MLBL,14,39,35,220.0,7700.0
2020-03-05,2020030501021579,MLBL,14,39,100,220.0,22000.0
2020-03-05,2020030501021855,MNBBL,42,45,500,335.0,167500.0
2020-03-05,2020030501021822,MNBBL,54,13,2469,331.0,817239.0
2020-03-05,2020030501021821,MNBBL,26,13,200,331.0,66200.0
2020-03-05,2020030501021820,MNBBL,33,13,100,331.0,33100.0
2020-03-05,2020030501021819,MNBBL,43,13,100,331.0,33100.0
2020-03-05,2020030501021818,MNBBL,8,13,212,331.0,70172.0
2020-03-05,2020030501021805,MNBBL,1,13,25,333.0,8325.0
2020-03-05,2020030501021804,MNBBL,35,13,300,333.0,99900.0
2020-03-05,2020030501021803,MNBBL,56,13,300,333.0,99900.0
2020-03-05,2020030501021802,MNBBL,45,13,20,333.0,6660.0
2020-03-05,2020030501021801,MNBBL,35,13,100,334.0,33400.0
2020-03-05,2020030501021640,MNBBL,45,36,200,334.0,66800.0
2020-03-05,2020030501021811,MNBBL,14,13,100,332.0,33200.0
2020-03-05,2020030501021810,MNBBL,41,13,400,332.0,132800.0
2020-03-05,2020030501021809,MNBBL,51,13,50,332.0,16600.0
2020-03-05,2020030501021808,MNBBL,25,13,300,332.0,99600.0
2020-03-05,2020030501021807,MNBBL,37,13,200,332.0,66400.0
2020-03-05,2020030501021806,MNBBL,41,13,200,333.0,66600.0
2020-03-05,2020030501021817,MNBBL,45,13,1000,332.0,332000.0
2020-03-05,2020030501021816,MNBBL,49,13,50,332.0,16600.0
2020-03-05,2020030501021815,MNBBL,29,13,200,332.0,66400.0
2020-03-05,2020030501021814,MNBBL,59,13,200,332.0,66400.0
2020-03-05,2020030501021813,MNBBL,32,13,100,332.0,33200.0
2020-03-05,2020030501021812,MNBBL,43,13,90,332.0,29880.0
2020-03-05,2020030501021624,MSMBS,58,58,17,783.0,13311.0
2020-03-05,2020030501021950,NABIL,49,25,70,840.0,58800.0
2020-03-05,2020030501021945,NABIL,49,59,100,840.0,84000.0
2020-03-05,2020030501021865,NABIL,49,51,250,840.0,210000.0
2020-03-05,2020030501021767,NABIL,49,25,100,840.0,84000.0
2020-03-05,2020030501021761,NABIL,49,26,500,840.0,420000.0
2020-03-05,2020030501021760,NABIL,49,6,500,840.0,420000.0
2020-03-05,2020030501021667,NABIL,49,57,100,840.0,84000.0
2020-03-05,2020030501021787,NADEP,33,34,100,690.0,69000.0
2020-03-05,2020030501021722,NBB,42,33,25,224.0,5600.0
2020-03-05,2020030501021689,NBB,49,33,150,224.0,33600.0
2020-03-05,2020030501021962,NBL,44,6,126,283.0,35658.0
2020-03-05,2020030501021836,NBL,35,6,350,283.0,99050.0
2020-03-05,2020030501021835,NBL,25,6,24,283.0,6792.0
2020-03-05,2020030501021715,NBL,25,52,26,283.0,7358.0
2020-03-05,2020030501021714,NBL,14,52,500,283.0,141500.0
2020-03-05,2020030501021713,NBL,6,52,200,283.0,56600.0
2020-03-05,2020030501021712,NBL,52,52,74,283.0,20942.0
2020-03-05,2020030501021703,NBL,45,28,200,284.0,56800.0
2020-03-05,2020030501021971,NCCB,38,38,1,199.0,199.0
2020-03-05,2020030501021940,NCCB,11,6,10,199.0,1990.0
2020-03-05,2020030501021886,NCCB,49,3,230,198.0,45540.0
2020-03-05,2020030501021881,NCCB,11,6,10,199.0,1990.0
2020-03-05,2020030501021854,NCCB,49,10,407,198.0,80586.0
2020-03-05,2020030501021684,NCCB,25,1,500,199.0,99500.0
2020-03-05,2020030501021683,NCCB,52,1,200,199.0,39800.0
2020-03-05,2020030501021682,NCCB,39,1,200,199.0,39800.0
2020-03-05,2020030501021681,NCCB,36,1,32,199.0,6368.0
2020-03-05,2020030501021533,NCCB,36,34,18,199.0,3582.0
2020-03-05,2020030501021532,NCCB,39,34,300,199.0,59700.0
2020-03-05,2020030501021660,NHPC,42,58,130,58.0,7540.0
2020-03-05,2020030501022026,NIB,33,6,100,417.0,41700.0
2020-03-05,2020030501021939,NIB,50,34,200,416.0,83200.0
2020-03-05,2020030501021914,NIB,21,1,43,414.0,17802.0
2020-03-05,2020030501021913,NIB,58,1,200,414.0,82800.0
2020-03-05,2020030501021912,NIB,33,1,857,414.0,354798.0
2020-03-05,2020030501021936,NICA,45,58,65,575.0,37375.0
2020-03-05,2020030501021861,NICA,50,58,692,575.0,397900.0
2020-03-05,2020030501021841,NICA,33,58,20,575.0,11500.0
2020-03-05,2020030501021775,NICA,16,58,50,575.0,28750.0
2020-03-05,2020030501021757,NICL,43,25,10,470.0,4700.0
2020-03-05,2020030501021756,NICL,43,5,169,468.0,79092.0
2020-03-05,2020030501021676,NICL,43,45,187,465.0,86955.0
2020-03-05,2020030501021675,NICL,43,47,100,465.0,46500.0
2020-03-05,2020030501021674,NICL,43,58,500,463.0,231500.0
2020-03-05,2020030501021618,NICL,52,32,200,458.0,91600.0
2020-03-05,2020030501021617,NICL,41,32,200,458.0,91600.0
2020-03-05,2020030501021616,NICL,29,32,239,458.0,109462.0
2020-03-05,2020030501021673,NICL,43,5,200,462.0,92400.0
2020-03-05,2020030501021672,NICL,43,17,500,462.0,231000.0
2020-03-05,2020030501021671,NICL,43,4,36,462.0,16632.0
2020-03-05,2020030501021670,NICL,43,25,40,461.0,18440.0
2020-03-05,2020030501021669,NICL,43,34,300,461.0,138300.0
2020-03-05,2020030501021619,NICL,29,32,361,458.0,165338.0
2020-03-05,2020030501022003,NIL,59,29,100,586.0,58600.0
2020-03-05,2020030501022002,NIL,10,29,200,586.0,117200.0
2020-03-05,2020030501022001,NIL,29,29,300,587.0,176100.0
2020-03-05,2020030501021963,NIL,42,42,146,588.0,85848.0
2020-03-05,2020030501021923,NIL,38,14,200,589.0,117800.0
2020-03-05,2020030501021796,NIL,38,44,600,589.0,353400.0
2020-03-05,2020030501021594,NIL,45,14,45,590.0,26550.0
2020-03-05,2020030501021593,NIL,45,17,55,590.0,32450.0
2020-03-05,2020030501021859,NLG,25,6,120,640.0,76800.0
2020-03-05,2020030501021858,NLG,51,6,30,641.0,19230.0
2020-03-05,2020030501021831,NLG,51,59,50,641.0,32050.0
2020-03-05,2020030501021980,NLIC,45,19,50,1255.0,62750.0
2020-03-05,2020030501021975,NLIC,45,21,22,1255.0,27610.0
2020-03-05,2020030501021970,NLIC,52,17,25,1257.0,31425.0
2020-03-05,2020030501021929,NLIC,45,45,200,1256.0,251200.0
2020-03-05,2020030501021911,NLIC,45,50,71,1255.0,89105.0
2020-03-05,2020030501021885,NLIC,49,50,29,1255.0,36395.0
2020-03-05,2020030501021764,NLIC,38,17,62,1251.0,77562.0
2020-03-05,2020030501021762,NLIC,49,33,50,1252.0,62600.0
2020-03-05,2020030501021704,NLIC,38,1,80,1251.0,100080.0
2020-03-05,2020030501021679,NLIC,38,57,200,1251.0,250200.0
2020-03-05,2020030501021604,NLIC,42,33,100,1252.0,125200.0
2020-03-05,2020030501021561,NLIC,36,42,500,1255.0,627500.0
2020-03-05,2020030501021884,NLIC,49,38,10,1255.0,12550.0
2020-03-05,2020030501021883,NLIC,49,42,61,1255.0,76555.0
2020-03-05,2020030501021863,NLIC,41,59,200,1252.0,250400.0
2020-03-05,2020030501021832,NLIC,41,34,150,1252.0,187800.0
2020-03-05,2020030501021800,NLIC,41,33,100,1252.0,125200.0
2020-03-05,2020030501021774,NLIC,28,33,100,1252.0,125200.0
2020-03-05,2020030501022024,NLICL,44,16,100,706.0,70600.0
2020-03-05,2020030501021766,NLICL,44,44,200,706.0,141200.0
2020-03-05,2020030501021685,NLICL,44,29,200,706.0,141200.0
2020-03-05,2020030501021627,NLICL,44,59,400,706.0,282400.0
2020-03-05,2020030501022030,NMB,38,34,152,460.0,69920.0
2020-03-05,2020030501021960,NMB,34,47,759,459.0,348381.0
2020-03-05,2020030501021894,NMB,34,37,100,459.0,45900.0
2020-03-05,2020030501021893,NMB,34,48,708,459.0,324972.0
2020-03-05,2020030501021853,NMB,8,38,144,458.0,65952.0
2020-03-05,2020030501021852,NMB,57,38,68,458.0,31144.0
2020-03-05,2020030501021718,NMB,57,25,400,458.0,183200.0
2020-03-05,2020030501021690,NMB,38,48,50,459.0,22950.0
2020-03-05,2020030501021631,NMB,57,19,200,458.0,91600.0
2020-03-05,2020030501021625,NMB,57,34,45,458.0,20610.0
2020-03-05,2020030501021550,NMB,57,6,287,458.0,131446.0
2020-03-05,2020030501021549,NMB,57,6,313,458.0,143354.0
2020-03-05,2020030501021797,NMBMF,21,21,7,807.0,5649.0
2020-03-05,2020030501021639,NMBMF,59,16,75,823.0,61725.0
2020-03-05,2020030501021562,NMBMF,59,55,180,823.0,148140.0
2020-03-05,2020030501021546,NMFBS,33,38,10,1744.0,17440.0
2020-03-05,2020030501021545,NMFBS,33,7,15,1740.0,26100.0
2020-03-05,2020030501021984,NTC,13,32,10,651.0,6510.0
2020-03-05,2020030501021647,NTC,58,45,20,658.0,13160.0
2020-03-05,2020030501021646,NTC,58,48,50,657.0,32850.0
2020-03-05,2020030501021645,NTC,58,29,80,657.0,52560.0
2020-03-05,2020030501021644,NTC,58,49,100,657.0,65700.0
2020-03-05,2020030501021643,NTC,58,57,90,657.0,59130.0
2020-03-05,2020030501021642,NTC,58,57,20,655.0,13100.0
2020-03-05,2020030501021641,NTC,58,28,140,655.0,91700.0
2020-03-05,2020030501022023,PCBL,13,38,93,301.0,27993.0
2020-03-05,2020030501021611,PCBL,8,42,10,302.0,3020.0
2020-03-05,2020030501021608,PCBL,4,42,949,302.0,286598.0
2020-03-05,2020030501021990,PFL,45,19,26,164.0,4264.0
2020-03-05,2020030501021989,PFL,45,17,13,164.0,2132.0
2020-03-05,2020030501021860,PIC,11,48,65,600.0,39000.0
2020-03-05,2020030501021828,PIC,42,48,15,600.0,9000.0
2020-03-05,2020030501021721,PIC,44,28,100,595.0,59500.0
2020-03-05,2020030501021825,PICL,43,16,30,473.0,14190.0
2020-03-05,2020030501021978,PLIC,42,26,50,593.0,29650.0
2020-03-05,2020030501021661,PPCL,38,36,20,116.0,2320.0
2020-03-05,2020030501022006,PRIN,36,19,250,450.0,112500.0
2020-03-05,2020030501021891,PRIN,32,19,50,452.0,22600.0
2020-03-05,2020030501021638,PRIN,21,19,200,452.0,90400.0
2020-03-05,2020030501021571,PRIN,36,44,500,450.0,225000.0
2020-03-05,2020030501022027,PROFL,44,58,50,108.0,5400.0
2020-03-05,2020030501022012,PRVU,47,10,248,253.0,62744.0
2020-03-05,2020030501022011,PRVU,48,10,100,253.0,25300.0
2020-03-05,2020030501022010,PRVU,46,10,500,253.0,126500.0
2020-03-05,2020030501022009,PRVU,4,10,152,253.0,38456.0
2020-03-05,2020030501021791,PRVU,4,36,848,253.0,214544.0
2020-03-05,2020030501021790,PRVU,6,36,32,253.0,8096.0
2020-03-05,2020030501021789,PRVU,4,36,500,253.0,126500.0
2020-03-05,2020030501021788,PRVU,51,36,3320,253.0,839960.0
2020-03-05,2020030501021769,PRVU,51,19,1423,253.0,360019.0
2020-03-05,2020030501021982,RADHI,38,5,10,181.0,1810.0
2020-03-05,2020030501021824,RADHI,38,29,10,178.0,1780.0
2020-03-05,2020030501021758,RADHI,38,38,12,176.0,2112.0
2020-03-05,2020030501021862,RBCLPO,42,58,15,8780.0,131700.0
2020-03-05,2020030501021578,RBCLPO,29,58,10,8780.0,87800.0
2020-03-05,2020030501021577,RBCLPO,59,58,20,8809.0,176180.0
2020-03-05,2020030501021576,RBCLPO,34,58,10,8850.0,88500.0
2020-03-05,2020030501022000,RHPC,49,33,51,87.0,4437.0
2020-03-05,2020030501021999,RHPC,49,35,305,86.0,26230.0
2020-03-05,2020030501021968,RHPL,25,14,30,159.0,4770.0
2020-03-05,2020030501021917,RHPL,25,7,500,160.0,80000.0
2020-03-05,2020030501021916,RHPL,25,50,40,160.0,6400.0
2020-03-05,2020030501021915,RHPL,25,48,20,160.0,3200.0
2020-03-05,2020030501021664,RHPL,42,37,430,159.0,68370.0
2020-03-05,2020030501021574,RHPL,1,22,10,158.0,1580.0
2020-03-05,2020030501021552,RHPL,45,37,10,159.0,1590.0
2020-03-05,2020030501021847,RSDC,57,57,100,510.0,51000.0
2020-03-05,2020030501021569,RSDC,38,57,50,510.0,25500.0
2020-03-05,2020030501021842,SANIMA,14,33,250,364.0,91000.0
2020-03-05,2020030501021649,SANIMA,45,5,200,363.0,72600.0
2020-03-05,2020030501021648,SANIMA,45,25,500,363.0,181500.0
2020-03-05,2020030501021588,SANIMA,3,33,100,364.0,36400.0
2020-03-05,2020030501021587,SANIMA,20,33,365,364.0,132860.0
2020-03-05,2020030501021609,SBI,13,56,50,466.0,23300.0
2020-03-05,2020030501021544,SBI,14,56,100,466.0,46600.0
2020-03-05,2020030501021535,SBI,52,56,200,466.0,93200.0
2020-03-05,2020030501021966,SBL,50,50,500,328.0,164000.0
2020-03-05,2020030501021942,SBL,21,50,200,328.0,65600.0
2020-03-05,2020030501021873,SBL,41,35,208,325.0,67600.0
2020-03-05,2020030501021872,SBL,7,35,100,325.0,32500.0
2020-03-05,2020030501021871,SBL,41,35,250,325.0,81250.0
2020-03-05,2020030501021870,SBL,28,35,400,325.0,130000.0
2020-03-05,2020030501021634,SBL,25,38,620,326.0,202120.0
2020-03-05,2020030501021633,SBL,59,38,175,327.0,57225.0
2020-03-05,2020030501021566,SBL,59,45,825,327.0,269775.0
2020-03-05,2020030501021543,SBL,29,45,175,327.0,57225.0
2020-03-05,2020030501021869,SBL,6,35,10,325.0,3250.0
2020-03-05,2020030501021868,SBL,57,35,388,326.0,126488.0
2020-03-05,2020030501021867,SBL,32,35,444,326.0,144744.0
2020-03-05,2020030501021866,SBL,45,35,200,327.0,65400.0
2020-03-05,2020030501021636,SBL,32,38,56,326.0,18256.0
2020-03-05,2020030501021635,SBL,13,38,300,326.0,97800.0
2020-03-05,2020030501021919,SCB,52,56,92,700.0,64400.0
2020-03-05,2020030501021918,SCB,52,13,108,700.0,75600.0
2020-03-05,2020030501021851,SDESI,5,38,90,936.0,84240.0
2020-03-05,2020030501021850,SDESI,17,38,50,936.0,46800.0
2020-03-05,2020030501021560,SDESI,50,35,200,940.0,188000.0
2020-03-05,2020030501021953,SHINE,42,45,500,303.0,151500.0
2020-03-05,2020030501021952,SHINE,42,36,584,303.0,176952.0
2020-03-05,2020030501021951,SHINE,42,18,100,303.0,30300.0
2020-03-05,2020030501021702,SHINE,13,52,30,302.0,9060.0
2020-03-05,2020030501022013,SHIVM,25,37,50,591.0,29550.0
2020-03-05,2020030501021954,SHIVM,22,16,50,594.0,29700.0
2020-03-05,2020030501021786,SHIVM,57,39,78,590.0,46020.0
2020-03-05,2020030501021785,SHIVM,40,39,50,590.0,29500.0
2020-03-05,2020030501021784,SHIVM,43,39,50,590.0,29500.0
2020-03-05,2020030501021592,SHIVM,34,28,30,595.0,17850.0
2020-03-05,2020030501021565,SHIVM,48,45,340,591.0,200940.0
2020-03-05,2020030501021564,SHIVM,42,45,100,591.0,59100.0
2020-03-05,2020030501021563,SHIVM,38,45,60,591.0,35460.0
2020-03-05,2020030501021783,SHIVM,5,39,200,590.0,118000.0
2020-03-05,2020030501021782,SHIVM,49,39,150,590.0,88500.0
2020-03-05,2020030501021781,SHIVM,48,39,100,591.0,59100.0
2020-03-05,2020030501021780,SHIVM,51,39,200,591.0,118200.0
2020-03-05,2020030501021779,SHIVM,13,39,12,591.0,7092.0
2020-03-05,2020030501021778,SHIVM,48,39,160,591.0,94560.0
2020-03-05,2020030501021967,SHPC,42,6,50,219.0,10950.0
2020-03-05,2020030501021993,SIC,51,52,100,710.0,71000.0
2020-03-05,2020030501021992,SIC,50,52,10,710.0,7100.0
2020-03-05,2020030501021991,SIC,25,52,15,715.0,10725.0
2020-03-05,2020030501021688,SIC,25,35,85,715.0,60775.0
2020-03-05,2020030501021687,SIC,13,35,15,716.0,10740.0
2020-03-05,2020030501022019,SIL,44,58,127,560.0,71120.0
2020-03-05,2020030501022018,SIL,5,58,200,560.0,112000.0
2020-03-05,2020030501022017,SIL,46,58,100,560.0,56000.0
2020-03-05,2020030501022016,SIL,44,58,183,561.0,102663.0
2020-03-05,2020030501021607,SIL,44,49,817,561.0,458337.0
2020-03-05,2020030501021606,SIL,34,49,183,561.0,102663.0
2020-03-05,2020030501022015,SJCL,36,14,20,153.0,3060.0
2020-03-05,2020030501021979,SJCL,36,50,20,153.0,3060.0
2020-03-05,2020030501021626,SLBBL,16,14,10,908.0,9080.0
2020-03-05,2020030501021922,SLICL,32,34,751,469.0,352219.0
2020-03-05,2020030501021921,SLICL,32,57,146,469.0,68474.0
2020-03-05,2020030501021920,SLICL,32,34,50,468.0,23400.0
2020-03-05,2020030501021857,SLICL,25,58,100,466.0,46600.0
2020-03-05,2020030501021938,SMATA,49,46,10,735.0,7350.0
2020-03-05,2020030501021864,SMATA,44,42,50,730.0,36500.0
2020-03-05,2020030501021686,SMFBS,34,34,10,1019.0,10190.0
2020-03-05,2020030501021572,SMFBS,34,34,10,1000.0,10000.0
2020-03-05,2020030501021709,SPARS,48,19,125,819.0,102375.0
2020-03-05,2020030501021708,SPARS,32,19,100,819.0,81900.0
2020-03-05,2020030501021890,SRBL,43,35,100,262.0,26200.0
2020-03-05,2020030501021706,SRBL,34,21,150,261.0,39150.0
2020-03-05,2020030501021575,STC,39,19,37,2665.0,98605.0
2020-03-05,2020030501021930,UIC,33,48,100,377.0,37700.0
2020-03-05,2020030501021895,UIC,32,16,39,375.0,14625.0
2020-03-05,2020030501021829,UIC,22,48,150,377.0,56550.0
2020-03-05,2020030501021693,UIC,32,22,11,375.0,4125.0
2020-03-05,2020030501021692,UIC,45,22,30,375.0,11250.0
2020-03-05,2020030501021691,UIC,49,22,59,375.0,22125.0
2020-03-05,2020030501021827,UPPER,39,58,900,235.0,211500.0
2020-03-05,2020030501021826,UPPER,10,58,100,235.0,23500.0
2020-03-05,2020030501021799,UPPER,39,50,50,235.0,11750.0
2020-03-05,2020030501021610,UPPER,48,7,50,234.0,11700.0
2020-03-05,2020030501021837,VLBS,29,49,12,1023.0,12276.0
2020-03-05,2020030501022008,WOMI,13,58,100,1052.0,105200.0
2020-03-05,2020030501022007,WOMI,52,58,50,1060.0,53000.0
2020-03-05,2020030501021408,ADBL,8,50,100,407.0,40700.0
2020-03-05,2020030501021407,ADBL,14,50,241,407.0,98087.0
2020-03-05,2020030501021246,ADBL,34,33,1240,408.0,505920.0
2020-03-05,2020030501021212,ADBL,34,52,760,408.0,310080.0
2020-03-05,2020030501021211,ADBL,34,52,240,408.0,97920.0
2020-03-05,2020030501021209,ADBL,58,4,20,410.0,8200.0
2020-03-05,2020030501021150,ADBL,34,52,1000,408.0,408000.0
2020-03-05,2020030501021142,ADBL,17,4,50,410.0,20500.0
2020-03-05,2020030501021075,ADBL,58,4,20,410.0,8200.0
2020-03-05,2020030501021032,ADBL,34,51,300,408.0,122400.0
2020-03-05,2020030501021307,AKJCL,42,7,20,53.0,1060.0
2020-03-05,2020030501021428,AKPL,34,46,200,125.0,25000.0
2020-03-05,2020030501021324,AKPL,41,46,100,125.0,12500.0
2020-03-05,2020030501021174,AKPL,58,29,12,124.0,1488.0
2020-03-05,2020030501021156,ALBSL,59,55,485,685.0,332225.0
2020-03-05,2020030501021155,ALBSL,5,55,10,685.0,6850.0
2020-03-05,2020030501021154,ALBSL,48,55,35,696.0,24360.0
2020-03-05,2020030501021153,ALBSL,18,55,178,700.0,124600.0
2020-03-05,2020030501021152,ALBSL,22,55,100,701.0,70100.0
2020-03-05,2020030501021077,ALBSL,25,35,100,704.0,70400.0
2020-03-05,2020030501021360,ALICL,5,57,25,580.0,14500.0
2020-03-05,2020030501021359,ALICL,5,16,167,580.0,96860.0
2020-03-05,2020030501021343,ALICL,37,4,150,578.0,86700.0
2020-03-05,2020030501021112,ALICL,37,38,268,578.0,154904.0
2020-03-05,2020030501021466,API,42,50,18,128.0,2304.0
2020-03-05,2020030501021247,API,33,56,26,129.0,3354.0
2020-03-05,2020030501021233,API,49,56,200,129.0,25800.0
2020-03-05,2020030501021476,BOKL,45,33,216,246.0,53136.0
2020-03-05,2020030501021475,BOKL,39,33,234,246.0,57564.0
2020-03-05,2020030501021236,BPCL,19,34,44,361.0,15884.0
2020-03-05,2020030501021235,BPCL,10,34,56,361.0,20216.0
2020-03-05,2020030501021106,BPCL,10,19,22,361.0,7942.0
2020-03-05,2020030501021056,BPCL,5,34,22,365.0,8030.0
2020-03-05,2020030501021365,CBBL,58,51,70,1080.0,75600.0
2020-03-05,2020030501021364,CBBL,58,1,30,1068.0,32040.0
2020-03-05,2020030501021136,CBBL,49,51,10,1055.0,10550.0
2020-03-05,2020030501021135,CBBL,53,51,200,1055.0,211000.0
2020-03-05,2020030501021134,CBBL,33,51,49,1060.0,51940.0
2020-03-05,2020030501021363,CBBL,58,16,100,1067.0,106700.0
2020-03-05,2020030501021137,CBBL,58,51,91,1055.0,96005.0
2020-03-05,2020030501021076,CBL,20,8,240,150.0,36000.0
2020-03-05,2020030501021305,CCBL,28,48,300,186.0,55800.0
2020-03-05,2020030501021200,CCBL,45,36,196,185.0,36260.0
2020-03-05,2020030501021507,CFCL,43,28,10,140.0,1400.0
2020-03-05,2020030501021225,CHCL,42,39,625,407.0,254375.0
2020-03-05,2020030501021224,CHCL,28,39,145,407.0,59015.0
2020-03-05,2020030501021223,CHCL,1,39,500,409.0,204500.0
2020-03-05,2020030501021222,CHCL,16,39,300,410.0,123000.0
2020-03-05,2020030501021159,CORBL,14,38,240,131.0,31440.0
2020-03-05,2020030501021158,CORBL,14,54,60,131.0,7860.0
2020-03-05,2020030501021340,CZBIL,42,49,153,204.0,31212.0
2020-03-05,2020030501021339,CZBIL,17,49,847,204.0,172788.0
2020-03-05,2020030501021232,CZBIL,17,34,814,204.0,166056.0
2020-03-05,2020030501021088,DDBL,50,49,100,873.0,87300.0
2020-03-05,2020030501021283,EBL,44,4,100,754.0,75400.0
2020-03-05,2020030501021215,EBL,44,34,900,754.0,678600.0
2020-03-05,2020030501021064,EBL,45,34,100,754.0,75400.0
2020-03-05,2020030501021237,EDBL,47,32,194,396.0,76824.0
2020-03-05,2020030501021151,EDBL,47,32,250,396.0,99000.0
2020-03-05,2020030501021484,EIC,50,55,268,405.0,108540.0
2020-03-05,2020030501021483,EIC,21,55,64,405.0,25920.0
2020-03-05,2020030501021482,EIC,50,55,168,406.0,68208.0
2020-03-05,2020030501021320,EIC,54,56,122,407.0,49654.0
2020-03-05,2020030501021497,FMDBL,18,38,400,512.0,204800.0
2020-03-05,2020030501021496,FMDBL,40,38,100,513.0,51300.0
2020-03-05,2020030501021331,FMDBL,45,43,100,513.0,51300.0
2020-03-05,2020030501021125,FMDBL,13,36,100,510.0,51000.0
2020-03-05,2020030501021473,FOWAD,38,45,16,1518.0,24288.0
2020-03-05,2020030501021300,FOWAD,38,50,19,1518.0,28842.0
2020-03-05,2020030501021176,FOWAD,38,58,115,1518.0,174570.0
2020-03-05,2020030501021175,FOWAD,45,58,10,1518.0,15180.0
2020-03-05,2020030501021182,GBBL,58,10,900,250.0,225000.0
2020-03-05,2020030501021383,GBIME,1,34,54,287.0,15498.0
2020-03-05,2020030501021382,GBIME,53,34,50,287.0,14350.0
2020-03-05,2020030501021381,GBIME,35,34,4896,287.0,1405152.0
2020-03-05,2020030501021249,GBIME,41,42,300,288.0,86400.0
2020-03-05,2020030501021248,GBIME,26,42,40,288.0,11520.0
2020-03-05,2020030501021194,GBIME,26,47,160,288.0,46080.0
2020-03-05,2020030501021116,GBIME,38,6,1,288.0,288.0
2020-03-05,2020030501021113,GBIME,35,57,500,287.0,143500.0
2020-03-05,2020030501021036,GBIME,35,49,400,287.0,114800.0
2020-03-05,2020030501021230,GBLBS,52,6,10,510.0,5100.0
2020-03-05,2020030501021229,GBLBS,52,16,100,509.0,50900.0
2020-03-05,2020030501021228,GBLBS,52,35,50,508.0,25400.0
2020-03-05,2020030501021227,GBLBS,52,35,100,508.0,50800.0
2020-03-05,2020030501021335,GILB,13,35,25,1342.0,33550.0
2020-03-05,2020030501021310,GILB,13,46,46,1342.0,61732.0
2020-03-05,2020030501021080,GILB,13,35,10,1342.0,13420.0
2020-03-05,2020030501021053,GLBSL,41,44,10,670.0,6700.0
2020-03-05,2020030501021438,GLICL,20,59,100,491.0,49100.0
2020-03-05,2020030501021380,GLICL,20,34,900,491.0,441900.0
2020-03-05,2020030501021379,GLICL,42,34,100,491.0,49100.0
2020-03-05,2020030501021298,GLICL,41,6,100,491.0,49100.0
2020-03-05,2020030501021253,GLICL,56,6,50,492.0,24600.0
2020-03-05,2020030501021252,GLICL,13,6,150,492.0,73800.0
2020-03-05,2020030501021187,GRDBL,29,4,110,122.0,13420.0
2020-03-05,2020030501021528,GUFL,32,43,10,130.0,1300.0
2020-03-05,2020030501021481,GUFL,43,43,10,131.0,1310.0
2020-03-05,2020030501021498,HBL,33,1,65,603.0,39195.0
2020-03-05,2020030501021258,HBL,36,45,300,605.0,181500.0
2020-03-05,2020030501021468,HDL,4,19,78,1624.0,126672.0
2020-03-05,2020030501021467,HDL,4,14,50,1624.0,81200.0
2020-03-05,2020030501021416,HDL,41,46,150,1620.0,243000.0
2020-03-05,2020030501021052,HDL,14,58,100,1625.0,162500.0
2020-03-05,2020030501021297,HIDCL,8,14,500,137.0,68500.0
2020-03-05,2020030501021296,HIDCL,39,14,200,137.0,27400.0
2020-03-05,2020030501021295,HIDCL,6,14,223,137.0,30551.0
2020-03-05,2020030501021250,HIDCL,6,29,28,137.0,3836.0
2020-03-05,2020030501021280,HURJA,32,29,20,102.0,2040.0
2020-03-05,2020030501021119,HURJA,16,10,210,104.0,21840.0
2020-03-05,2020030501021341,IGI,51,4,30,417.0,12510.0
2020-03-05,2020030501021385,IGI,13,7,30,417.0,12510.0
2020-03-05,2020030501021384,IGI,13,4,70,417.0,29190.0
2020-03-05,2020030501021524,JBBL,25,53,17,190.0,3230.0
2020-03-05,2020030501021427,JBBL,38,38,2,192.0,384.0
2020-03-05,2020030501021376,JBBL,44,53,1000,190.0,190000.0
2020-03-05,2020030501021375,JBBL,1,53,100,190.0,19000.0
2020-03-05,2020030501021374,JBBL,58,53,1000,190.0,190000.0
2020-03-05,2020030501021373,JBBL,29,53,100,190.0,19000.0
2020-03-05,2020030501021372,JBBL,38,53,83,190.0,15770.0
2020-03-05,2020030501021367,JBBL,38,50,17,190.0,3230.0
2020-03-05,2020030501021306,JBBL,44,35,50,191.0,9550.0
2020-03-05,2020030501021510,JSLBB,41,44,31,1569.0,48639.0
2020-03-05,2020030501021422,KBL,36,36,100,207.0,20700.0
2020-03-05,2020030501021362,KBL,36,39,300,207.0,62100.0
2020-03-05,2020030501021330,KBL,6,33,180,208.0,37440.0
2020-03-05,2020030501021329,KBL,57,33,100,208.0,20800.0
2020-03-05,2020030501021328,KBL,49,33,1300,208.0,270400.0
2020-03-05,2020030501021327,KBL,43,33,515,208.0,107120.0
2020-03-05,2020030501021268,KBL,43,34,1200,208.0,249600.0
2020-03-05,2020030501021231,KBL,43,49,100,208.0,20800.0
2020-03-05,2020030501021471,KSBBL,35,51,504,168.0,84672.0
2020-03-05,2020030501021470,KSBBL,38,51,35,168.0,5880.0
2020-03-05,2020030501021469,KSBBL,45,51,208,168.0,34944.0
2020-03-05,2020030501021144,LBBL,33,33,40,194.0,7760.0
2020-03-05,2020030501021059,LBBL,33,28,500,194.0,97000.0
2020-03-05,2020030501021034,LBBL,16,25,1556,195.0,303420.0
2020-03-05,2020030501021035,LBL,10,45,200,230.0,46000.0
2020-03-05,2020030501021279,LGIL,43,10,200,482.0,96400.0
2020-03-05,2020030501021278,LGIL,48,10,300,482.0,144600.0
2020-03-05,2020030501021277,LGIL,45,10,200,482.0,96400.0
2020-03-05,2020030501021276,LGIL,49,10,100,482.0,48200.0
2020-03-05,2020030501021275,LGIL,35,10,50,482.0,24100.0
2020-03-05,2020030501021274,LGIL,32,10,468,482.0,225576.0
2020-03-05,2020030501021273,LGIL,34,10,200,483.0,96600.0
2020-03-05,2020030501021272,LGIL,26,10,150,483.0,72450.0
2020-03-05,2020030501021271,LGIL,28,10,50,484.0,24200.0
2020-03-05,2020030501021189,MBL,35,34,450,245.0,110250.0
2020-03-05,2020030501021188,MBL,50,34,250,246.0,61500.0
2020-03-05,2020030501021145,MBL,50,57,150,246.0,36900.0
2020-03-05,2020030501021117,MDB,58,56,250,449.0,112250.0
2020-03-05,2020030501021047,MDB,43,53,141,448.0,63168.0
2020-03-05,2020030501021046,MDB,43,53,78,448.0,34944.0
2020-03-05,2020030501021045,MDB,5,53,200,449.0,89800.0
2020-03-05,2020030501021078,MEGA,44,33,50,229.0,11450.0
2020-03-05,2020030501021477,MERO,34,58,400,652.0,260800.0
2020-03-05,2020030501021430,MERO,34,33,100,652.0,65200.0
2020-03-05,2020030501021054,MERO,34,58,250,652.0,163000.0
2020-03-05,2020030501021269,MERO,26,40,200,653.0,130600.0
2020-03-05,2020030501021514,MLBBL,58,25,183,775.0,141825.0
2020-03-05,2020030501021281,MLBBL,22,21,35,778.0,27230.0
2020-03-05,2020030501021506,MLBL,14,39,77,220.0,16940.0
2020-03-05,2020030501021326,MLBL,38,39,15,221.0,3315.0
2020-03-05,2020030501021218,MLBL,38,57,258,221.0,57018.0
2020-03-05,2020030501021217,MLBL,38,57,250,221.0,55250.0
2020-03-05,2020030501021216,MLBL,38,57,247,221.0,54587.0
2020-03-05,2020030501021325,MLBL,38,57,245,221.0,54145.0
2020-03-05,2020030501021033,MLBLPO,40,50,95000,125.0,11875000.0
2020-03-05,2020030501021509,MNBBL,17,36,100,334.0,33400.0
2020-03-05,2020030501021161,MNBBL,44,36,200,336.0,67200.0
2020-03-05,2020030501021472,MPFL,32,43,10,127.0,1270.0
2020-03-05,2020030501021424,MPFL,17,43,10,128.0,1280.0
2020-03-05,2020030501021371,MPFL,17,43,10,130.0,1300.0
2020-03-05,2020030501021334,MPFL,17,43,10,132.0,1320.0
2020-03-05,2020030501021313,MPFL,17,43,10,134.0,1340.0
2020-03-05,2020030501021288,MPFL,17,43,10,136.0,1360.0
2020-03-05,2020030501021221,MPFL,17,43,10,138.0,1380.0
2020-03-05,2020030501021162,MPFL,17,43,10,140.0,1400.0
2020-03-05,2020030501021120,MPFL,18,32,10,140.0,1400.0
2020-03-05,2020030501021091,MPFL,18,32,40,140.0,5600.0
2020-03-05,2020030501021090,MPFL,18,35,50,140.0,7000.0
2020-03-05,2020030501021089,MPFL,18,43,10,136.0,1360.0
2020-03-05,2020030501021063,MSMBS,33,45,11,798.0,8778.0
2020-03-05,2020030501021062,MSMBS,33,44,11,795.0,8745.0
2020-03-05,2020030501021406,NABIL,1,36,175,841.0,147175.0
2020-03-05,2020030501021401,NABIL,49,29,86,840.0,72240.0
2020-03-05,2020030501021368,NABIL,49,48,240,840.0,201600.0
2020-03-05,2020030501021185,NABIL,25,36,74,841.0,62234.0
2020-03-05,2020030501021184,NABIL,25,7,126,841.0,105966.0
2020-03-05,2020030501021183,NABIL,49,7,74,841.0,62234.0
2020-03-05,2020030501021097,NABIL,49,28,126,841.0,105966.0
2020-03-05,2020030501021096,NABIL,17,28,50,841.0,42050.0
2020-03-05,2020030501021436,NADEP,17,1,40,696.0,27840.0
2020-03-05,2020030501021179,NADEP,17,59,35,696.0,24360.0
2020-03-05,2020030501021067,NADEP,17,25,23,696.0,16008.0
2020-03-05,2020030501021094,NBB,38,10,1425,222.0,316350.0
2020-03-05,2020030501021093,NBB,29,10,100,222.0,22200.0
2020-03-05,2020030501021092,NBB,42,10,276,223.0,61548.0
2020-03-05,2020030501021195,NBL,52,36,50,283.0,14150.0
2020-03-05,2020030501021157,NBL,52,28,76,283.0,21508.0
2020-03-05,2020030501021129,NBL,44,28,200,283.0,56600.0
2020-03-05,2020030501021128,NBL,21,28,30,283.0,8490.0
2020-03-05,2020030501021127,NBL,56,28,100,283.0,28300.0
2020-03-05,2020030501021126,NBL,17,28,394,283.0,111502.0
2020-03-05,2020030501021079,NBL,17,11,650,283.0,183950.0
2020-03-05,2020030501021531,NCCB,48,34,100,199.0,19900.0
2020-03-05,2020030501021530,NCCB,35,34,82,199.0,16318.0
2020-03-05,2020030501021389,NHDL,50,46,38,149.0,5662.0
2020-03-05,2020030501021270,NHDL,50,14,10,149.0,1490.0
2020-03-05,2020030501021505,NIB,17,1,100,417.0,41700.0
2020-03-05,2020030501021474,NIB,28,1,165,417.0,68805.0
2020-03-05,2020030501021394,NIB,28,35,35,416.0,14560.0
2020-03-05,2020030501021366,NIB,33,29,39,414.0,16146.0
2020-03-05,2020030501021240,NIB,33,1,104,414.0,43056.0
2020-03-05,2020030501021239,NIB,45,1,1000,414.0,414000.0
2020-03-05,2020030501021238,NIB,39,1,86,414.0,35604.0
2020-03-05,2020030501021213,NIB,57,35,65,416.0,27040.0
2020-03-05,2020030501021529,NICA,34,33,1500,574.0,861000.0
2020-03-05,2020030501021426,NICA,59,58,1000,575.0,575000.0
2020-03-05,2020030501021322,NICA,57,6,300,575.0,172500.0
2020-03-05,2020030501021321,NICA,50,6,100,575.0,57500.0
2020-03-05,2020030501021160,NICA,34,7,100,574.0,57400.0
2020-03-05,2020030501021148,NICA,34,51,200,574.0,114800.0
2020-03-05,2020030501021082,NICA,34,29,200,574.0,114800.0
2020-03-05,2020030501021504,NICL,29,42,161,458.0,73738.0
2020-03-05,2020030501021503,NICL,43,42,129,458.0,59082.0
2020-03-05,2020030501021502,NICL,43,34,400,458.0,183200.0
2020-03-05,2020030501021501,NICL,38,34,100,459.0,45900.0
2020-03-05,2020030501021264,NICL,43,57,471,458.0,215718.0
2020-03-05,2020030501021263,NICL,37,57,200,458.0,91600.0
2020-03-05,2020030501021262,NICL,43,57,29,458.0,13282.0
2020-03-05,2020030501021261,NICL,36,57,300,460.0,138000.0
2020-03-05,2020030501021494,NIL,42,3,154,589.0,90706.0
2020-03-05,2020030501021346,NIL,38,56,200,586.0,117200.0
2020-03-05,2020030501021345,NIL,56,56,55,587.0,32285.0
2020-03-05,2020030501021315,NIL,56,49,100,587.0,58700.0
2020-03-05,2020030501021290,NIL,56,34,45,587.0,26415.0
2020-03-05,2020030501021289,NIL,28,34,55,587.0,32285.0
2020-03-05,2020030501021124,NIL,28,5,105,587.0,61635.0
2020-03-05,2020030501021111,NIL,28,34,340,587.0,199580.0
2020-03-05,2020030501021110,NIL,41,34,160,587.0,93920.0
2020-03-05,2020030501021104,NIL,41,59,230,587.0,135010.0
2020-03-05,2020030501021103,NIL,4,59,150,587.0,88050.0
2020-03-05,2020030501021066,NIL,4,16,100,587.0,58700.0
2020-03-05,2020030501021358,NLBBL,50,58,40,751.0,30040.0
2020-03-05,2020030501021357,NLBBL,44,58,26,755.0,19630.0
2020-03-05,2020030501021356,NLBBL,5,58,100,755.0,75500.0
2020-03-05,2020030501021294,NLBBL,58,5,318,760.0,241680.0
2020-03-05,2020030501021415,NLG,25,4,100,640.0,64000.0
2020-03-05,2020030501021316,NLG,42,59,200,641.0,128200.0
2020-03-05,2020030501021055,NLG,6,34,100,648.0,64800.0
2020-03-05,2020030501021492,NLIC,47,41,380,1250.0,475000.0
2020-03-05,2020030501021491,NLIC,56,41,50,1250.0,62500.0
2020-03-05,2020030501021490,NLIC,38,41,20,1250.0,25000.0
2020-03-05,2020030501021489,NLIC,19,41,200,1250.0,250000.0
2020-03-05,2020030501021488,NLIC,34,41,300,1250.0,375000.0
2020-03-05,2020030501021487,NLIC,26,41,30,1250.0,37500.0
2020-03-05,2020030501021058,NLIC,44,35,387,1255.0,485685.0
2020-03-05,2020030501021057,NLIC,14,35,113,1255.0,141815.0
2020-03-05,2020030501021140,NLIC,50,34,22,1254.0,27588.0
2020-03-05,2020030501021139,NLIC,50,50,70,1254.0,87780.0
2020-03-05,2020030501021087,NLIC,56,50,200,1254.0,250800.0
2020-03-05,2020030501021086,NLIC,49,50,1117,1254.0,1400718.0
2020-03-05,2020030501021085,NLIC,50,50,500,1255.0,627500.0
2020-03-05,2020030501021084,NLIC,44,50,113,1255.0,141815.0
2020-03-05,2020030501021292,NLIC,49,29,20,1253.0,25060.0
2020-03-05,2020030501021251,NLIC,55,5,200,1253.0,250600.0
2020-03-05,2020030501021205,NLIC,32,28,13,1253.0,16289.0
2020-03-05,2020030501021204,NLIC,44,28,300,1254.0,376200.0
2020-03-05,2020030501021203,NLIC,50,28,87,1254.0,109098.0
2020-03-05,2020030501021172,NLIC,50,1,21,1254.0,26334.0
2020-03-05,2020030501021397,NLIC,17,45,50,1252.0,62600.0
2020-03-05,2020030501021396,NLIC,47,45,25,1252.0,31300.0
2020-03-05,2020030501021395,NLIC,48,45,24,1252.0,30048.0
2020-03-05,2020030501021337,NLIC,25,38,400,1253.0,501200.0
2020-03-05,2020030501021336,NLIC,4,38,188,1253.0,235564.0
2020-03-05,2020030501021293,NLIC,4,29,12,1253.0,15036.0
2020-03-05,2020030501021442,NLIC,58,34,52,1251.0,65052.0
2020-03-05,2020030501021441,NLIC,26,34,160,1251.0,200160.0
2020-03-05,2020030501021440,NLIC,36,34,288,1253.0,360864.0
2020-03-05,2020030501021418,NLIC,36,34,200,1253.0,250600.0
2020-03-05,2020030501021417,NLIC,36,38,12,1253.0,15036.0
2020-03-05,2020030501021398,NLIC,58,45,48,1251.0,60048.0
2020-03-05,2020030501021445,NMB,57,17,31,458.0,14198.0
2020-03-05,2020030501021444,NMB,45,17,26,458.0,11908.0
2020-03-05,2020030501021443,NMB,52,17,43,458.0,19694.0
2020-03-05,2020030501021355,NMB,59,48,50,459.0,22950.0
2020-03-05,2020030501021354,NMB,59,58,950,459.0,436050.0
2020-03-05,2020030501021210,NMB,52,5,500,458.0,229000.0
2020-03-05,2020030501021149,NMB,52,35,50,458.0,22900.0
2020-03-05,2020030501021138,NMB,52,7,100,458.0,45800.0
2020-03-05,2020030501021109,NMB,52,13,2307,458.0,1056606.0
2020-03-05,2020030501021108,NMB,52,13,50,458.0,22900.0
2020-03-05,2020030501021107,NMB,53,13,1036,458.0,474488.0
2020-03-05,2020030501021500,NMBMF,40,4,100,825.0,82500.0
2020-03-05,2020030501021420,NMBMF,42,58,288,830.0,239040.0
2020-03-05,2020030501021244,NMBMF,42,38,57,830.0,47310.0
2020-03-05,2020030501021243,NMBMF,14,38,50,835.0,41750.0
2020-03-05,2020030501021242,NMBMF,7,38,19,838.0,15922.0
2020-03-05,2020030501021241,NMBMF,45,38,74,839.0,62086.0
2020-03-05,2020030501021123,NMBMF,45,21,26,839.0,21814.0
2020-03-05,2020030501021308,NMFBS,56,29,20,1729.0,34580.0
2020-03-05,2020030501021458,NTC,13,58,20,651.0,13020.0
2020-03-05,2020030501021180,NTC,38,28,10,655.0,6550.0
2020-03-05,2020030501021115,NTC,7,19,200,652.0,130400.0
2020-03-05,2020030501021114,NTC,53,19,400,653.0,261200.0
2020-03-05,2020030501021267,NUBL,4,13,50,1021.0,51050.0
2020-03-05,2020030501021118,NUBL,22,1,50,1015.0,50750.0
2020-03-05,2020030501021214,PCBL,4,16,51,302.0,15402.0
2020-03-05,2020030501021186,PCBL,4,21,1000,302.0,302000.0
2020-03-05,2020030501021495,PIC,38,58,378,596.0,225288.0
2020-03-05,2020030501021486,PIC,38,35,400,596.0,238400.0
2020-03-05,2020030501021485,PIC,54,35,100,600.0,60000.0
2020-03-05,2020030501021353,PIC,38,33,722,596.0,430312.0
2020-03-05,2020030501021352,PIC,17,33,20,596.0,11920.0
2020-03-05,2020030501021351,PIC,54,33,139,596.0,82844.0
2020-03-05,2020030501021208,PIC,14,33,120,599.0,71880.0
2020-03-05,2020030501021207,PIC,11,33,80,601.0,48080.0
2020-03-05,2020030501021206,PIC,10,33,100,602.0,60200.0
2020-03-05,2020030501021083,PIC,10,57,100,602.0,60200.0
2020-03-05,2020030501021350,PIC,8,33,50,597.0,29850.0
2020-03-05,2020030501021349,PIC,19,33,200,598.0,119600.0
2020-03-05,2020030501021348,PIC,42,33,39,598.0,23322.0
2020-03-05,2020030501021347,PIC,14,33,30,599.0,17970.0
2020-03-05,2020030501021260,PIC,14,21,50,599.0,29950.0
2020-03-05,2020030501021259,PIC,10,21,50,600.0,30000.0
2020-03-05,2020030501021499,PLIC,8,7,617,595.0,367115.0
2020-03-05,2020030501021299,PLIC,8,32,450,595.0,267750.0
2020-03-05,2020030501021400,PPCL,34,29,30,117.0,3510.0
2020-03-05,2020030501021508,PRIN,36,39,500,450.0,225000.0
2020-03-05,2020030501021202,PRIN,45,43,23,454.0,10442.0
2020-03-05,2020030501021201,PRIN,45,41,17,454.0,7718.0
2020-03-05,2020030501021141,PRIN,36,19,132,450.0,59400.0
2020-03-05,2020030501021454,PRVU,51,33,257,253.0,65021.0
2020-03-05,2020030501021453,PRVU,17,33,500,253.0,126500.0
2020-03-05,2020030501021452,PRVU,56,33,200,253.0,50600.0
2020-03-05,2020030501021451,PRVU,19,33,250,253.0,63250.0
2020-03-05,2020030501021450,PRVU,44,33,100,253.0,25300.0
2020-03-05,2020030501021449,PRVU,39,33,50,253.0,12650.0
2020-03-05,2020030501021448,PRVU,11,33,20,253.0,5060.0
2020-03-05,2020030501021447,PRVU,51,33,3000,253.0,759000.0
2020-03-05,2020030501021446,PRVU,17,33,623,253.0,157619.0
2020-03-05,2020030501021190,RHPC,29,35,50,86.0,4300.0
2020-03-05,2020030501021423,RHPL,1,29,40,158.0,6320.0
2020-03-05,2020030501021226,RHPL,1,44,10,158.0,1580.0
2020-03-05,2020030501021304,RMDC,43,25,10,742.0,7420.0
2020-03-05,2020030501021303,RMDC,43,50,40,740.0,29600.0
2020-03-05,2020030501021302,RMDC,43,55,60,738.0,44280.0
2020-03-05,2020030501021301,RMDC,43,49,80,738.0,59040.0
2020-03-05,2020030501021284,RMDC,43,49,10,738.0,7380.0
2020-03-05,2020030501021257,RMDC,43,52,20,737.0,14740.0
2020-03-05,2020030501021166,RMDC,43,57,200,720.0,144000.0
2020-03-05,2020030501021165,RMDC,43,59,130,720.0,93600.0
2020-03-05,2020030501021164,RMDC,43,45,50,719.0,35950.0
2020-03-05,2020030501021163,RMDC,43,43,490,717.0,351330.0
2020-03-05,2020030501021256,RMDC,43,52,10,729.0,7290.0
2020-03-05,2020030501021255,RMDC,43,32,200,724.0,144800.0
2020-03-05,2020030501021254,RMDC,43,44,990,723.0,715770.0
2020-03-05,2020030501021169,RMDC,43,44,10,723.0,7230.0
2020-03-05,2020030501021168,RMDC,43,52,10,722.0,7220.0
2020-03-05,2020030501021167,RMDC,43,53,20,720.0,14400.0
2020-03-05,2020030501021455,RSDC,44,36,50,506.0,25300.0
2020-03-05,2020030501021405,RSDC,40,57,11,510.0,5610.0
2020-03-05,2020030501021403,RSDC,40,34,490,510.0,249900.0
2020-03-05,2020030501021402,RSDC,38,34,10,510.0,5100.0
2020-03-05,2020030501021061,RSDC,41,44,100,512.0,51200.0
2020-03-05,2020030501021060,RSDC,17,44,100,512.0,51200.0
2020-03-05,2020030501021388,SAEF,7,34,1000,9.43,9430.0
2020-03-05,2020030501021387,SAEF,57,34,1000,9.43,9430.0
2020-03-05,2020030501021386,SAEF,38,34,2000,9.45,18900.0
2020-03-05,2020030501021437,SANIMA,20,19,255,364.0,92820.0
2020-03-05,2020030501021429,SANIMA,20,54,500,364.0,182000.0
2020-03-05,2020030501021399,SANIMA,20,49,880,364.0,320320.0
2020-03-05,2020030501021342,SANIMA,10,33,384,365.0,140160.0
2020-03-05,2020030501021143,SANIMA,10,25,116,365.0,42340.0
2020-03-05,2020030501021095,SANIMA,41,25,304,365.0,110960.0
2020-03-05,2020030501021393,SBI,28,45,1400,465.0,651000.0
2020-03-05,2020030501021197,SBI,53,56,50,466.0,23300.0
2020-03-05,2020030501021196,SBI,13,56,100,466.0,46600.0
2020-03-05,2020030501021457,SBL,29,11,25,327.0,8175.0
2020-03-05,2020030501021456,SBL,36,11,75,327.0,24525.0
2020-03-05,2020030501021234,SBL,36,33,25,327.0,8175.0
2020-03-05,2020030501021513,SCB,50,33,100,696.0,69600.0
2020-03-05,2020030501021132,SCB,58,51,10,701.0,7010.0
2020-03-05,2020030501021131,SCB,58,13,20,700.0,14000.0
2020-03-05,2020030501021130,SCB,58,7,20,699.0,13980.0
2020-03-05,2020030501021266,SDESI,25,38,10,950.0,9500.0
2020-03-05,2020030501021199,SDESI,14,21,23,939.0,21597.0
2020-03-05,2020030501021282,SHINE,13,51,100,302.0,30200.0
2020-03-05,2020030501021287,SHIVM,38,19,100,591.0,59100.0
2020-03-05,2020030501021193,SHIVM,38,36,50,591.0,29550.0
2020-03-05,2020030501021192,SHIVM,52,36,100,592.0,59200.0
2020-03-05,2020030501021191,SHIVM,41,36,50,592.0,29600.0
2020-03-05,2020030501021171,SHIVM,33,48,50,593.0,29650.0
2020-03-05,2020030501021170,SHIVM,39,48,1770,593.0,1049610.0
2020-03-05,2020030501021071,SHIVM,48,55,500,594.0,297000.0
2020-03-05,2020030501021070,SHIVM,49,55,100,594.0,59400.0
2020-03-05,2020030501021069,SHIVM,32,55,200,594.0,118800.0
2020-03-05,2020030501021068,SHIVM,56,55,20,594.0,11880.0
2020-03-05,2020030501021065,SHIVM,56,49,100,594.0,59400.0
2020-03-05,2020030501021133,SHIVM,39,28,500,593.0,296500.0
2020-03-05,2020030501021122,SHIVM,39,34,730,593.0,432890.0
2020-03-05,2020030501021121,SHIVM,5,34,270,593.0,160110.0
2020-03-05,2020030501021074,SHIVM,5,55,30,593.0,17790.0
2020-03-05,2020030501021073,SHIVM,52,55,100,594.0,59400.0
2020-03-05,2020030501021072,SHIVM,38,55,50,594.0,29700.0
2020-03-05,2020030501021044,SHL,51,53,281,178.0,50018.0
2020-03-05,2020030501021043,SHL,41,53,500,178.0,89000.0
2020-03-05,2020030501021042,SHL,34,53,100,178.0,17800.0
2020-03-05,2020030501021041,SHL,22,53,200,178.0,35600.0
2020-03-05,2020030501021040,SHL,47,53,500,178.0,89000.0
2020-03-05,2020030501021039,SHL,34,53,500,178.0,89000.0
2020-03-05,2020030501021038,SHL,45,53,100,178.0,17800.0
2020-03-05,2020030501021037,SHL,34,53,100,178.0,17800.0
2020-03-05,2020030501021523,SHPC,38,28,129,215.0,27735.0
2020-03-05,2020030501021522,SHPC,45,28,500,215.0,107500.0
2020-03-05,2020030501021521,SHPC,34,28,100,215.0,21500.0
2020-03-05,2020030501021520,SHPC,49,28,10,215.0,2150.0
2020-03-05,2020030501021519,SHPC,49,28,50,215.0,10750.0
2020-03-05,2020030501021518,SHPC,10,28,400,215.0,86000.0
2020-03-05,2020030501021517,SHPC,22,28,100,215.0,21500.0
2020-03-05,2020030501021516,SHPC,47,28,500,215.0,107500.0
2020-03-05,2020030501021515,SHPC,49,28,411,215.0,88365.0
2020-03-05,2020030501021178,SHPC,57,6,250,219.0,54750.0
2020-03-05,2020030501021177,SHPC,57,51,200,218.0,43600.0
2020-03-05,2020030501021511,SICL,13,6,10,979.0,9790.0
2020-03-05,2020030501021404,SICL,29,26,100,972.0,97200.0
2020-03-05,2020030501021319,SICL,13,52,103,966.0,99498.0
2020-03-05,2020030501021318,SICL,3,52,10,970.0,9700.0
2020-03-05,2020030501021317,SICL,37,52,387,970.0,375390.0
2020-03-05,2020030501021314,SICL,13,26,100,972.0,97200.0
2020-03-05,2020030501021527,SIL,34,58,317,561.0,177837.0
2020-03-05,2020030501021526,SIL,5,58,50,561.0,28050.0
2020-03-05,2020030501021525,SIL,32,58,33,562.0,18546.0
2020-03-05,2020030501021333,SIL,32,34,900,562.0,505800.0
2020-03-05,2020030501021332,SIL,44,34,100,563.0,56300.0
2020-03-05,2020030501021198,SIL,44,59,650,563.0,365950.0
2020-03-05,2020030501021173,SIL,44,33,250,563.0,140750.0
2020-03-05,2020030501021286,SJCL,49,44,10,152.0,1520.0
2020-03-05,2020030501021512,SKBBL,28,14,100,1150.0,115000.0
2020-03-05,2020030501021370,SKBBL,38,38,500,1135.0,567500.0
2020-03-05,2020030501021369,SKBBL,38,52,50,1135.0,56750.0
2020-03-05,2020030501021309,SKBBL,38,13,100,1117.0,111700.0
2020-03-05,2020030501021048,SKBBL,38,6,400,1130.0,452000.0
2020-03-05,2020030501021493,SLBBL,58,38,200,893.0,178600.0
2020-03-05,2020030501021146,SLBBL,53,29,100,894.0,89400.0
2020-03-05,2020030501021361,SLBBL,58,58,200,893.0,178600.0
2020-03-05,2020030501021338,SLBBL,34,34,200,911.0,182200.0
2020-03-05,2020030501021311,SLBBL,34,26,40,899.0,35960.0
2020-03-05,2020030501021147,SLBBL,58,29,12,893.0,10716.0
2020-03-05,2020030501021480,SLICL,7,57,223,466.0,103918.0
2020-03-05,2020030501021479,SLICL,41,57,307,466.0,143062.0
2020-03-05,2020030501021285,SLICL,17,57,30,469.0,14070.0
2020-03-05,2020030501021181,SLICL,41,34,193,466.0,89938.0
2020-03-05,2020030501021098,SLICL,20,34,320,466.0,149120.0
2020-03-05,2020030501021049,SLICL,32,49,50,465.0,23250.0
2020-03-05,2020030501021435,SPARS,17,47,30,827.0,24810.0
2020-03-05,2020030501021434,SPARS,45,47,10,827.0,8270.0
2020-03-05,2020030501021433,SPARS,6,47,50,828.0,41400.0
2020-03-05,2020030501021432,SPARS,35,47,100,830.0,83000.0
2020-03-05,2020030501021431,SPARS,14,47,20,834.0,16680.0
2020-03-05,2020030501021220,SPARS,14,6,30,834.0,25020.0
2020-03-05,2020030501021219,SPARS,42,6,10,835.0,8350.0
2020-03-05,2020030501021478,SRBL,14,42,240,262.0,62880.0
2020-03-05,2020030501021312,SRBL,34,13,1624,261.0,423864.0
2020-03-05,2020030501021291,SRBL,36,42,200,262.0,52400.0
2020-03-05,2020030501021081,SRBL,34,21,1000,261.0,261000.0
2020-03-05,2020030501021105,TMDBL,51,36,100,203.0,20300.0
2020-03-05,2020030501021378,UIC,49,34,41,375.0,15375.0
2020-03-05,2020030501021377,UIC,22,34,79,375.0,29625.0
2020-03-05,2020030501021465,UPPER,25,6,35,237.0,8295.0
2020-03-05,2020030501021464,UPPER,25,28,40,237.0,9480.0
2020-03-05,2020030501021463,UPPER,25,34,50,237.0,11850.0
2020-03-05,2020030501021462,UPPER,25,1,149,237.0,35313.0
2020-03-05,2020030501021461,UPPER,25,45,146,236.0,34456.0
2020-03-05,2020030501021102,UPPER,46,34,340,234.0,79560.0
2020-03-05,2020030501021101,UPPER,41,34,200,234.0,46800.0
2020-03-05,2020030501021100,UPPER,59,34,500,234.0,117000.0
2020-03-05,2020030501021099,UPPER,52,34,370,234.0,86580.0
2020-03-05,2020030501021344,UPPER,36,16,100,235.0,23500.0
2020-03-05,2020030501021412,UPPER,33,16,300,234.0,70200.0
2020-03-05,2020030501021411,UPPER,58,16,500,234.0,117000.0
2020-03-05,2020030501021410,UPPER,33,16,1000,234.0,234000.0
2020-03-05,2020030501021409,UPPER,46,16,160,234.0,37440.0
2020-03-05,2020030501021460,UPPER,25,17,50,236.0,11800.0
2020-03-05,2020030501021459,UPPER,25,14,30,236.0,7080.0
2020-03-05,2020030501021425,UPPER,48,22,20,234.0,4680.0
2020-03-05,2020030501021421,UPPER,48,44,40,234.0,9360.0
2020-03-05,2020030501021414,UPPER,48,16,155,234.0,36270.0
2020-03-05,2020030501021413,UPPER,11,16,300,234.0,70200.0
2020-03-05,2020030501021419,WOMI,45,38,200,1052.0,210400.0
2020-03-05,2020030501021323,WOMI,49,38,200,1051.0,210200.0
2020-03-05,2020030501021265,WOMI,49,22,150,1052.0,157800.0
2020-03-05,2020030501021051,WOMI,50,42,32,1050.0,33600.0
2020-03-05,2020030501021050,WOMI,42,42,50,1050.0,52500.0
2020-03-05,2020030501020354,ADBL,14,25,36,407.0,14652.0
2020-03-05,2020030501020088,AHPC,55,17,500,100.0,50000.0
2020-03-05,2020030501020087,AHPC,55,17,200,100.0,20000.0
2020-03-05,2020030501020086,AHPC,18,17,300,100.0,30000.0
2020-03-05,2020030501020085,AHPC,34,17,285,100.0,28500.0
2020-03-05,2020030501020435,AKPL,36,46,500,125.0,62500.0
2020-03-05,2020030501020340,AKPL,36,36,43,124.0,5332.0
2020-03-05,2020030501020339,AKPL,42,36,957,124.0,118668.0
2020-03-05,2020030501020107,AKPL,42,42,10,124.0,1240.0
2020-03-05,2020030501020032,AKPL,42,29,13,124.0,1612.0
2020-03-05,2020030501020509,ALBSL,25,26,11,701.0,7711.0
2020-03-05,2020030501020466,ALBSL,25,26,11,701.0,7711.0
2020-03-05,2020030501020123,ALBSL,25,5,11,701.0,7711.0
2020-03-05,2020030501020120,ALBSL,25,19,26,701.0,18226.0
2020-03-05,2020030501020078,ALBSL,18,58,11,700.0,7700.0
2020-03-05,2020030501020275,ALICL,37,16,133,580.0,77140.0
2020-03-05,2020030501020149,ALICL,37,25,17,580.0,9860.0
2020-03-05,2020030501020148,ALICL,51,25,133,583.0,77539.0
2020-03-05,2020030501020132,ALICL,51,39,367,583.0,213961.0
2020-03-05,2020030501020348,API,28,26,195,128.0,24960.0
2020-03-05,2020030501020347,API,51,26,100,128.0,12800.0
2020-03-05,2020030501020346,API,25,26,100,128.0,12800.0
2020-03-05,2020030501020345,API,45,26,200,128.0,25600.0
2020-03-05,2020030501020206,API,13,56,500,129.0,64500.0
2020-03-05,2020030501020205,API,46,56,100,129.0,12900.0
2020-03-05,2020030501020117,API,40,14,31,131.0,4061.0
2020-03-05,2020030501020204,API,33,56,200,129.0,25800.0
2020-03-05,2020030501020203,API,52,56,500,129.0,64500.0
2020-03-05,2020030501020202,API,17,56,200,129.0,25800.0
2020-03-05,2020030501020201,API,5,56,104,129.0,13416.0
2020-03-05,2020030501020119,API,41,13,650,130.0,84500.0
2020-03-05,2020030501020118,API,40,13,22,131.0,2882.0
2020-03-05,2020030501020385,BOKL,29,57,100,249.0,24900.0
2020-03-05,2020030501020380,BOKL,39,39,293,246.0,72078.0
2020-03-05,2020030501020379,BOKL,13,39,70,247.0,17290.0
2020-03-05,2020030501020378,BOKL,6,39,174,247.0,42978.0
2020-03-05,2020030501020424,BPCL,42,44,11,364.0,4004.0
2020-03-05,2020030501020180,BPCL,10,26,11,361.0,3971.0
2020-03-05,2020030501020244,CBBL,14,38,50,1070.0,53500.0
2020-03-05,2020030501020243,CBBL,35,38,20,1076.0,21520.0
2020-03-05,2020030501020242,CBBL,58,38,81,1076.0,87156.0
2020-03-05,2020030501020241,CBBL,36,38,10,1077.0,10770.0
2020-03-05,2020030501020351,CBL,48,50,500,148.0,74000.0
2020-03-05,2020030501020174,CBL,49,37,50,149.0,7450.0
2020-03-05,2020030501020173,CBL,25,37,157,149.0,23393.0
2020-03-05,2020030501020343,CCBL,46,39,74,185.0,13690.0
2020-03-05,2020030501020342,CCBL,38,39,675,185.0,124875.0
2020-03-05,2020030501020184,CCBL,38,35,100,185.0,18500.0
2020-03-05,2020030501020084,CCBL,38,42,110,185.0,20350.0
2020-03-05,2020030501020479,CFCL,43,17,10,141.0,1410.0
2020-03-05,2020030501020367,CHCL,41,50,280,415.0,116200.0
2020-03-05,2020030501020214,CHCL,41,11,20,415.0,8300.0
2020-03-05,2020030501020213,CHCL,45,11,30,415.0,12450.0
2020-03-05,2020030501020514,CIT,46,16,90,2682.0,241380.0
2020-03-05,2020030501020513,CIT,37,16,100,2682.0,268200.0
2020-03-05,2020030501020512,CIT,35,16,10,2682.0,26820.0
2020-03-05,2020030501020508,CIT,14,55,50,2690.0,134500.0
2020-03-05,2020030501020412,CIT,33,55,200,2700.0,540000.0
2020-03-05,2020030501020383,CZBIL,58,58,1,201.0,201.0
2020-03-05,2020030501020060,CZBIL,21,46,800,205.0,164000.0
2020-03-05,2020030501020094,DDBL,14,28,50,889.0,44450.0
2020-03-05,2020030501020523,EBL,43,36,10,755.0,7550.0
2020-03-05,2020030501020384,EBL,49,36,783,755.0,591165.0
2020-03-05,2020030501020272,EBL,29,34,200,756.0,151200.0
2020-03-05,2020030501020053,EBL,49,57,217,755.0,163835.0
2020-03-05,2020030501020190,EDBL,45,32,100,396.0,39600.0
2020-03-05,2020030501020238,FMDBL,6,38,65,511.0,33215.0
2020-03-05,2020030501020237,FMDBL,38,38,840,511.0,429240.0
2020-03-05,2020030501020154,FMDBL,38,17,160,511.0,81760.0
2020-03-05,2020030501020153,FMDBL,22,17,40,511.0,20440.0
2020-03-05,2020030501020453,GBIME,11,29,980,288.0,282240.0
2020-03-05,2020030501020357,GBIME,38,38,4,288.0,1152.0
2020-03-05,2020030501020337,GBIME,22,29,20,288.0,5760.0
2020-03-05,2020030501020290,GBIME,35,39,114,287.0,32718.0
2020-03-05,2020030501020268,GBIME,35,13,449,287.0,128863.0
2020-03-05,2020030501020267,GBIME,34,13,200,287.0,57400.0
2020-03-05,2020030501020110,GBIME,8,41,653,287.0,187411.0
2020-03-05,2020030501020266,GBIME,57,13,22,287.0,6314.0
2020-03-05,2020030501020159,GBIME,57,57,78,287.0,22386.0
2020-03-05,2020030501020158,GBIME,34,57,50,287.0,14350.0
2020-03-05,2020030501020157,GBIME,14,57,100,287.0,28700.0
2020-03-05,2020030501020156,GBIME,42,57,100,287.0,28700.0
2020-03-05,2020030501020155,GBIME,8,57,172,287.0,49364.0
2020-03-05,2020030501020179,GBLBS,33,17,89,501.0,44589.0
2020-03-05,2020030501020143,GBLBS,33,44,15,501.0,7515.0
2020-03-05,2020030501020046,GBLBS,43,6,140,510.0,71400.0
2020-03-05,2020030501020353,GFCL,51,35,119,158.0,18802.0
2020-03-05,2020030501020352,GFCL,17,35,100,158.0,15800.0
2020-03-05,2020030501020321,GFCL,43,35,10,160.0,1600.0
2020-03-05,2020030501020043,GHL,25,29,30,66.0,1980.0
2020-03-05,2020030501020160,GILB,13,21,15,1342.0,20130.0
2020-03-05,2020030501020128,GILB,13,21,45,1342.0,60390.0
2020-03-05,2020030501020334,GLBSL,39,43,20,680.0,13600.0
2020-03-05,2020030501020323,GLBSL,39,44,10,667.0,6670.0
2020-03-05,2020030501020197,GLICL,54,17,132,490.0,64680.0
2020-03-05,2020030501020196,GLICL,34,17,218,490.0,106820.0
2020-03-05,2020030501020195,GLICL,55,17,150,491.0,73650.0
2020-03-05,2020030501020349,GUFL,43,28,10,133.0,1330.0
2020-03-05,2020030501020217,GUFL,32,25,50,135.0,6750.0
2020-03-05,2020030501020216,GUFL,32,45,100,134.0,13400.0
2020-03-05,2020030501020520,HBL,33,56,200,603.0,120600.0
2020-03-05,2020030501020057,HBL,7,32,100,608.0,60800.0
2020-03-05,2020030501020500,HDL,48,25,260,1620.0,421200.0
2020-03-05,2020030501020418,HDL,45,25,20,1620.0,32400.0
2020-03-05,2020030501020417,HDL,45,25,100,1621.0,162100.0
2020-03-05,2020030501020416,HDL,19,25,20,1621.0,32420.0
2020-03-05,2020030501020341,HDL,48,42,23,1621.0,37283.0
2020-03-05,2020030501020093,HDL,4,36,50,1620.0,81000.0
2020-03-05,2020030501020092,HDL,34,36,100,1620.0,162000.0
2020-03-05,2020030501020106,HGI,6,45,100,397.0,39700.0
2020-03-05,2020030501020322,HIDCL,6,21,31,137.0,4247.0
2020-03-05,2020030501020126,HIDCL,6,42,61,137.0,8357.0
2020-03-05,2020030501020074,HIDCL,6,29,33,137.0,4521.0
2020-03-05,2020030501020108,HURJA,45,29,20,103.0,2060.0
2020-03-05,2020030501020066,HURJA,45,55,60,103.0,6180.0
2020-03-05,2020030501020052,IGI,49,22,50,416.0,20800.0
2020-03-05,2020030501020361,ILBS,57,44,10,761.0,7610.0
2020-03-05,2020030501020376,JBBL,57,28,1000,191.0,191000.0
2020-03-05,2020030501020374,JBBL,57,41,200,191.0,38200.0
2020-03-05,2020030501020270,JBBL,22,35,30,192.0,5760.0
2020-03-05,2020030501020167,JBBL,57,49,250,191.0,47750.0
2020-03-05,2020030501020061,JBBL,21,21,9,188.0,1692.0
2020-03-05,2020030501020036,JBBL,57,11,57,191.0,10887.0
2020-03-05,2020030501020131,JOSHI,34,29,20,61.0,1220.0
2020-03-05,2020030501020166,KBL,43,8,77,208.0,16016.0
2020-03-05,2020030501020165,KBL,53,8,1000,208.0,208000.0
2020-03-05,2020030501020064,KBL,43,26,14,208.0,2912.0
2020-03-05,2020030501020063,KBL,43,50,66,208.0,13728.0
2020-03-05,2020030501020062,KBL,43,26,14,208.0,2912.0
2020-03-05,2020030501020519,KMCDB,14,40,10,900.0,9000.0
2020-03-05,2020030501020482,KMCDB,17,40,10,900.0,9000.0
2020-03-05,2020030501020456,KMCDB,17,40,10,900.0,9000.0
2020-03-05,2020030501020291,KMCDB,17,43,30,900.0,27000.0
2020-03-05,2020030501020067,KMCDB,17,44,10,900.0,9000.0
2020-03-05,2020030501020521,LBBL,33,33,92,194.0,17848.0
2020-03-05,2020030501020282,LBL,40,11,100,229.0,22900.0
2020-03-05,2020030501020224,LBL,40,39,698,229.0,159842.0
2020-03-05,2020030501020223,LBL,38,39,447,230.0,102810.0
2020-03-05,2020030501020208,LBL,38,8,553,230.0,127190.0
2020-03-05,2020030501020207,LBL,19,8,1321,230.0,303830.0
2020-03-05,2020030501020423,LGIL,7,26,200,485.0,97000.0
2020-03-05,2020030501020338,LGIL,51,11,50,485.0,24250.0
2020-03-05,2020030501020181,LGIL,5,10,200,484.0,96800.0
2020-03-05,2020030501020113,LGIL,43,10,200,484.0,96800.0
2020-03-05,2020030501020292,LICN,14,17,500,1495.0,747500.0
2020-03-05,2020030501020135,LICN,34,28,145,1490.0,216050.0
2020-03-05,2020030501020134,LICN,34,17,226,1490.0,336740.0
2020-03-05,2020030501020133,LICN,34,7,79,1489.0,117631.0
2020-03-05,2020030501020038,LICN,33,17,100,1490.0,149000.0
2020-03-05,2020030501020413,LLBS,25,6,100,1058.0,105800.0
2020-03-05,2020030501020398,LLBS,35,6,20,1078.0,21560.0
2020-03-05,2020030501020097,LVF1,21,34,8000,9.65,77200.0
2020-03-05,2020030501020037,MBL,53,8,1000,247.0,247000.0
2020-03-05,2020030501020493,MEGA,14,42,100,228.0,22800.0
2020-03-05,2020030501020483,MEGA,42,42,50,228.0,11400.0
2020-03-05,2020030501020162,MEGA,47,39,287,227.0,65149.0
2020-03-05,2020030501020161,MEGA,51,39,549,227.0,124623.0
2020-03-05,2020030501020142,MEGA,51,42,100,227.0,22700.0
2020-03-05,2020030501020408,MEGA,45,17,530,227.0,120310.0
2020-03-05,2020030501020407,MEGA,34,17,1000,227.0,227000.0
2020-03-05,2020030501020406,MEGA,47,17,470,227.0,106690.0
2020-03-05,2020030501020324,MEGA,47,45,43,227.0,9761.0
2020-03-05,2020030501020296,MEGA,58,58,1,223.0,223.0
2020-03-05,2020030501020356,MERO,16,38,100,664.0,66400.0
2020-03-05,2020030501020355,MERO,16,38,64,665.0,42560.0
2020-03-05,2020030501020319,MERO,16,13,43,665.0,28595.0
2020-03-05,2020030501020045,MFIL,32,42,500,319.0,159500.0
2020-03-05,2020030501020373,MLBL,32,29,81,221.0,17901.0
2020-03-05,2020030501020372,MLBL,32,4,63,221.0,13923.0
2020-03-05,2020030501020200,MLBL,38,4,145,221.0,32045.0
2020-03-05,2020030501020199,MLBL,38,11,95,221.0,20995.0
2020-03-05,2020030501020517,MPFL,18,32,50,134.0,6700.0
2020-03-05,2020030501020425,MPFL,18,32,50,132.0,6600.0
2020-03-05,2020030501020232,MPFL,18,3,100,130.0,13000.0
2020-03-05,2020030501020231,MPFL,18,35,100,130.0,13000.0
2020-03-05,2020030501020230,MPFL,18,57,500,130.0,65000.0
2020-03-05,2020030501020229,MPFL,18,51,97,129.0,12513.0
2020-03-05,2020030501020228,MPFL,18,16,74,128.0,9472.0
2020-03-05,2020030501020430,NABIL,14,29,60,844.0,50640.0
2020-03-05,2020030501020281,NABIL,34,14,78,845.0,65910.0
2020-03-05,2020030501020280,NABIL,34,41,668,845.0,564460.0
2020-03-05,2020030501020279,NABIL,34,50,200,845.0,169000.0
2020-03-05,2020030501020278,NABIL,34,34,164,844.0,138416.0
2020-03-05,2020030501020277,NABIL,34,14,400,844.0,337600.0
2020-03-05,2020030501020116,NABIL,49,33,500,841.0,420500.0
2020-03-05,2020030501020095,NABIL,49,41,424,841.0,356584.0
2020-03-05,2020030501020276,NABIL,34,44,90,843.0,75870.0
2020-03-05,2020030501020209,NABIL,28,38,100,840.0,84000.0
2020-03-05,2020030501020191,NABIL,28,41,500,840.0,420000.0
2020-03-05,2020030501020187,NABIL,34,1,314,841.0,264074.0
2020-03-05,2020030501020130,NABIL,29,1,200,841.0,168200.0
2020-03-05,2020030501020129,NABIL,49,1,76,841.0,63916.0
2020-03-05,2020030501020429,NBB,43,10,480,224.0,107520.0
2020-03-05,2020030501020428,NBB,43,10,2000,224.0,448000.0
2020-03-05,2020030501020427,NBB,17,10,300,224.0,67200.0
2020-03-05,2020030501020426,NBB,40,10,320,224.0,71680.0
2020-03-05,2020030501020147,NBF2,13,26,10000,8.86,88600.0
2020-03-05,2020030501020505,NBL,17,4,920,283.0,260360.0
2020-03-05,2020030501020504,NBL,45,4,30,284.0,8520.0
2020-03-05,2020030501020503,NBL,45,4,50,284.0,14200.0
2020-03-05,2020030501020178,NBL,13,7,2000,284.0,568000.0
2020-03-05,2020030501020177,NBL,13,11,1000,284.0,284000.0
2020-03-05,2020030501020176,NBL,13,34,100,284.0,28400.0
2020-03-05,2020030501020175,NBL,13,26,500,284.0,142000.0
2020-03-05,2020030501020172,NBL,17,11,2000,283.0,566000.0
2020-03-05,2020030501020350,NCCB,33,7,99,200.0,19800.0
2020-03-05,2020030501020193,NCCB,38,38,1,201.0,201.0
2020-03-05,2020030501020125,NCCB,29,32,68,199.0,13532.0
2020-03-05,2020030501020124,NCCB,40,32,47,199.0,9353.0
2020-03-05,2020030501020070,NCCB,40,39,465,199.0,92535.0
2020-03-05,2020030501020069,NCCB,4,39,500,199.0,99500.0
2020-03-05,2020030501020068,NCCB,1,39,34,199.0,6766.0
2020-03-05,2020030501020034,NCCB,14,10,95,200.0,19000.0
2020-03-05,2020030501020033,NCCB,52,10,105,200.0,21000.0
2020-03-05,2020030501020365,NIB,49,29,70,418.0,29260.0
2020-03-05,2020030501020364,NIB,43,29,100,418.0,41800.0
2020-03-05,2020030501020363,NIB,8,29,300,418.0,125400.0
2020-03-05,2020030501020362,NIB,37,29,17,418.0,7106.0
2020-03-05,2020030501020260,NIB,37,29,44,418.0,18392.0
2020-03-05,2020030501020186,NIB,1,1,44,419.0,18436.0
2020-03-05,2020030501020112,NIB,37,44,39,418.0,16302.0
2020-03-05,2020030501020044,NIB,53,1,50,419.0,20950.0
2020-03-05,2020030501020366,NIBPO,58,1,1550,357.0,553350.0
2020-03-05,2020030501020458,NICA,45,55,20,575.0,11500.0
2020-03-05,2020030501020402,NICA,50,55,70,575.0,40250.0
2020-03-05,2020030501020401,NICA,45,55,500,575.0,287500.0
2020-03-05,2020030501020400,NICA,19,55,200,575.0,115000.0
2020-03-05,2020030501020399,NICA,34,55,113,575.0,64975.0
2020-03-05,2020030501020396,NICA,34,1,200,575.0,115000.0
2020-03-05,2020030501020048,NICA,45,53,100,578.0,57800.0
2020-03-05,2020030501020047,NICA,45,45,182,578.0,105196.0
2020-03-05,2020030501020035,NICA,45,25,300,577.0,173100.0
2020-03-05,2020030501020375,NICA,34,26,220,575.0,126500.0
2020-03-05,2020030501020269,NICA,34,25,200,575.0,115000.0
2020-03-05,2020030501020144,NICA,34,11,250,575.0,143750.0
2020-03-05,2020030501020141,NICA,34,7,54,575.0,31050.0
2020-03-05,2020030501020111,NICA,34,37,243,575.0,139725.0
2020-03-05,2020030501020049,NICA,45,25,100,578.0,57800.0
2020-03-05,2020030501020415,NICL,43,25,160,458.0,73280.0
2020-03-05,2020030501020414,NICL,1,25,40,459.0,18360.0
2020-03-05,2020030501020109,NICL,1,26,60,459.0,27540.0
2020-03-05,2020030501020152,NIL,43,20,720,587.0,422640.0
2020-03-05,2020030501020151,NIL,5,20,100,587.0,58700.0
2020-03-05,2020030501020150,NIL,43,20,104,587.0,61048.0
2020-03-05,2020030501020091,NIL,43,51,896,587.0,525952.0
2020-03-05,2020030501020090,NIL,57,51,104,587.0,61048.0
2020-03-05,2020030501020039,NIL,57,58,222,587.0,130314.0
2020-03-05,2020030501020183,NLBBL,58,45,200,760.0,152000.0
2020-03-05,2020030501020103,NLBBL,58,45,400,760.0,304000.0
2020-03-05,2020030501020102,NLBBL,58,6,400,759.0,303600.0
2020-03-05,2020030501020089,NLBBL,11,34,40,758.0,30320.0
2020-03-05,2020030501020320,NLG,25,22,50,640.0,32000.0
2020-03-05,2020030501020497,NLIC,52,39,50,1259.0,62950.0
2020-03-05,2020030501020469,NLIC,49,11,86,1258.0,108188.0
2020-03-05,2020030501020405,NLIC,49,32,426,1258.0,535908.0
2020-03-05,2020030501020359,NLIC,49,13,22,1258.0,27676.0
2020-03-05,2020030501020299,NLIC,49,25,56,1258.0,70448.0
2020-03-05,2020030501020240,NLIC,49,48,233,1258.0,293114.0
2020-03-05,2020030501020121,NLIC,57,26,88,1257.0,110616.0
2020-03-05,2020030501020072,NLIC,34,56,20,1256.0,25120.0
2020-03-05,2020030501020171,NLIC,6,48,267,1258.0,335886.0
2020-03-05,2020030501020170,NLIC,6,14,125,1258.0,157250.0
2020-03-05,2020030501020169,NLIC,6,25,100,1257.0,125700.0
2020-03-05,2020030501020168,NLIC,6,49,328,1257.0,412296.0
2020-03-05,2020030501020145,NLIC,49,49,200,1257.0,251400.0
2020-03-05,2020030501020122,NLIC,57,49,472,1257.0,593304.0
2020-03-05,2020030501020219,NLIC,56,34,82,1255.0,102910.0
2020-03-05,2020030501020212,NLIC,53,34,500,1255.0,627500.0
2020-03-05,2020030501020211,NLIC,49,34,400,1255.0,502000.0
2020-03-05,2020030501020210,NLIC,25,34,18,1256.0,22608.0
2020-03-05,2020030501020189,NLIC,25,26,82,1256.0,102992.0
2020-03-05,2020030501020188,NLIC,34,26,18,1256.0,22608.0
2020-03-05,2020030501020507,NLICL,36,44,209,709.0,148181.0
2020-03-05,2020030501020488,NLICL,49,29,39,706.0,27534.0
2020-03-05,2020030501020487,NLICL,21,29,61,706.0,43066.0
2020-03-05,2020030501020457,NLICL,21,25,50,706.0,35300.0
2020-03-05,2020030501020297,NLICL,21,19,53,706.0,37418.0
2020-03-05,2020030501020249,NLICL,21,32,36,706.0,25416.0
2020-03-05,2020030501020042,NLICL,33,38,350,707.0,247450.0
2020-03-05,2020030501020041,NLICL,35,38,150,707.0,106050.0
2020-03-05,2020030501020040,NLICL,43,38,1000,708.0,708000.0
2020-03-05,2020030501020248,NLICL,48,32,50,706.0,35300.0
2020-03-05,2020030501020247,NLICL,36,32,165,706.0,116490.0
2020-03-05,2020030501020246,NLICL,36,35,35,706.0,24710.0
2020-03-05,2020030501020245,NLICL,33,35,50,707.0,35350.0
2020-03-05,2020030501020146,NLICL,48,1,200,709.0,141800.0
2020-03-05,2020030501020065,NLICL,33,34,500,707.0,353500.0
2020-03-05,2020030501020388,NMB,51,13,100,460.0,46000.0
2020-03-05,2020030501020387,NMB,14,13,800,460.0,368000.0
2020-03-05,2020030501020386,NMB,34,13,2682,460.0,1233720.0
2020-03-05,2020030501020298,NMB,34,8,253,460.0,116380.0
2020-03-05,2020030501020222,NMB,11,38,500,461.0,230500.0
2020-03-05,2020030501020056,NMB,34,34,200,460.0,92000.0
2020-03-05,2020030501020054,NMB,34,1,100,460.0,46000.0
2020-03-05,2020030501020114,NSEWA,43,34,10,739.0,7390.0
2020-03-05,2020030501020530,NTC,58,57,10,657.0,6570.0
2020-03-05,2020030501020289,NTC,28,14,100,655.0,65500.0
2020-03-05,2020030501020526,OHL,25,16,100,442.0,44200.0
2020-03-05,2020030501020525,OHL,35,16,100,442.0,44200.0
2020-03-05,2020030501020524,OHL,57,16,100,442.0,44200.0
2020-03-05,2020030501020410,PCBL,45,13,100,302.0,30200.0
2020-03-05,2020030501020409,PCBL,17,13,200,302.0,60400.0
2020-03-05,2020030501020050,PCBL,13,38,259,303.0,78477.0
2020-03-05,2020030501020437,PIC,11,13,20,601.0,12020.0
2020-03-05,2020030501020164,PLIC,59,13,190,595.0,113050.0
2020-03-05,2020030501020163,PLIC,34,13,310,596.0,184760.0
2020-03-05,2020030501020101,PLIC,42,44,744,600.0,446400.0
2020-03-05,2020030501020100,PLIC,42,38,500,599.0,299500.0
2020-03-05,2020030501020099,PLIC,42,4,10,599.0,5990.0
2020-03-05,2020030501020098,PLIC,42,21,150,598.0,89700.0
2020-03-05,2020030501020333,PPCL,34,29,20,117.0,2340.0
2020-03-05,2020030501020492,PRIN,59,51,240,450.0,108000.0
2020-03-05,2020030501020481,PRIN,59,25,100,450.0,45000.0
2020-03-05,2020030501020465,PRIN,59,51,217,450.0,97650.0
2020-03-05,2020030501020464,PRIN,48,51,500,450.0,225000.0
2020-03-05,2020030501020463,PRIN,22,51,100,450.0,45000.0
2020-03-05,2020030501020462,PRIN,33,51,183,451.0,82533.0
2020-03-05,2020030501020227,PRIN,43,49,100,451.0,45100.0
2020-03-05,2020030501020059,PRIN,43,43,50,451.0,22550.0
2020-03-05,2020030501020058,PRIN,48,43,50,452.0,22600.0
2020-03-05,2020030501020436,PRIN,33,21,25,451.0,11275.0
2020-03-05,2020030501020404,PRIN,33,32,42,451.0,18942.0
2020-03-05,2020030501020403,PRIN,33,32,58,451.0,26158.0
2020-03-05,2020030501020235,PRIN,33,50,192,451.0,86592.0
2020-03-05,2020030501020234,PRIN,48,50,50,451.0,22550.0
2020-03-05,2020030501020233,PRIN,43,50,560,451.0,252560.0
2020-03-05,2020030501020522,PRVU,34,1,672,254.0,170688.0
2020-03-05,2020030501020395,PRVU,11,45,1000,255.0,255000.0
2020-03-05,2020030501020294,PRVU,38,38,1,256.0,256.0
2020-03-05,2020030501020115,PRVU,38,19,100,256.0,25600.0
2020-03-05,2020030501020287,PRVU,8,21,350,255.0,89250.0
2020-03-05,2020030501020286,PRVU,8,41,143,255.0,36465.0
2020-03-05,2020030501020285,PRVU,8,41,2000,255.0,510000.0
2020-03-05,2020030501020284,PRVU,46,41,200,255.0,51000.0
2020-03-05,2020030501020283,PRVU,17,41,1657,255.0,422535.0
2020-03-05,2020030501020236,PRVU,17,5,382,255.0,97410.0
2020-03-05,2020030501020461,RBCL,56,16,10,10001.0,100010.0
2020-03-05,2020030501020460,RBCL,34,16,10,10004.0,100040.0
2020-03-05,2020030501020459,RBCL,22,16,20,10100.0,202000.0
2020-03-05,2020030501020422,RBCL,1,38,10,10110.0,101100.0
2020-03-05,2020030501020421,RBCL,56,38,10,10110.0,101100.0
2020-03-05,2020030501020394,RHPC,32,42,19,86.0,1634.0
2020-03-05,2020030501020393,RHPC,32,34,14,86.0,1204.0
2020-03-05,2020030501020392,RHPC,32,39,101,86.0,8686.0
2020-03-05,2020030501020391,RHPC,32,34,14,86.0,1204.0
2020-03-05,2020030501020390,RHPC,32,1,14,86.0,1204.0
2020-03-05,2020030501020389,RHPC,32,22,19,86.0,1634.0
2020-03-05,2020030501020438,RHPL,1,26,40,158.0,6320.0
2020-03-05,2020030501020368,RHPL,1,29,40,158.0,6320.0
2020-03-05,2020030501020192,RHPL,1,42,40,158.0,6320.0
2020-03-05,2020030501020083,RHPL,1,55,1959,158.0,309522.0
2020-03-05,2020030501020082,RHPL,49,55,1000,158.0,158000.0
2020-03-05,2020030501020081,RHPL,22,55,1000,158.0,158000.0
2020-03-05,2020030501020080,RHPL,19,55,500,158.0,79000.0
2020-03-05,2020030501020079,RHPL,38,55,41,158.0,6478.0
2020-03-05,2020030501020220,RMDC,38,29,40,711.0,28440.0
2020-03-05,2020030501020182,RMDC,34,59,16,710.0,11360.0
2020-03-05,2020030501020194,RRHP,48,26,10,98.0,980.0
2020-03-05,2020030501020473,RSDC,58,21,17,523.0,8891.0
2020-03-05,2020030501020472,RSDC,58,45,70,522.0,36540.0
2020-03-05,2020030501020471,RSDC,58,17,50,520.0,26000.0
2020-03-05,2020030501020470,RSDC,58,7,63,519.0,32697.0
2020-03-05,2020030501020140,SADBL,48,39,2800,170.0,476000.0
2020-03-05,2020030501020139,SADBL,48,53,200,170.0,34000.0
2020-03-05,2020030501020515,SANIMA,44,34,55,368.0,20240.0
2020-03-05,2020030501020486,SANIMA,45,55,613,363.0,222519.0
2020-03-05,2020030501020485,SANIMA,59,55,500,364.0,182000.0
2020-03-05,2020030501020484,SANIMA,36,55,387,364.0,140868.0
2020-03-05,2020030501020467,SANIMA,36,45,13,364.0,4732.0
2020-03-05,2020030501020434,SANIMA,45,50,1367,363.0,496221.0
2020-03-05,2020030501020325,SANIMA,14,36,118,364.0,42952.0
2020-03-05,2020030501020253,SANIMA,14,33,500,364.0,182000.0
2020-03-05,2020030501020331,SANIMA,29,36,200,363.0,72600.0
2020-03-05,2020030501020330,SANIMA,3,36,100,363.0,36300.0
2020-03-05,2020030501020329,SANIMA,33,36,300,363.0,108900.0
2020-03-05,2020030501020328,SANIMA,17,36,415,363.0,150645.0
2020-03-05,2020030501020327,SANIMA,21,36,400,364.0,145600.0
2020-03-05,2020030501020326,SANIMA,29,36,500,364.0,182000.0
2020-03-05,2020030501020433,SANIMA,57,50,100,363.0,36300.0
2020-03-05,2020030501020432,SANIMA,29,50,333,363.0,120879.0
2020-03-05,2020030501020431,SANIMA,5,50,200,364.0,72800.0
2020-03-05,2020030501020382,SANIMA,29,33,167,363.0,60621.0
2020-03-05,2020030501020381,SANIMA,29,33,33,363.0,11979.0
2020-03-05,2020030501020332,SANIMA,29,36,467,363.0,169521.0
2020-03-05,2020030501020516,SBL,33,13,86,327.0,28122.0
2020-03-05,2020030501020251,SBL,33,1,761,327.0,248847.0
2020-03-05,2020030501020250,SBL,45,1,50,327.0,16350.0
2020-03-05,2020030501020478,SHINE,13,14,100,302.0,30200.0
2020-03-05,2020030501020455,SHIVM,48,38,100,597.0,59700.0
2020-03-05,2020030501020454,SHIVM,48,7,100,596.0,59600.0
2020-03-05,2020030501020419,SHIVM,34,38,100,597.0,59700.0
2020-03-05,2020030501020318,SHIVM,56,38,80,594.0,47520.0
2020-03-05,2020030501020317,SHIVM,6,38,100,594.0,59400.0
2020-03-05,2020030501020316,SHIVM,53,38,200,594.0,118800.0
2020-03-05,2020030501020138,SHIVM,48,34,300,597.0,179100.0
2020-03-05,2020030501020137,SHIVM,29,34,100,598.0,59800.0
2020-03-05,2020030501020136,SHIVM,56,34,100,598.0,59800.0
2020-03-05,2020030501020303,SHIVM,33,38,50,596.0,29800.0
2020-03-05,2020030501020302,SHIVM,38,38,300,596.0,178800.0
2020-03-05,2020030501020301,SHIVM,47,38,200,596.0,119200.0
2020-03-05,2020030501020300,SHIVM,29,38,210,596.0,125160.0
2020-03-05,2020030501020274,SHIVM,49,38,50,597.0,29850.0
2020-03-05,2020030501020273,SHIVM,48,38,50,597.0,29850.0
2020-03-05,2020030501020309,SHIVM,29,38,20,595.0,11900.0
2020-03-05,2020030501020308,SHIVM,57,38,200,595.0,119000.0
2020-03-05,2020030501020307,SHIVM,1,38,50,595.0,29750.0
2020-03-05,2020030501020306,SHIVM,33,38,200,595.0,119000.0
2020-03-05,2020030501020305,SHIVM,33,38,200,595.0,119000.0
2020-03-05,2020030501020304,SHIVM,4,38,300,596.0,178800.0
2020-03-05,2020030501020315,SHIVM,4,38,180,594.0,106920.0
2020-03-05,2020030501020314,SHIVM,14,38,500,594.0,297000.0
2020-03-05,2020030501020313,SHIVM,10,38,100,595.0,59500.0
2020-03-05,2020030501020312,SHIVM,44,38,20,595.0,11900.0
2020-03-05,2020030501020311,SHIVM,21,38,90,595.0,53550.0
2020-03-05,2020030501020310,SHIVM,59,38,1000,595.0,595000.0
2020-03-05,2020030501020358,SHL,14,13,300,180.0,54000.0
2020-03-05,2020030501020265,SHPC,49,36,550,215.0,118250.0
2020-03-05,2020030501020264,SHPC,32,36,100,216.0,21600.0
2020-03-05,2020030501020263,SHPC,17,36,100,216.0,21600.0
2020-03-05,2020030501020262,SHPC,14,36,161,216.0,34776.0
2020-03-05,2020030501020261,SHPC,7,36,89,217.0,19313.0
2020-03-05,2020030501020071,SHPC,7,33,300,217.0,65100.0
2020-03-05,2020030501020491,SIC,13,43,75,716.0,53700.0
2020-03-05,2020030501020490,SIC,13,43,309,716.0,221244.0
2020-03-05,2020030501020271,SIC,6,54,10,717.0,7170.0
2020-03-05,2020030501020480,SICL,56,37,150,970.0,145500.0
2020-03-05,2020030501020377,SICL,14,37,60,970.0,58200.0
2020-03-05,2020030501020344,SICL,35,37,10,970.0,9700.0
2020-03-05,2020030501020529,SJCL,49,17,25,152.0,3800.0
2020-03-05,2020030501020528,SJCL,59,17,200,152.0,30400.0
2020-03-05,2020030501020527,SJCL,1,17,775,153.0,118575.0
2020-03-05,2020030501020468,SJCL,1,26,20,153.0,3060.0
2020-03-05,2020030501020077,SJCL,1,37,2125,153.0,325125.0
2020-03-05,2020030501020076,SJCL,22,37,300,153.0,45900.0
2020-03-05,2020030501020075,SJCL,6,37,75,153.0,11475.0
2020-03-05,2020030501020051,SJCL,6,56,100,153.0,15300.0
2020-03-05,2020030501020252,SJCL,1,44,20,153.0,3060.0
2020-03-05,2020030501020215,SJCL,1,42,20,153.0,3060.0
2020-03-05,2020030501020127,SJCL,1,44,20,153.0,3060.0
2020-03-05,2020030501020397,SJCL,1,29,20,153.0,3060.0
2020-03-05,2020030501020105,SKBBL,40,6,100,1138.0,113800.0
2020-03-05,2020030501020104,SKBBL,17,6,200,1139.0,227800.0
2020-03-05,2020030501020477,SLBBL,18,38,200,900.0,180000.0
2020-03-05,2020030501020476,SLBBL,14,38,50,909.0,45450.0
2020-03-05,2020030501020475,SLBBL,34,38,400,909.0,363600.0
2020-03-05,2020030501020055,SLBBL,16,38,161,910.0,146510.0
2020-03-05,2020030501020474,SLBBL,1,38,20,910.0,18200.0
2020-03-05,2020030501020411,SLICL,14,57,24,469.0,11256.0
2020-03-05,2020030501020336,SLICL,16,58,195,468.0,91260.0
2020-03-05,2020030501020335,SLICL,4,58,450,469.0,211050.0
2020-03-05,2020030501020502,SPARS,51,6,40,840.0,33600.0
2020-03-05,2020030501020501,SPARS,51,22,10,840.0,8400.0
2020-03-05,2020030501020420,SPDL,14,29,10,101.0,1010.0
2020-03-05,2020030501020371,SRBL,41,11,50,262.0,13100.0
2020-03-05,2020030501020370,SRBL,47,11,50,262.0,13100.0
2020-03-05,2020030501020259,SRBL,1,13,130,265.0,34450.0
2020-03-05,2020030501020258,SRBL,1,53,20,265.0,5300.0
2020-03-05,2020030501020257,SRBL,1,41,550,265.0,145750.0
2020-03-05,2020030501020256,SRBL,1,50,500,265.0,132500.0
2020-03-05,2020030501020255,SRBL,1,59,110,264.0,29040.0
2020-03-05,2020030501020254,SRBL,1,57,90,264.0,23760.0
2020-03-05,2020030501020506,TMDBL,22,17,110,202.0,22220.0
2020-03-05,2020030501020518,UIC,43,28,73,380.0,27740.0
2020-03-05,2020030501020496,UIC,43,49,27,380.0,10260.0
2020-03-05,2020030501020495,UIC,37,49,20,380.0,7600.0
2020-03-05,2020030501020494,UIC,5,49,20,381.0,7620.0
2020-03-05,2020030501020096,UNHPL,22,34,10,62.0,620.0
2020-03-05,2020030501020218,UPCL,34,26,50,76.0,3800.0
2020-03-05,2020030501020073,UPCL,34,26,50,76.0,3800.0
2020-03-05,2020030501020511,UPPER,52,25,150,234.0,35100.0
2020-03-05,2020030501020510,UPPER,52,25,50,234.0,11700.0
2020-03-05,2020030501020489,UPPER,52,26,50,234.0,11700.0
2020-03-05,2020030501020293,UPPER,1,14,200,236.0,47200.0
2020-03-05,2020030501020239,UPPER,42,42,50,235.0,11750.0
2020-03-05,2020030501020225,UPPER,42,6,10,235.0,2350.0
2020-03-05,2020030501020198,UPPER,42,22,410,235.0,96350.0
2020-03-05,2020030501020185,UPPER,52,7,50,235.0,11750.0
2020-03-05,2020030501020441,UPPER,14,16,200,235.0,47000.0
2020-03-05,2020030501020440,UPPER,45,16,500,235.0,117500.0
2020-03-05,2020030501020439,UPPER,42,16,180,235.0,42300.0
2020-03-05,2020030501020369,UPPER,42,41,100,235.0,23500.0
2020-03-05,2020030501020360,UPPER,1,14,20,236.0,4720.0
2020-03-05,2020030501020295,UPPER,42,44,50,235.0,11750.0
2020-03-05,2020030501020447,UPPER,13,16,500,235.0,117500.0
2020-03-05,2020030501020446,UPPER,57,16,50,235.0,11750.0
2020-03-05,2020030501020445,UPPER,57,16,50,235.0,11750.0
2020-03-05,2020030501020444,UPPER,41,16,150,235.0,35250.0
2020-03-05,2020030501020443,UPPER,7,16,300,235.0,70500.0
2020-03-05,2020030501020442,UPPER,22,16,100,235.0,23500.0
2020-03-05,2020030501020452,UPPER,52,16,50,235.0,11750.0
2020-03-05,2020030501020451,UPPER,49,16,25,235.0,5875.0
2020-03-05,2020030501020450,UPPER,38,16,100,235.0,23500.0
2020-03-05,2020030501020449,UPPER,47,16,100,235.0,23500.0
2020-03-05,2020030501020448,UPPER,47,16,60,235.0,14100.0
2020-03-05,2020030501020531,WOMI,39,42,100,1055.0,105500.0
2020-03-05,2020030501020499,WOMI,34,42,200,1057.0,211400.0
2020-03-05,2020030501020498,WOMI,51,42,18,1060.0,19080.0
2020-03-05,2020030501020221,WOMI,51,7,31,1060.0,32860.0
2020-03-05,2020030501010865,ADBL,14,4,150,407.0,61050.0
2020-03-05,2020030501010829,AKPL,1,28,179,124.0,22196.0
2020-03-05,2020030501010828,AKPL,26,28,200,124.0,24800.0
2020-03-05,2020030501010827,AKPL,22,28,500,124.0,62000.0
2020-03-05,2020030501010826,AKPL,8,28,21,124.0,2604.0
2020-03-05,2020030501010690,AKPL,8,36,10,124.0,1240.0
2020-03-05,2020030501010986,ALBSL,14,48,11,679.0,7469.0
2020-03-05,2020030501010536,ALBSL,17,17,11,677.0,7447.0
2020-03-05,2020030501010964,ALICL,41,21,100,578.0,57800.0
2020-03-05,2020030501010634,ALICL,37,5,100,576.0,57600.0
2020-03-05,2020030501010559,ALICL,51,5,200,576.0,115200.0
2020-03-05,2020030501010993,API,10,29,10,130.0,1300.0
2020-03-05,2020030501010903,API,1,42,18,129.0,2322.0
2020-03-05,2020030501010617,API,10,10,3,129.0,387.0
2020-03-05,2020030501010918,BARUN,33,42,10,93.0,930.0
2020-03-05,2020030501010572,BFC,7,41,100,105.0,10500.0
2020-03-05,2020030501010843,BOKL,42,22,100,246.0,24600.0
2020-03-05,2020030501010724,BOKL,42,40,136,246.0,33456.0
2020-03-05,2020030501010884,BPCL,13,33,112,360.0,40320.0
2020-03-05,2020030501010761,BPCL,41,51,108,359.0,38772.0
2020-03-05,2020030501010568,BPCL,6,33,100,360.0,36000.0
2020-03-05,2020030501011009,CBBL,53,48,10,1060.0,10600.0
2020-03-05,2020030501011008,CBBL,53,45,40,1057.0,42280.0
2020-03-05,2020030501010787,CBBL,58,11,100,1049.0,104900.0
2020-03-05,2020030501010786,CBBL,58,47,188,1049.0,197212.0
2020-03-05,2020030501010785,CBBL,58,25,200,1049.0,209800.0
2020-03-05,2020030501010784,CBBL,58,58,15,1049.0,15735.0
2020-03-05,2020030501010793,CBBL,58,45,100,1050.0,105000.0
2020-03-05,2020030501010792,CBBL,58,21,141,1050.0,148050.0
2020-03-05,2020030501010791,CBBL,58,6,301,1050.0,316050.0
2020-03-05,2020030501010790,CBBL,58,55,250,1050.0,262500.0
2020-03-05,2020030501010789,CBBL,58,41,118,1050.0,123900.0
2020-03-05,2020030501010788,CBBL,58,39,198,1050.0,207900.0
2020-03-05,2020030501010799,CBBL,58,44,200,1051.0,210200.0
2020-03-05,2020030501010798,CBBL,58,14,14,1051.0,14714.0
2020-03-05,2020030501010797,CBBL,58,45,100,1051.0,105100.0
2020-03-05,2020030501010796,CBBL,58,11,20,1050.0,21000.0
2020-03-05,2020030501010795,CBBL,58,39,200,1050.0,210000.0
2020-03-05,2020030501010794,CBBL,58,41,177,1050.0,185850.0
2020-03-05,2020030501010539,CBL,8,16,73,147.0,10731.0
2020-03-05,2020030501010983,CCBL,7,52,100,185.0,18500.0
2020-03-05,2020030501010925,CCBL,46,42,73,184.0,13432.0
2020-03-05,2020030501010622,CCBL,45,4,86,183.0,15738.0
2020-03-05,2020030501010817,CFCL,38,28,300,135.0,40500.0
2020-03-05,2020030501010644,CHCL,14,45,1000,414.0,414000.0
2020-03-05,2020030501010969,CIT,4,36,61,2670.0,162870.0
2020-03-05,2020030501010968,CIT,4,44,90,2670.0,240300.0
2020-03-05,2020030501010967,CIT,4,22,50,2668.0,133400.0
2020-03-05,2020030501010694,CZBIL,57,48,10,204.0,2040.0
2020-03-05,2020030501010613,CZBIL,48,40,100,205.0,20500.0
2020-03-05,2020030501010600,CZBIL,37,40,117,205.0,23985.0
2020-03-05,2020030501010599,CZBIL,37,41,138,205.0,28290.0
2020-03-05,2020030501011001,DDBL,13,36,200,853.0,170600.0
2020-03-05,2020030501010707,DHPL,6,6,10,52.0,520.0
2020-03-05,2020030501010936,EBL,49,36,100,741.0,74100.0
2020-03-05,2020030501010875,EBL,14,26,100,742.0,74200.0
2020-03-05,2020030501010874,EBL,42,26,10,742.0,7420.0
2020-03-05,2020030501010597,EBL,33,26,400,745.0,298000.0
2020-03-05,2020030501010596,EBL,33,54,100,745.0,74500.0
2020-03-05,2020030501010583,EBL,33,14,50,743.0,37150.0
2020-03-05,2020030501010582,EBL,33,35,200,743.0,148600.0
2020-03-05,2020030501010867,EIC,49,36,14,400.0,5600.0
2020-03-05,2020030501010866,EIC,49,22,66,400.0,26400.0
2020-03-05,2020030501010854,EIC,18,34,30,399.0,11970.0
2020-03-05,2020030501010759,EIC,57,36,10,400.0,4000.0
2020-03-05,2020030501010758,EIC,57,13,190,400.0,76000.0
2020-03-05,2020030501010541,EIC,5,16,60,398.0,23880.0
2020-03-05,2020030501010588,FMDBL,52,36,50,491.0,24550.0
2020-03-05,2020030501010587,FMDBL,52,6,200,491.0,98200.0
2020-03-05,2020030501011015,FOWAD,45,18,90,1480.0,133200.0
2020-03-05,2020030501011014,FOWAD,45,14,10,1480.0,14800.0
2020-03-05,2020030501010664,FOWAD,43,49,250,1479.0,369750.0
2020-03-05,2020030501010635,FOWAD,43,19,79,1478.0,116762.0
2020-03-05,2020030501010586,FOWAD,19,19,50,1478.0,73900.0
2020-03-05,2020030501010680,GBBL,45,13,417,241.0,100497.0
2020-03-05,2020030501010679,GBBL,47,13,300,241.0,72300.0
2020-03-05,2020030501010678,GBBL,42,13,100,241.0,24100.0
2020-03-05,2020030501010677,GBBL,46,13,1000,241.0,241000.0
2020-03-05,2020030501010676,GBBL,7,13,100,241.0,24100.0
2020-03-05,2020030501010675,GBBL,58,13,3000,241.0,723000.0
2020-03-05,2020030501010674,GBBL,1,13,200,241.0,48200.0
2020-03-05,2020030501010673,GBBL,59,13,200,241.0,48200.0
2020-03-05,2020030501010672,GBBL,17,13,1000,241.0,241000.0
2020-03-05,2020030501010954,GBIME,41,4,10,287.0,2870.0
2020-03-05,2020030501010953,GBIME,7,4,100,287.0,28700.0
2020-03-05,2020030501010891,GBIME,58,4,50,287.0,14350.0
2020-03-05,2020030501010878,GBIME,53,22,43,286.0,12298.0
2020-03-05,2020030501010822,GBLBS,36,5,50,482.0,24100.0
2020-03-05,2020030501010770,GBLBS,53,41,30,485.0,14550.0
2020-03-05,2020030501010769,GBLBS,53,56,15,484.0,7260.0
2020-03-05,2020030501010765,GBLBS,36,57,228,482.0,109896.0
2020-03-05,2020030501010737,GBLBS,36,41,10,482.0,4820.0
2020-03-05,2020030501010685,GBLBS,53,13,75,483.0,36225.0
2020-03-05,2020030501010684,GBLBS,53,52,15,483.0,7245.0
2020-03-05,2020030501010561,GBLBS,36,49,15,482.0,7230.0
2020-03-05,2020030501010915,GILB,46,42,45,1322.0,59490.0
2020-03-05,2020030501010951,GLICL,25,14,150,485.0,72750.0
2020-03-05,2020030501010881,GLICL,42,37,150,483.0,72450.0
2020-03-05,2020030501010728,GLICL,21,43,300,484.0,145200.0
2020-03-05,2020030501010727,GLICL,13,43,200,484.0,96800.0
2020-03-05,2020030501010701,GLICL,10,43,50,485.0,24250.0
2020-03-05,2020030501010700,GLICL,10,43,100,485.0,48500.0
2020-03-05,2020030501010629,GLICL,36,43,100,486.0,48600.0
2020-03-05,2020030501010628,GLICL,1,43,300,486.0,145800.0
2020-03-05,2020030501010627,GLICL,16,43,480,486.0,233280.0
2020-03-05,2020030501010605,GLICL,42,43,100,487.0,48700.0
2020-03-05,2020030501010604,GLICL,41,43,20,487.0,9740.0
2020-03-05,2020030501010540,GLICL,42,58,60,488.0,29280.0
2020-03-05,2020030501010658,GLICL,1,43,75,485.0,36375.0
2020-03-05,2020030501010657,GLICL,42,43,50,485.0,24250.0
2020-03-05,2020030501010656,GLICL,58,43,200,485.0,97000.0
2020-03-05,2020030501010655,GLICL,57,43,100,485.0,48500.0
2020-03-05,2020030501010654,GLICL,57,43,200,485.0,97000.0
2020-03-05,2020030501010653,GLICL,32,43,100,485.0,48500.0
2020-03-05,2020030501010699,GLICL,50,43,50,485.0,24250.0
2020-03-05,2020030501010698,GLICL,52,43,500,485.0,242500.0
2020-03-05,2020030501010697,GLICL,6,43,195,485.0,94575.0
2020-03-05,2020030501010661,GLICL,6,43,205,485.0,99425.0
2020-03-05,2020030501010660,GLICL,28,43,50,485.0,24250.0
2020-03-05,2020030501010659,GLICL,1,43,20,485.0,9700.0
2020-03-05,2020030501010552,GMFIL,32,22,100,136.0,13600.0
2020-03-05,2020030501010934,GUFL,32,28,500,128.0,64000.0
2020-03-05,2020030501011007,HBL,41,36,50,610.0,30500.0
2020-03-05,2020030501010733,HBL,33,28,100,610.0,61000.0
2020-03-05,2020030501010732,HBL,33,55,500,610.0,305000.0
2020-03-05,2020030501010731,HBL,33,45,20,610.0,12200.0
2020-03-05,2020030501010730,HBL,33,42,80,610.0,48800.0
2020-03-05,2020030501010729,HBL,33,21,40,608.0,24320.0
2020-03-05,2020030501010611,HDL,32,29,10,1612.0,16120.0
2020-03-05,2020030501010537,HDL,50,3,60,1611.0,96660.0
2020-03-05,2020030501010930,HGI,34,42,17,397.0,6749.0
2020-03-05,2020030501010929,HGI,34,13,154,397.0,61138.0
2020-03-05,2020030501010928,HGI,34,43,29,396.0,11484.0
2020-03-05,2020030501010651,HGI,46,41,180,394.0,70920.0
2020-03-05,2020030501010650,HGI,45,41,20,395.0,7900.0
2020-03-05,2020030501010852,HIDCL,52,34,843,136.0,114648.0
2020-03-05,2020030501010851,HIDCL,5,34,157,136.0,21352.0
2020-03-05,2020030501010548,HIDCL,5,6,500,136.0,68000.0
2020-03-05,2020030501010645,HPPL,52,7,20,145.0,2900.0
2020-03-05,2020030501010751,HURJA,39,48,10,101.0,1010.0
2020-03-05,2020030501010750,HURJA,6,48,10,102.0,1020.0
2020-03-05,2020030501010824,ICFC,57,55,11,189.0,2079.0
2020-03-05,2020030501010816,ILBS,49,49,10,746.0,7460.0
2020-03-05,2020030501010713,ILBS,10,42,10,745.0,7450.0
2020-03-05,2020030501010712,ILBS,10,47,50,745.0,37250.0
2020-03-05,2020030501010711,ILBS,10,1,500,745.0,372500.0
2020-03-05,2020030501010710,ILBS,10,39,354,744.0,263376.0
2020-03-05,2020030501010623,ILBS,17,17,10,735.0,7350.0
2020-03-05,2020030501010610,ILBS,49,56,10,734.0,7340.0
2020-03-05,2020030501010566,ILBS,49,17,11,734.0,8074.0
2020-03-05,2020030501010632,JBBL,45,45,2000,192.0,384000.0
2020-03-05,2020030501010631,JBBL,45,45,100,192.0,19200.0
2020-03-05,2020030501010973,KBL,36,36,20,207.0,4140.0
2020-03-05,2020030501010972,KBL,38,36,580,208.0,120640.0
2020-03-05,2020030501010970,KBL,38,45,300,208.0,62400.0
2020-03-05,2020030501010820,KBL,38,44,165,208.0,34320.0
2020-03-05,2020030501010819,KBL,38,35,280,208.0,58240.0
2020-03-05,2020030501010818,KBL,38,50,435,208.0,90480.0
2020-03-05,2020030501010590,KBL,36,22,388,207.0,80316.0
2020-03-05,2020030501010589,KBL,34,22,327,207.0,67689.0
2020-03-05,2020030501011025,KMCDB,7,45,10,861.0,8610.0
2020-03-05,2020030501011024,KMCDB,7,54,10,861.0,8610.0
2020-03-05,2020030501011016,KMCDB,25,35,10,861.0,8610.0
2020-03-05,2020030501010960,KMCDB,25,34,53,861.0,45633.0
2020-03-05,2020030501010921,KMCDB,25,51,10,861.0,8610.0
2020-03-05,2020030501010908,KMCDB,35,28,10,862.0,8620.0
2020-03-05,2020030501010563,KMCDB,44,6,50,862.0,43100.0
2020-03-05,2020030501010560,KMCDB,44,51,10,862.0,8620.0
2020-03-05,2020030501010714,KMCDB,44,51,10,862.0,8620.0
2020-03-05,2020030501010681,KMCDB,44,51,10,862.0,8620.0
2020-03-05,2020030501010643,KMCDB,44,51,10,862.0,8620.0
2020-03-05,2020030501010616,KMCDB,44,51,10,862.0,8620.0
2020-03-05,2020030501010593,KMCDB,25,51,10,861.0,8610.0
2020-03-05,2020030501010564,KMCDB,25,6,60,861.0,51660.0
2020-03-05,2020030501010907,KMCDB,35,51,10,862.0,8620.0
2020-03-05,2020030501010906,KMCDB,35,17,10,862.0,8620.0
2020-03-05,2020030501010905,KMCDB,35,51,10,862.0,8620.0
2020-03-05,2020030501010904,KMCDB,35,51,10,862.0,8620.0
2020-03-05,2020030501010804,KMCDB,44,51,10,862.0,8620.0
2020-03-05,2020030501010974,KRBL,1,32,98,107.0,10486.0
2020-03-05,2020030501011026,KSBBL,25,32,151,169.0,25519.0
2020-03-05,2020030501010614,KSBBL,33,40,49,168.0,8232.0
2020-03-05,2020030501010549,LBBL,45,25,100,195.0,19500.0
2020-03-05,2020030501010580,LBBL,38,54,165,195.0,32175.0
2020-03-05,2020030501010579,LBBL,38,35,42,195.0,8190.0
2020-03-05,2020030501010578,LBBL,38,25,700,195.0,136500.0
2020-03-05,2020030501010847,LBL,38,32,85,229.0,19465.0
2020-03-05,2020030501010988,MBL,35,47,1900,246.0,467400.0
2020-03-05,2020030501010987,MBL,5,47,100,247.0,24700.0
2020-03-05,2020030501010942,MBL,35,47,131,246.0,32226.0
2020-03-05,2020030501010941,MBL,48,47,100,246.0,24600.0
2020-03-05,2020030501010940,MBL,45,47,100,246.0,24600.0
2020-03-05,2020030501010939,MBL,34,47,1169,246.0,287574.0
2020-03-05,2020030501010938,MBL,34,47,500,247.0,123500.0
2020-03-05,2020030501010722,MBL,35,35,43,249.0,10707.0
2020-03-05,2020030501010721,MBL,35,20,457,249.0,113793.0
2020-03-05,2020030501011003,MDB,58,39,827,446.0,368842.0
2020-03-05,2020030501011002,MDB,58,39,192,446.0,85632.0
2020-03-05,2020030501010989,MDB,43,56,14,447.0,6258.0
2020-03-05,2020030501010959,MDB,4,56,50,447.0,22350.0
2020-03-05,2020030501010958,MDB,5,56,200,447.0,89400.0
2020-03-05,2020030501010917,MDB,40,55,1000,449.0,449000.0
2020-03-05,2020030501010864,MDB,4,53,430,448.0,192640.0
2020-03-05,2020030501010863,MDB,4,56,20,448.0,8960.0
2020-03-05,2020030501010768,MDB,40,56,60,448.0,26880.0
2020-03-05,2020030501010963,MEGA,7,35,200,230.0,46000.0
2020-03-05,2020030501010890,MEGA,21,44,50,229.0,11450.0
2020-03-05,2020030501010889,MEGA,21,55,300,229.0,68700.0
2020-03-05,2020030501010888,MEGA,21,26,500,229.0,114500.0
2020-03-05,2020030501010573,MEGA,57,58,335,227.0,76045.0
2020-03-05,2020030501010551,MEGA,57,16,16,227.0,3632.0
2020-03-05,2020030501010547,MEGA,57,7,72,227.0,16344.0
2020-03-05,2020030501010630,MEGA,51,7,72,227.0,16344.0
2020-03-05,2020030501010612,MEGA,51,7,72,227.0,16344.0
2020-03-05,2020030501010577,MEGA,51,58,35,227.0,7945.0
2020-03-05,2020030501010576,MEGA,39,58,400,227.0,90800.0
2020-03-05,2020030501010575,MEGA,59,58,30,227.0,6810.0
2020-03-05,2020030501010574,MEGA,4,58,200,227.0,45400.0
2020-03-05,2020030501010662,MEGA,51,7,72,227.0,16344.0
2020-03-05,2020030501010836,MEGA,21,49,200,228.0,45600.0
2020-03-05,2020030501010835,MEGA,21,6,1000,228.0,228000.0
2020-03-05,2020030501010834,MEGA,21,26,318,228.0,72504.0
2020-03-05,2020030501010752,MEGA,35,26,182,228.0,41496.0
2020-03-05,2020030501010991,MFIL,38,38,293,318.0,93174.0
2020-03-05,2020030501010975,MFIL,4,38,318,318.0,101124.0
2020-03-05,2020030501010937,MFIL,4,43,100,318.0,31800.0
2020-03-05,2020030501010910,MFIL,4,45,250,318.0,79500.0
2020-03-05,2020030501010806,MFIL,4,51,200,318.0,63600.0
2020-03-05,2020030501010805,MFIL,4,48,132,318.0,41976.0
2020-03-05,2020030501010640,MFIL,4,42,289,318.0,91902.0
2020-03-05,2020030501010639,MFIL,4,35,150,317.0,47550.0
2020-03-05,2020030501010767,MFIL,7,10,109,315.0,34335.0
2020-03-05,2020030501010766,MFIL,51,10,1000,315.0,315000.0
2020-03-05,2020030501010705,MFIL,4,48,468,318.0,148824.0
2020-03-05,2020030501010695,MFIL,4,42,500,318.0,159000.0
2020-03-05,2020030501010642,MFIL,4,37,121,318.0,38478.0
2020-03-05,2020030501010641,MFIL,4,17,472,318.0,150096.0
2020-03-05,2020030501010562,MLBBL,45,41,16,793.0,12688.0
2020-03-05,2020030501010592,MLBL,14,49,243,220.0,53460.0
2020-03-05,2020030501011022,MNBBL,49,36,420,332.0,139440.0
2020-03-05,2020030501011021,MNBBL,6,36,112,332.0,37184.0
2020-03-05,2020030501010803,MNBBL,6,28,188,332.0,62416.0
2020-03-05,2020030501010802,MNBBL,34,28,98,332.0,32536.0
2020-03-05,2020030501010801,MNBBL,32,28,200,333.0,66600.0
2020-03-05,2020030501010800,MNBBL,42,28,14,333.0,4662.0
2020-03-05,2020030501010692,MNBBL,45,1,211,334.0,70474.0
2020-03-05,2020030501010691,MNBBL,45,14,101,334.0,33734.0
2020-03-05,2020030501010615,MNBBL,42,13,286,333.0,95238.0
2020-03-05,2020030501010584,MSMBS,52,14,11,759.0,8349.0
2020-03-05,2020030501010966,NABIL,52,14,100,832.0,83200.0
2020-03-05,2020030501010923,NABIL,33,59,450,835.0,375750.0
2020-03-05,2020030501010620,NABIL,33,47,12,835.0,10020.0
2020-03-05,2020030501010619,NABIL,33,14,50,835.0,41750.0
2020-03-05,2020030501010618,NABIL,33,39,31,834.0,25854.0
2020-03-05,2020030501010609,NABIL,34,4,95,830.0,78850.0
2020-03-05,2020030501010608,NABIL,59,4,50,831.0,41550.0
2020-03-05,2020030501011020,NADEP,58,59,13,663.0,8619.0
2020-03-05,2020030501010990,NADEP,58,59,13,663.0,8619.0
2020-03-05,2020030501010924,NADEP,58,59,13,663.0,8619.0
2020-03-05,2020030501010902,NADEP,58,59,13,663.0,8619.0
2020-03-05,2020030501010825,NADEP,58,59,13,663.0,8619.0
2020-03-05,2020030501010741,NADEP,58,59,13,663.0,8619.0
2020-03-05,2020030501010703,NADEP,58,17,11,663.0,7293.0
2020-03-05,2020030501010689,NADEP,44,59,13,664.0,8632.0
2020-03-05,2020030501010636,NADEP,44,59,13,664.0,8632.0
2020-03-05,2020030501010912,NBB,38,48,200,225.0,45000.0
2020-03-05,2020030501010857,NBB,49,48,100,225.0,22500.0
2020-03-05,2020030501010810,NBB,45,53,4,223.0,892.0
2020-03-05,2020030501010736,NBB,38,41,100,225.0,22500.0
2020-03-05,2020030501010735,NBB,38,29,20,225.0,4500.0
2020-03-05,2020030501010723,NBB,51,36,200,224.0,44800.0
2020-03-05,2020030501010565,NBB,51,16,90,224.0,20160.0
2020-03-05,2020030501011027,NBF2,52,28,200,8.83,1766.0
2020-03-05,2020030501010755,NBL,59,58,50,283.0,14150.0
2020-03-05,2020030501010754,NBL,25,58,50,283.0,14150.0
2020-03-05,2020030501010850,NCCB,58,33,100,200.0,20000.0
2020-03-05,2020030501010591,NCCB,49,33,1000,200.0,200000.0
2020-03-05,2020030501010762,NEF,25,41,241,8.42,2029.22
2020-03-05,2020030501010693,NEF,25,28,966,8.42,8133.72
2020-03-05,2020030501010971,NGPL,45,54,50,117.0,5850.0
2020-03-05,2020030501010594,NHPC,58,29,600,58.0,34800.0
2020-03-05,2020030501010585,NHPC,52,16,22,57.0,1254.0
2020-03-05,2020030501010952,NIB,25,42,17,415.0,7055.0
2020-03-05,2020030501010853,NIB,51,57,200,415.0,83000.0
2020-03-05,2020030501010840,NIB,51,5,100,415.0,41500.0
2020-03-05,2020030501010696,NIB,41,49,200,416.0,83200.0
2020-03-05,2020030501010571,NIB,41,49,300,418.0,125400.0
2020-03-05,2020030501010753,NIBSF1,42,1,5800,10.12,58696.0
2020-03-05,2020030501011000,NICA,34,38,300,574.0,172200.0
2020-03-05,2020030501010999,NICA,34,41,50,574.0,28700.0
2020-03-05,2020030501010998,NICA,34,41,528,574.0,303072.0
2020-03-05,2020030501010997,NICA,34,25,776,574.0,445424.0
2020-03-05,2020030501010996,NICA,34,35,38,574.0,21812.0
2020-03-05,2020030501010995,NICA,34,5,300,573.0,171900.0
2020-03-05,2020030501010535,NICA,49,58,50,572.0,28600.0
2020-03-05,2020030501010742,NICA,49,50,73,572.0,41756.0
2020-03-05,2020030501010709,NICA,33,6,1000,573.0,573000.0
2020-03-05,2020030501010708,NICA,33,55,327,573.0,187371.0
2020-03-05,2020030501010702,NICA,49,47,300,572.0,171600.0
2020-03-05,2020030501010598,NICA,49,16,10,572.0,5720.0
2020-03-05,2020030501010550,NICA,41,55,293,573.0,167889.0
2020-03-05,2020030501010984,NICA,49,36,73,572.0,41756.0
2020-03-05,2020030501010980,NICA,6,5,100,573.0,57300.0
2020-03-05,2020030501010926,NICA,49,5,100,573.0,57300.0
2020-03-05,2020030501010831,NICA,49,28,427,572.0,244244.0
2020-03-05,2020030501010830,NICA,50,28,73,572.0,41756.0
2020-03-05,2020030501010760,NICA,50,50,927,572.0,530244.0
2020-03-05,2020030501011017,NICL,4,33,1000,456.0,456000.0
2020-03-05,2020030501010877,NICL,26,50,310,457.0,141670.0
2020-03-05,2020030501010876,NICL,26,32,190,456.0,86640.0
2020-03-05,2020030501010813,NICL,59,41,210,453.0,95130.0
2020-03-05,2020030501010739,NICL,43,5,100,453.0,45300.0
2020-03-05,2020030501010621,NICL,39,5,200,453.0,90600.0
2020-03-05,2020030501010717,NIL,13,14,36,576.0,20736.0
2020-03-05,2020030501010595,NIL,13,5,290,576.0,167040.0
2020-03-05,2020030501011031,NLBBL,28,49,15,727.0,10905.0
2020-03-05,2020030501010957,NLG,11,16,15,636.0,9540.0
2020-03-05,2020030501011013,NLIC,14,50,335,1243.0,416405.0
2020-03-05,2020030501010978,NLIC,14,50,300,1243.0,372900.0
2020-03-05,2020030501010887,NLIC,29,25,180,1240.0,223200.0
2020-03-05,2020030501010886,NLIC,34,25,20,1240.0,24800.0
2020-03-05,2020030501010725,NLIC,39,45,307,1242.0,381294.0
2020-03-05,2020030501010688,NLIC,49,26,70,1239.0,86730.0
2020-03-05,2020030501010544,NLIC,49,59,1490,1239.0,1846110.0
2020-03-05,2020030501010543,NLIC,51,59,500,1240.0,620000.0
2020-03-05,2020030501010542,NLIC,49,59,50,1240.0,62000.0
2020-03-05,2020030501010687,NLIC,33,26,30,1240.0,37200.0
2020-03-05,2020030501010671,NLIC,34,45,80,1242.0,99360.0
2020-03-05,2020030501010670,NLIC,34,1,120,1240.0,148800.0
2020-03-05,2020030501010663,NLIC,25,1,80,1240.0,99200.0
2020-03-05,2020030501010647,NLIC,39,45,88,1242.0,109296.0
2020-03-05,2020030501010646,NLIC,39,13,12,1240.0,14880.0
2020-03-05,2020030501011018,NMB,10,1,20,460.0,9200.0
2020-03-05,2020030501010898,NMB,57,1,308,460.0,141680.0
2020-03-05,2020030501010897,NMB,57,22,100,460.0,46000.0
2020-03-05,2020030501010896,NMB,57,37,300,460.0,138000.0
2020-03-05,2020030501010895,NMB,57,36,14,460.0,6440.0
2020-03-05,2020030501010894,NMB,57,39,63,460.0,28980.0
2020-03-05,2020030501010638,NMB,35,20,20,460.0,9200.0
2020-03-05,2020030501010538,NMB,41,20,16,460.0,7360.0
2020-03-05,2020030501010893,NMB,57,26,215,459.0,98685.0
2020-03-05,2020030501010885,NMB,34,57,200,458.0,91600.0
2020-03-05,2020030501010871,NMB,34,5,100,458.0,45800.0
2020-03-05,2020030501010815,NMB,52,26,635,459.0,291465.0
2020-03-05,2020030501010749,NMB,33,36,36,460.0,16560.0
2020-03-05,2020030501010748,NMB,33,20,464,460.0,213440.0
2020-03-05,2020030501010861,NMBMF,41,19,40,823.0,32920.0
2020-03-05,2020030501010860,NMBMF,41,39,101,816.0,82416.0
2020-03-05,2020030501010859,NMBMF,41,34,80,813.0,65040.0
2020-03-05,2020030501010809,NMBMF,41,43,62,810.0,50220.0
2020-03-05,2020030501010808,NMBMF,41,44,90,810.0,72900.0
2020-03-05,2020030501010807,NMBMF,41,14,25,809.0,20225.0
2020-03-05,2020030501010780,NMBMF,14,44,10,810.0,8100.0
2020-03-05,2020030501010570,NMBMF,45,48,264,805.0,212520.0
2020-03-05,2020030501010569,NMBMF,45,28,100,804.0,80400.0
2020-03-05,2020030501010870,NSEWA,7,32,10,699.0,6990.0
2020-03-05,2020030501010849,NSEWA,7,13,10,686.0,6860.0
2020-03-05,2020030501010848,NSEWA,7,51,70,686.0,48020.0
2020-03-05,2020030501010821,NSEWA,7,54,130,680.0,88400.0
2020-03-05,2020030501010567,OHL,35,16,20,449.0,8980.0
2020-03-05,2020030501011011,PCBL,45,13,1195,299.0,357305.0
2020-03-05,2020030501011010,PCBL,45,45,400,299.0,119600.0
2020-03-05,2020030501010880,PCBL,34,45,100,299.0,29900.0
2020-03-05,2020030501010879,PCBL,34,6,400,299.0,119600.0
2020-03-05,2020030501010745,PCBL,46,6,100,299.0,29900.0
2020-03-05,2020030501010734,PCBL,37,17,12,298.0,3576.0
2020-03-05,2020030501010855,PFL,45,42,100,162.0,16200.0
2020-03-05,2020030501010747,PFL,45,13,50,162.0,8100.0
2020-03-05,2020030501010965,PLIC,22,58,100,590.0,59000.0
2020-03-05,2020030501010920,PLIC,22,58,50,590.0,29500.0
2020-03-05,2020030501010916,PLIC,22,1,315,590.0,185850.0
2020-03-05,2020030501010845,PLIC,34,41,38,587.0,22306.0
2020-03-05,2020030501010844,PLIC,13,41,243,587.0,142641.0
2020-03-05,2020030501010783,PLIC,13,14,200,587.0,117400.0
2020-03-05,2020030501010652,PLIC,13,16,10,587.0,5870.0
2020-03-05,2020030501010602,PMHPL,59,45,10,83.0,830.0
2020-03-05,2020030501011019,PPCL,17,17,10,118.0,1180.0
2020-03-05,2020030501010869,PPCL,38,41,30,117.0,3510.0
2020-03-05,2020030501010823,PPCL,17,17,10,118.0,1180.0
2020-03-05,2020030501010720,PPCL,38,45,20,117.0,2340.0
2020-03-05,2020030501010719,PPCL,49,45,10,117.0,1170.0
2020-03-05,2020030501010683,PPCL,17,17,20,118.0,2360.0
2020-03-05,2020030501010992,PRVU,34,35,928,255.0,236640.0
2020-03-05,2020030501010856,PRVU,35,33,116,256.0,29696.0
2020-03-05,2020030501010781,PRVU,34,56,400,255.0,102000.0
2020-03-05,2020030501010626,PRVU,34,13,177,255.0,45135.0
2020-03-05,2020030501010581,PRVU,41,33,58,256.0,14848.0
2020-03-05,2020030501010962,RADHI,51,42,11,168.0,1848.0
2020-03-05,2020030501010814,RADHI,51,57,12,168.0,2016.0
2020-03-05,2020030501010858,RHPL,50,57,20,160.0,3200.0
2020-03-05,2020030501010763,RHPL,50,48,20,160.0,3200.0
2020-03-05,2020030501010716,RHPL,50,34,10,160.0,1600.0
2020-03-05,2020030501010961,RMDC,14,46,127,706.0,89662.0
2020-03-05,2020030501010873,RMDC,38,46,15,705.0,10575.0
2020-03-05,2020030501010872,RMDC,38,44,200,705.0,141000.0
2020-03-05,2020030501010833,RMDC,49,36,32,703.0,22496.0
2020-03-05,2020030501010832,RMDC,49,25,68,703.0,47804.0
2020-03-05,2020030501010706,RMDC,49,53,100,702.0,70200.0
2020-03-05,2020030501010669,RMDC,22,36,18,703.0,12654.0
2020-03-05,2020030501010668,RMDC,22,53,20,703.0,14060.0
2020-03-05,2020030501010667,RMDC,22,14,55,703.0,38665.0
2020-03-05,2020030501010666,RMDC,22,34,25,703.0,17575.0
2020-03-05,2020030501010601,RMDC,38,25,16,700.0,11200.0
2020-03-05,2020030501010977,RSDC,59,56,33,485.0,16005.0
2020-03-05,2020030501010976,RSDC,17,56,30,485.0,14550.0
2020-03-05,2020030501010922,RSDC,17,58,70,485.0,33950.0
2020-03-05,2020030501010913,RSDC,22,56,63,483.0,30429.0
2020-03-05,2020030501010868,RSDC,41,58,30,485.0,14550.0
2020-03-05,2020030501010950,SABSL,45,20,10,783.0,7830.0
2020-03-05,2020030501010919,SABSL,44,28,19,772.0,14668.0
2020-03-05,2020030501010757,SANIMA,41,36,301,365.0,109865.0
2020-03-05,2020030501010738,SANIMA,52,32,100,366.0,36600.0
2020-03-05,2020030501010624,SANIMA,41,32,100,366.0,36600.0
2020-03-05,2020030501011030,SBL,57,59,147,327.0,48069.0
2020-03-05,2020030501011029,SBL,57,35,427,327.0,139629.0
2020-03-05,2020030501011028,SBL,57,50,131,326.0,42706.0
2020-03-05,2020030501010979,SBL,25,50,1000,326.0,326000.0
2020-03-05,2020030501010846,SBL,54,50,200,326.0,65200.0
2020-03-05,2020030501010839,SBL,35,4,100,325.0,32500.0
2020-03-05,2020030501010838,SCB,42,37,90,690.0,62100.0
2020-03-05,2020030501010837,SCB,54,37,10,691.0,6910.0
2020-03-05,2020030501010633,SCB,54,52,10,691.0,6910.0
2020-03-05,2020030501011006,SDESI,36,48,17,930.0,15810.0
2020-03-05,2020030501011005,SDESI,36,42,208,930.0,193440.0
2020-03-05,2020030501011004,SDESI,36,34,29,929.0,26941.0
2020-03-05,2020030501010949,SDESI,33,34,271,929.0,251759.0
2020-03-05,2020030501010948,SDESI,33,18,100,929.0,92900.0
2020-03-05,2020030501010947,SDESI,33,8,23,929.0,21367.0
2020-03-05,2020030501010946,SDESI,33,42,27,925.0,24975.0
2020-03-05,2020030501010945,SDESI,33,50,46,923.0,42458.0
2020-03-05,2020030501010944,SDESI,33,29,10,923.0,9230.0
2020-03-05,2020030501010943,SDESI,33,13,23,920.0,21160.0
2020-03-05,2020030501010932,SDESI,45,13,17,919.0,15623.0
2020-03-05,2020030501010914,SDESI,45,45,23,910.0,20930.0
2020-03-05,2020030501010744,SHINE,51,17,110,301.0,33110.0
2020-03-05,2020030501010743,SHINE,53,17,20,301.0,6020.0
2020-03-05,2020030501011012,SHIVM,57,57,400,601.0,240400.0
2020-03-05,2020030501010933,SHIVM,49,48,100,600.0,60000.0
2020-03-05,2020030501010777,SHPC,28,45,1000,216.0,216000.0
2020-03-05,2020030501010776,SHPC,20,45,500,217.0,108500.0
2020-03-05,2020030501010775,SHPC,34,45,500,217.0,108500.0
2020-03-05,2020030501010774,SHPC,26,45,100,217.0,21700.0
2020-03-05,2020030501010773,SHPC,55,45,500,217.0,108500.0
2020-03-05,2020030501010686,SIC,49,52,60,692.0,41520.0
2020-03-05,2020030501010882,SICL,6,49,32,970.0,31040.0
2020-03-05,2020030501010534,SICL,33,49,50,970.0,48500.0
2020-03-05,2020030501010533,SICL,58,49,100,970.0,97000.0
2020-03-05,2020030501010532,SICL,25,49,50,970.0,48500.0
2020-03-05,2020030501010981,SIL,59,49,650,560.0,364000.0
2020-03-05,2020030501010985,SJCL,6,57,20,153.0,3060.0
2020-03-05,2020030501010862,SJCL,17,45,20,154.0,3080.0
2020-03-05,2020030501010726,SJCL,6,7,20,153.0,3060.0
2020-03-05,2020030501010718,SJCL,17,45,20,154.0,3080.0
2020-03-05,2020030501010704,SJCL,6,17,20,153.0,3060.0
2020-03-05,2020030501010649,SJCL,6,14,1000,153.0,153000.0
2020-03-05,2020030501010637,SJCL,6,8,20,153.0,3060.0
2020-03-05,2020030501010842,SJCL,6,17,20,153.0,3060.0
2020-03-05,2020030501010772,SJCL,6,48,20,153.0,3060.0
2020-03-05,2020030501010956,SKBBL,1,22,92,1130.0,103960.0
2020-03-05,2020030501010955,SKBBL,41,22,33,1130.0,37290.0
2020-03-05,2020030501010625,SKBBL,35,21,100,1130.0,113000.0
2020-03-05,2020030501010554,SKBBL,6,43,300,1129.0,338700.0
2020-03-05,2020030501010553,SKBBL,6,20,90,1129.0,101610.0
2020-03-05,2020030501010546,SKBBL,41,29,30,1128.0,33840.0
2020-03-05,2020030501010545,SKBBL,41,5,37,1128.0,41736.0
2020-03-05,2020030501010558,SLBBL,59,41,200,861.0,172200.0
2020-03-05,2020030501010557,SLBBL,16,41,500,862.0,431000.0
2020-03-05,2020030501010556,SLBBL,21,41,100,862.0,86200.0
2020-03-05,2020030501010555,SLBBL,16,41,200,863.0,172600.0
2020-03-05,2020030501010771,SLBSL,38,21,100,827.0,82700.0
2020-03-05,2020030501010715,SLBSL,34,35,20,825.0,16500.0
2020-03-05,2020030501010682,SLBSL,49,35,50,825.0,41250.0
2020-03-05,2020030501010648,SLBSL,34,35,20,825.0,16500.0
2020-03-05,2020030501010607,SLBSL,49,35,10,825.0,8250.0
2020-03-05,2020030501010606,SLBSL,49,17,10,820.0,8200.0
2020-03-05,2020030501010911,SLICL,44,5,187,462.0,86394.0
2020-03-05,2020030501010883,SLICL,44,13,66,461.0,30426.0
2020-03-05,2020030501010782,SLICL,36,36,550,460.0,253000.0
2020-03-05,2020030501010779,SLICL,38,5,391,459.0,179469.0
2020-03-05,2020030501010778,SLICL,4,5,109,459.0,50031.0
2020-03-05,2020030501010740,SMATA,43,7,28,700.0,19600.0
2020-03-05,2020030501010935,SMB,32,13,10,926.0,9260.0
2020-03-05,2020030501010927,SMFBS,14,45,10,985.0,9850.0
2020-03-05,2020030501010901,SMFBS,17,17,10,975.0,9750.0
2020-03-05,2020030501010931,SPARS,17,17,10,781.0,7810.0
2020-03-05,2020030501010900,SPARS,42,25,20,785.0,15700.0
2020-03-05,2020030501010899,SPARS,42,38,10,785.0,7850.0
2020-03-05,2020030501010892,SPDL,13,44,1905,100.0,190500.0
2020-03-05,2020030501010841,SRBL,45,4,40,261.0,10440.0
2020-03-05,2020030501010812,SRBL,4,4,500,261.0,130500.0
2020-03-05,2020030501010811,SRBL,34,4,1962,261.0,512082.0
2020-03-05,2020030501010756,SRBL,34,17,38,261.0,9918.0
2020-03-05,2020030501010603,UIC,17,34,30,371.0,11130.0
2020-03-05,2020030501010982,UPCL,57,42,100,77.0,7700.0
2020-03-05,2020030501010909,UPCL,57,41,100,77.0,7700.0
2020-03-05,2020030501010746,UPCL,17,17,50,78.0,3900.0
2020-03-05,2020030501010665,UPPER,1,8,40,235.0,9400.0
2020-03-05,2020030501010764,WOMI,35,10,14,1026.0,14364.0
2020-03-05,2020030501009436,ADBL,40,40,5,400.0,2000.0
2020-03-05,2020030501009159,ADBL,6,35,83,407.0,33781.0
2020-03-05,2020030501009309,AKJCL,6,11,10,52.0,520.0
2020-03-05,2020030501009384,AKPL,36,32,13,124.0,1612.0
2020-03-05,2020030501009200,AKPL,52,46,250,126.0,31500.0
2020-03-05,2020030501009199,AKPL,50,46,74,126.0,9324.0
2020-03-05,2020030501009105,AKPL,50,56,13,126.0,1638.0
2020-03-05,2020030501009339,AKPL,43,56,500,125.0,62500.0
2020-03-05,2020030501009338,AKPL,21,56,1000,125.0,125000.0
2020-03-05,2020030501009337,AKPL,57,56,1000,125.0,125000.0
2020-03-05,2020030501009336,AKPL,26,56,961,125.0,120125.0
2020-03-05,2020030501009296,AKPL,26,56,13,125.0,1625.0
2020-03-05,2020030501009407,ALBSL,21,42,11,676.0,7436.0
2020-03-05,2020030501009395,ALBSL,21,56,10,676.0,6760.0
2020-03-05,2020030501009368,ALBSL,21,56,10,676.0,6760.0
2020-03-05,2020030501009367,ALBSL,21,56,11,676.0,7436.0
2020-03-05,2020030501009349,ALBSL,21,56,10,676.0,6760.0
2020-03-05,2020030501009056,ALBSL,11,16,10,685.0,6850.0
2020-03-05,2020030501009334,ALBSL,21,56,10,676.0,6760.0
2020-03-05,2020030501009461,API,42,47,100,129.0,12900.0
2020-03-05,2020030501009435,API,42,7,50,129.0,6450.0
2020-03-05,2020030501009424,API,42,32,66,129.0,8514.0
2020-03-05,2020030501009104,API,42,41,11,129.0,1419.0
2020-03-05,2020030501009103,API,46,41,100,129.0,12900.0
2020-03-05,2020030501009102,API,56,41,100,130.0,13000.0
2020-03-05,2020030501009101,API,13,41,89,130.0,11570.0
2020-03-05,2020030501009466,BARUN,6,32,10,93.0,930.0
2020-03-05,2020030501009512,BBC,47,32,13,1731.0,22503.0
2020-03-05,2020030501009364,BOKL,47,57,100,246.0,24600.0
2020-03-05,2020030501009363,BOKL,13,57,100,246.0,24600.0
2020-03-05,2020030501009327,BOKL,13,35,109,246.0,26814.0
2020-03-05,2020030501009173,BOKL,13,16,684,246.0,168264.0
2020-03-05,2020030501009180,BPCL,32,38,22,360.0,7920.0
2020-03-05,2020030501009133,CBBL,26,6,20,1040.0,20800.0
2020-03-05,2020030501009479,CBL,10,16,500,147.0,73500.0
2020-03-05,2020030501009478,CBL,48,16,2108,147.0,309876.0
2020-03-05,2020030501009308,CBL,48,33,392,147.0,57624.0
2020-03-05,2020030501009307,CBL,57,33,200,147.0,29400.0
2020-03-05,2020030501009306,CBL,35,33,100,147.0,14700.0
2020-03-05,2020030501009305,CBL,48,33,400,147.0,58800.0
2020-03-05,2020030501009166,CBL,44,58,200,147.0,29400.0
2020-03-05,2020030501009165,CBL,39,58,500,147.0,73500.0
2020-03-05,2020030501009304,CBL,41,33,1000,147.0,147000.0
2020-03-05,2020030501009303,CBL,1,33,800,147.0,117600.0
2020-03-05,2020030501009170,CBL,1,58,200,147.0,29400.0
2020-03-05,2020030501009169,CBL,42,58,50,147.0,7350.0
2020-03-05,2020030501009168,CBL,58,58,3000,147.0,441000.0
2020-03-05,2020030501009167,CBL,52,58,50,147.0,7350.0
2020-03-05,2020030501009492,CCBL,13,39,1603,184.0,294952.0
2020-03-05,2020030501009491,CCBL,32,39,200,184.0,36800.0
2020-03-05,2020030501009490,CCBL,1,39,300,184.0,55200.0
2020-03-05,2020030501009489,CCBL,19,39,220,184.0,40480.0
2020-03-05,2020030501009464,CCBL,19,7,122,184.0,22448.0
2020-03-05,2020030501009452,CCBL,19,43,102,184.0,18768.0
2020-03-05,2020030501009386,CCBL,19,46,68,184.0,12512.0
2020-03-05,2020030501009350,CCBL,19,46,83,184.0,15272.0
2020-03-05,2020030501009243,CCBL,42,42,4,185.0,740.0
2020-03-05,2020030501009202,CCBL,19,35,205,184.0,37720.0
2020-03-05,2020030501009197,CCBL,19,52,200,184.0,36800.0
2020-03-05,2020030501009241,CHCL,16,56,100,409.0,40900.0
2020-03-05,2020030501009240,CHCL,1,56,500,409.0,204500.0
2020-03-05,2020030501009239,CHCL,13,56,100,410.0,41000.0
2020-03-05,2020030501009198,CHCL,13,1,200,410.0,82000.0
2020-03-05,2020030501009416,CIT,58,45,37,2665.0,98605.0
2020-03-05,2020030501009519,CZBIL,57,42,10,204.0,2040.0
2020-03-05,2020030501009480,CZBIL,57,17,300,204.0,61200.0
2020-03-05,2020030501009319,CZBIL,57,52,158,204.0,32232.0
2020-03-05,2020030501009225,CZBIL,11,52,200,204.0,40800.0
2020-03-05,2020030501009146,EBL,52,47,50,743.0,37150.0
2020-03-05,2020030501009039,EBL,52,14,50,743.0,37150.0
2020-03-05,2020030501009038,EBL,13,14,50,743.0,37150.0
2020-03-05,2020030501009329,EIC,42,16,100,396.0,39600.0
2020-03-05,2020030501009062,EIC,38,57,230,395.0,90850.0
2020-03-05,2020030501009061,EIC,17,57,100,395.0,39500.0
2020-03-05,2020030501009060,EIC,28,57,170,396.0,67320.0
2020-03-05,2020030501009531,FMDBL,49,42,300,489.0,146700.0
2020-03-05,2020030501009530,FMDBL,6,42,1000,490.0,490000.0
2020-03-05,2020030501009529,FMDBL,40,42,100,490.0,49000.0
2020-03-05,2020030501009528,FMDBL,40,42,100,490.0,49000.0
2020-03-05,2020030501009527,FMDBL,48,42,500,490.0,245000.0
2020-03-05,2020030501009526,FMDBL,52,42,200,491.0,98200.0
2020-03-05,2020030501009525,FMDBL,53,42,100,491.0,49100.0
2020-03-05,2020030501009524,FMDBL,44,42,455,491.0,223405.0
2020-03-05,2020030501009421,FMDBL,44,4,195,491.0,95745.0
2020-03-05,2020030501009420,FMDBL,43,4,20,492.0,9840.0
2020-03-05,2020030501009419,FMDBL,53,4,400,492.0,196800.0
2020-03-05,2020030501009404,FMDBL,53,28,100,492.0,49200.0
2020-03-05,2020030501009446,GBBL,51,49,40,242.0,9680.0
2020-03-05,2020030501009196,GBBL,51,45,439,242.0,106238.0
2020-03-05,2020030501009195,GBBL,37,45,461,242.0,111562.0
2020-03-05,2020030501009091,GBBL,37,26,639,242.0,154638.0
2020-03-05,2020030501009090,GBBL,58,26,61,242.0,14762.0
2020-03-05,2020030501009089,GBBL,25,26,300,243.0,72900.0
2020-03-05,2020030501009511,GBIME,17,17,1,287.0,287.0
2020-03-05,2020030501009431,GBIME,13,6,244,287.0,70028.0
2020-03-05,2020030501009417,GBIME,10,10,2,285.0,570.0
2020-03-05,2020030501009371,GBIME,58,7,82,286.0,23452.0
2020-03-05,2020030501009234,GBIME,58,52,150,286.0,42900.0
2020-03-05,2020030501009229,GBIME,58,34,90,286.0,25740.0
2020-03-05,2020030501009052,GBIME,57,45,87,288.0,25056.0
2020-03-05,2020030501009051,GBIME,57,35,13,288.0,3744.0
2020-03-05,2020030501009222,GBIME,14,6,500,287.0,143500.0
2020-03-05,2020030501009211,GBIME,14,36,500,287.0,143500.0
2020-03-05,2020030501009210,GBIME,13,36,12,287.0,3444.0
2020-03-05,2020030501009176,GBIME,42,42,2,288.0,576.0
2020-03-05,2020030501009160,GBIME,13,44,145,287.0,41615.0
2020-03-05,2020030501009106,GBIME,42,42,2,288.0,576.0
2020-03-05,2020030501009427,GBLBS,7,28,100,481.0,48100.0
2020-03-05,2020030501009390,GBLBS,52,48,50,482.0,24100.0
2020-03-05,2020030501009360,GBLBS,39,48,100,482.0,48200.0
2020-03-05,2020030501009310,GBLBS,39,16,100,482.0,48200.0
2020-03-05,2020030501009409,GLICL,45,33,11,490.0,5390.0
2020-03-05,2020030501009408,GLICL,45,25,139,490.0,68110.0
2020-03-05,2020030501009403,GLICL,33,16,60,486.0,29160.0
2020-03-05,2020030501009343,GLICL,51,25,50,490.0,24500.0
2020-03-05,2020030501009342,GLICL,42,25,25,490.0,12250.0
2020-03-05,2020030501009320,GLICL,57,25,100,490.0,49000.0
2020-03-05,2020030501009147,GLICL,41,51,265,492.0,130380.0
2020-03-05,2020030501009059,GLICL,25,51,35,492.0,17220.0
2020-03-05,2020030501009288,GLICL,22,13,10,491.0,4910.0
2020-03-05,2020030501009266,GLICL,37,13,100,491.0,49100.0
2020-03-05,2020030501009235,GLICL,16,13,50,491.0,24550.0
2020-03-05,2020030501009150,GLICL,34,5,50,492.0,24600.0
2020-03-05,2020030501009149,GLICL,41,5,635,492.0,312420.0
2020-03-05,2020030501009148,GLICL,41,44,100,492.0,49200.0
2020-03-05,2020030501009514,GMFBS,28,35,10,771.0,7710.0
2020-03-05,2020030501009325,GMFIL,45,47,738,138.0,101844.0
2020-03-05,2020030501009087,GRDBL,40,14,1950,121.0,235950.0
2020-03-05,2020030501009415,GUFL,26,35,490,126.0,61740.0
2020-03-05,2020030501009414,GUFL,44,35,1000,126.0,126000.0
2020-03-05,2020030501009413,GUFL,22,35,10,126.0,1260.0
2020-03-05,2020030501009317,HBL,53,26,50,605.0,30250.0
2020-03-05,2020030501009370,HDL,4,19,50,1610.0,80500.0
2020-03-05,2020030501009286,HDL,48,14,50,1606.0,80300.0
2020-03-05,2020030501009268,HDL,58,19,50,1610.0,80500.0
2020-03-05,2020030501009259,HDL,48,16,50,1606.0,80300.0
2020-03-05,2020030501009194,HDL,48,7,190,1606.0,305140.0
2020-03-05,2020030501009193,HDL,3,7,10,1607.0,16070.0
2020-03-05,2020030501009058,HDL,48,14,200,1606.0,321200.0
2020-03-05,2020030501009361,HGI,49,19,50,398.0,19900.0
2020-03-05,2020030501009369,HIDCL,5,35,47,136.0,6392.0
2020-03-05,2020030501009123,HIDCL,5,41,163,136.0,22168.0
2020-03-05,2020030501009122,HIDCL,17,41,497,136.0,67592.0
2020-03-05,2020030501009465,ILBS,38,56,10,720.0,7200.0
2020-03-05,2020030501009244,ILBS,38,35,10,720.0,7200.0
2020-03-05,2020030501009067,ILBS,38,59,10,720.0,7200.0
2020-03-05,2020030501009274,JOSHI,33,45,10,60.0,600.0
2020-03-05,2020030501009376,KBL,34,4,23,207.0,4761.0
2020-03-05,2020030501009375,KBL,43,4,2000,207.0,414000.0
2020-03-05,2020030501009374,KBL,56,4,200,208.0,41600.0
2020-03-05,2020030501009373,KBL,21,4,500,208.0,104000.0
2020-03-05,2020030501009372,KBL,20,4,77,208.0,16016.0
2020-03-05,2020030501009510,KMCDB,43,46,10,864.0,8640.0
2020-03-05,2020030501009509,KMCDB,43,51,10,864.0,8640.0
2020-03-05,2020030501009508,KMCDB,43,51,10,864.0,8640.0
2020-03-05,2020030501009507,KMCDB,43,42,10,864.0,8640.0
2020-03-05,2020030501009506,KMCDB,43,42,10,864.0,8640.0
2020-03-05,2020030501009124,KMCDB,7,16,10,864.0,8640.0
2020-03-05,2020030501009347,KMCDB,16,46,10,864.0,8640.0
2020-03-05,2020030501009346,KMCDB,16,28,10,864.0,8640.0
2020-03-05,2020030501009345,KMCDB,16,38,10,864.0,8640.0
2020-03-05,2020030501009181,KMCDB,16,51,10,864.0,8640.0
2020-03-05,2020030501009125,KMCDB,7,48,10,864.0,8640.0
2020-03-05,2020030501009258,LBBL,16,52,72,192.0,13824.0
2020-03-05,2020030501009439,LBL,13,46,100,228.0,22800.0
2020-03-05,2020030501009438,LBL,13,44,256,228.0,58368.0
2020-03-05,2020030501009396,LBL,52,44,100,228.0,22800.0
2020-03-05,2020030501009366,LBL,51,46,200,227.0,45400.0
2020-03-05,2020030501009481,LGIL,47,57,70,485.0,33950.0
2020-03-05,2020030501009359,LGIL,46,10,100,485.0,48500.0
2020-03-05,2020030501009209,LICN,7,50,1800,1490.0,2682000.0
2020-03-05,2020030501009208,LICN,7,50,500,1490.0,745000.0
2020-03-05,2020030501009207,LICN,7,50,100,1490.0,149000.0
2020-03-05,2020030501009206,LICN,7,28,30,1480.0,44400.0
2020-03-05,2020030501009402,LLBS,26,35,27,1050.0,28350.0
2020-03-05,2020030501009401,LLBS,26,49,25,1050.0,26250.0
2020-03-05,2020030501009400,LLBS,26,48,13,1050.0,13650.0
2020-03-05,2020030501009399,LLBS,26,38,27,1049.0,28323.0
2020-03-05,2020030501009398,LLBS,26,46,27,1049.0,28323.0
2020-03-05,2020030501009397,LLBS,26,39,27,1049.0,28323.0
2020-03-05,2020030501009457,MBL,51,36,217,247.0,53599.0
2020-03-05,2020030501009071,MBL,29,47,114,246.0,28044.0
2020-03-05,2020030501009070,MBL,59,47,300,246.0,73800.0
2020-03-05,2020030501009069,MBL,6,47,86,246.0,21156.0
2020-03-05,2020030501009047,MBL,6,47,114,246.0,28044.0
2020-03-05,2020030501009046,MBL,57,47,500,246.0,123000.0
2020-03-05,2020030501009045,MBL,49,47,386,247.0,95342.0
2020-03-05,2020030501009418,MDB,58,17,200,446.0,89200.0
2020-03-05,2020030501009097,MDB,58,55,184,446.0,82064.0
2020-03-05,2020030501009096,MDB,4,55,391,446.0,174386.0
2020-03-05,2020030501009095,MDB,4,55,500,447.0,223500.0
2020-03-05,2020030501009094,MDB,53,55,300,447.0,134100.0
2020-03-05,2020030501009093,MDB,42,55,500,448.0,224000.0
2020-03-05,2020030501009516,MEGA,7,45,21,228.0,4788.0
2020-03-05,2020030501009410,MEGA,7,7,40,228.0,9120.0
2020-03-05,2020030501009362,MEGA,42,42,1,229.0,229.0
2020-03-05,2020030501009203,MEGA,7,46,35,228.0,7980.0
2020-03-05,2020030501009099,MEGA,57,52,100,227.0,22700.0
2020-03-05,2020030501009324,MERO,41,55,69,630.0,43470.0
2020-03-05,2020030501009275,MERO,38,50,59,639.0,37701.0
2020-03-05,2020030501009233,MERO,28,51,50,636.0,31800.0
2020-03-05,2020030501009232,MERO,28,36,50,635.0,31750.0
2020-03-05,2020030501009231,MERO,28,32,30,634.0,19020.0
2020-03-05,2020030501009523,MFIL,4,38,1000,319.0,319000.0
2020-03-05,2020030501009522,MFIL,4,40,41,319.0,13079.0
2020-03-05,2020030501009521,MFIL,4,14,500,319.0,159500.0
2020-03-05,2020030501009520,MFIL,4,22,490,317.0,155330.0
2020-03-05,2020030501009505,MFIL,43,22,10,317.0,3170.0
2020-03-05,2020030501009496,MFIL,4,14,488,311.0,151768.0
2020-03-05,2020030501009033,MFIL,35,53,70,299.0,20930.0
2020-03-05,2020030501009032,MFIL,35,37,500,298.0,149000.0
2020-03-05,2020030501009151,MFIL,43,48,10,300.0,3000.0
2020-03-05,2020030501009137,MFIL,4,40,20,298.0,5960.0
2020-03-05,2020030501009135,MFIL,43,33,78,300.0,23400.0
2020-03-05,2020030501009036,MFIL,35,33,9546,300.0,2863800.0
2020-03-05,2020030501009035,MFIL,35,46,100,300.0,30000.0
2020-03-05,2020030501009034,MFIL,35,20,402,299.0,120198.0
2020-03-05,2020030501009187,MFIL,4,48,238,305.0,72590.0
2020-03-05,2020030501009186,MFIL,4,53,353,304.0,107312.0
2020-03-05,2020030501009185,MFIL,4,34,200,302.0,60400.0
2020-03-05,2020030501009184,MFIL,4,32,1000,302.0,302000.0
2020-03-05,2020030501009183,MFIL,4,14,200,301.0,60200.0
2020-03-05,2020030501009175,MFIL,43,48,90,300.0,27000.0
2020-03-05,2020030501009221,MFIL,43,21,10,306.0,3060.0
2020-03-05,2020030501009192,MFIL,4,32,200,305.0,61000.0
2020-03-05,2020030501009191,MFIL,4,47,490,305.0,149450.0
2020-03-05,2020030501009190,MFIL,4,43,100,305.0,30500.0
2020-03-05,2020030501009189,MFIL,4,42,470,305.0,143350.0
2020-03-05,2020030501009188,MFIL,4,47,650,305.0,198250.0
2020-03-05,2020030501009249,MFIL,4,42,100,306.0,30600.0
2020-03-05,2020030501009248,MFIL,4,19,450,306.0,137700.0
2020-03-05,2020030501009247,MFIL,4,21,90,306.0,27540.0
2020-03-05,2020030501009246,MFIL,4,25,50,306.0,15300.0
2020-03-05,2020030501009245,MFIL,4,45,692,305.0,211060.0
2020-03-05,2020030501009236,MFIL,4,45,99,305.0,30195.0
2020-03-05,2020030501009276,MFIL,43,17,161,318.0,51198.0
2020-03-05,2020030501009263,MFIL,4,45,500,312.0,156000.0
2020-03-05,2020030501009257,MFIL,4,20,40,311.0,12440.0
2020-03-05,2020030501009252,MFIL,4,50,50,311.0,15550.0
2020-03-05,2020030501009251,MFIL,4,42,440,311.0,136840.0
2020-03-05,2020030501009250,MFIL,4,1,500,310.0,155000.0
2020-03-05,2020030501009495,MFIL,4,14,100,313.0,31300.0
2020-03-05,2020030501009455,MFIL,4,45,500,312.0,156000.0
2020-03-05,2020030501009454,MFIL,4,17,400,312.0,124800.0
2020-03-05,2020030501009423,MFIL,43,17,100,312.0,31200.0
2020-03-05,2020030501009422,MFIL,40,17,100,313.0,31300.0
2020-03-05,2020030501009326,MFIL,40,39,40,318.0,12720.0
2020-03-05,2020030501009469,MLBL,38,38,4,217.0,868.0
2020-03-05,2020030501009365,MLBL,38,38,4,217.0,868.0
2020-03-05,2020030501009315,MLBL,52,35,23,221.0,5083.0
2020-03-05,2020030501009412,MNBBL,20,37,30,335.0,10050.0
2020-03-05,2020030501009322,MNBBL,22,1,150,333.0,49950.0
2020-03-05,2020030501009205,MNBBL,34,36,100,332.0,33200.0
2020-03-05,2020030501009092,MPFL,32,17,1000,128.0,128000.0
2020-03-05,2020030501009391,NABIL,34,16,970,830.0,805100.0
2020-03-05,2020030501009333,NABIL,13,42,12,829.0,9948.0
2020-03-05,2020030501009332,NABIL,13,42,50,829.0,41450.0
2020-03-05,2020030501009331,NABIL,47,42,50,829.0,41450.0
2020-03-05,2020030501009287,NABIL,57,16,30,830.0,24900.0
2020-03-05,2020030501009272,NABIL,57,29,60,830.0,49800.0
2020-03-05,2020030501009227,NABIL,57,26,10,830.0,8300.0
2020-03-05,2020030501009226,NABIL,48,26,10,830.0,8300.0
2020-03-05,2020030501009116,NABIL,34,48,66,834.0,55044.0
2020-03-05,2020030501009115,NABIL,34,13,627,834.0,522918.0
2020-03-05,2020030501009114,NABIL,34,39,26,834.0,21684.0
2020-03-05,2020030501009113,NABIL,34,16,250,834.0,208500.0
2020-03-05,2020030501009434,NBB,1,46,140,226.0,31640.0
2020-03-05,2020030501009335,NBB,1,7,160,226.0,36160.0
2020-03-05,2020030501009301,NBB,43,55,200,225.0,45000.0
2020-03-05,2020030501009300,NBB,43,13,200,225.0,45000.0
2020-03-05,2020030501009299,NBB,43,33,20,225.0,4500.0
2020-03-05,2020030501009144,NBB,17,41,10,224.0,2240.0
2020-03-05,2020030501009204,NBL,57,26,1000,285.0,285000.0
2020-03-05,2020030501009158,NBL,7,38,151,284.0,42884.0
2020-03-05,2020030501009156,NBL,7,16,95,284.0,26980.0
2020-03-05,2020030501009155,NBL,19,16,100,284.0,28400.0
2020-03-05,2020030501009154,NBL,53,16,500,284.0,142000.0
2020-03-05,2020030501009153,NBL,53,16,795,284.0,225780.0
2020-03-05,2020030501009139,NBL,53,16,205,284.0,58220.0
2020-03-05,2020030501009138,NBL,11,16,133,284.0,37772.0
2020-03-05,2020030501009411,NCCB,7,50,99,201.0,19899.0
2020-03-05,2020030501009382,NCCB,38,58,73,200.0,14600.0
2020-03-05,2020030501009381,NCCB,13,58,200,200.0,40000.0
2020-03-05,2020030501009380,NCCB,55,58,500,200.0,100000.0
2020-03-05,2020030501009379,NCCB,1,58,100,200.0,20000.0
2020-03-05,2020030501009378,NCCB,58,58,3127,200.0,625400.0
2020-03-05,2020030501009230,NCCB,58,46,48,200.0,9600.0
2020-03-05,2020030501009098,NHPC,39,38,10,59.0,590.0
2020-03-05,2020030501009445,NIB,58,10,978,415.0,405870.0
2020-03-05,2020030501009444,NIB,41,10,11,415.0,4565.0
2020-03-05,2020030501009443,NIB,22,10,300,415.0,124500.0
2020-03-05,2020030501009442,NIB,41,10,100,415.0,41500.0
2020-03-05,2020030501009441,NIB,59,10,200,415.0,83000.0
2020-03-05,2020030501009440,NIB,59,10,11,415.0,4565.0
2020-03-05,2020030501009140,NIB,45,35,82,418.0,34276.0
2020-03-05,2020030501009055,NIB,45,41,68,418.0,28424.0
2020-03-05,2020030501009054,NIB,26,41,150,418.0,62700.0
2020-03-05,2020030501009053,NIB,5,41,82,418.0,34276.0
2020-03-05,2020030501009219,NIB,59,45,489,415.0,202935.0
2020-03-05,2020030501009218,NIB,25,45,130,415.0,53950.0
2020-03-05,2020030501009217,NIB,22,45,100,415.0,41500.0
2020-03-05,2020030501009216,NIB,44,45,2000,417.0,834000.0
2020-03-05,2020030501009215,NIB,16,45,281,417.0,117177.0
2020-03-05,2020030501009141,NIB,16,35,35,417.0,14595.0
2020-03-05,2020030501009513,NICA,39,50,1000,573.0,573000.0
2020-03-05,2020030501009450,NICA,34,44,2935,572.0,1678820.0
2020-03-05,2020030501009406,NICA,4,19,500,571.0,285500.0
2020-03-05,2020030501009389,NICA,4,19,500,571.0,285500.0
2020-03-05,2020030501009377,NICA,49,44,65,572.0,37180.0
2020-03-05,2020030501009357,NICA,49,21,300,572.0,171600.0
2020-03-05,2020030501009128,NICA,10,47,300,572.0,171600.0
2020-03-05,2020030501009127,NICA,55,47,215,572.0,122980.0
2020-03-05,2020030501009126,NICA,13,47,50,573.0,28650.0
2020-03-05,2020030501009081,NICA,55,47,140,572.0,80080.0
2020-03-05,2020030501009298,NICA,49,22,135,572.0,77220.0
2020-03-05,2020030501009297,NICA,47,22,65,572.0,37180.0
2020-03-05,2020030501009280,NICA,47,52,35,572.0,20020.0
2020-03-05,2020030501009279,NICA,49,52,65,572.0,37180.0
2020-03-05,2020030501009131,NICA,39,35,500,574.0,287000.0
2020-03-05,2020030501009129,NICA,49,47,235,572.0,134420.0
2020-03-05,2020030501009470,NICL,47,43,85,451.0,38335.0
2020-03-05,2020030501009152,NICL,52,52,200,451.0,90200.0
2020-03-05,2020030501009110,NICL,34,42,117,450.0,52650.0
2020-03-05,2020030501009109,NICL,58,42,91,450.0,40950.0
2020-03-05,2020030501009108,NICL,7,42,100,451.0,45100.0
2020-03-05,2020030501009107,NICL,25,42,192,451.0,86592.0
2020-03-05,2020030501009476,NIL,4,42,92,577.0,53084.0
2020-03-05,2020030501009468,NLBBL,29,45,30,735.0,22050.0
2020-03-05,2020030501009467,NLBBL,34,45,100,735.0,73500.0
2020-03-05,2020030501009458,NLIC,49,42,25,1239.0,30975.0
2020-03-05,2020030501009451,NLIC,25,55,117,1240.0,145080.0
2020-03-05,2020030501009449,NLIC,49,42,25,1239.0,30975.0
2020-03-05,2020030501009388,NLIC,49,7,22,1239.0,27258.0
2020-03-05,2020030501009387,NLIC,49,56,22,1239.0,27258.0
2020-03-05,2020030501009355,NLIC,41,55,150,1240.0,186000.0
2020-03-05,2020030501009074,NLIC,13,48,28,1240.0,34720.0
2020-03-05,2020030501009073,NLIC,13,56,22,1240.0,27280.0
2020-03-05,2020030501009043,NLIC,49,59,248,1239.0,307272.0
2020-03-05,2020030501009042,NLIC,14,59,226,1239.0,280014.0
2020-03-05,2020030501009041,NLIC,58,59,26,1240.0,32240.0
2020-03-05,2020030501009323,NLIC,14,55,175,1240.0,217000.0
2020-03-05,2020030501009311,NLIC,40,55,58,1240.0,71920.0
2020-03-05,2020030501009273,NLIC,50,50,75,1241.0,93075.0
2020-03-05,2020030501009270,NLIC,40,46,20,1240.0,24800.0
2020-03-05,2020030501009164,NLIC,40,56,22,1240.0,27280.0
2020-03-05,2020030501009121,NLIC,17,35,100,1240.0,124000.0
2020-03-05,2020030501009475,NLICL,17,16,90,705.0,63450.0
2020-03-05,2020030501009474,NLICL,57,16,100,705.0,70500.0
2020-03-05,2020030501009473,NLICL,19,16,10,705.0,7050.0
2020-03-05,2020030501009220,NLICL,44,26,100,707.0,70700.0
2020-03-05,2020030501009494,NMB,38,13,500,459.0,229500.0
2020-03-05,2020030501009487,NMB,39,45,312,461.0,143832.0
2020-03-05,2020030501009486,NMB,39,52,600,461.0,276600.0
2020-03-05,2020030501009485,NMB,39,58,315,461.0,145215.0
2020-03-05,2020030501009484,NMB,39,43,100,460.0,46000.0
2020-03-05,2020030501009483,NMB,39,51,73,460.0,33580.0
2020-03-05,2020030501009316,NMB,52,33,1000,459.0,459000.0
2020-03-05,2020030501009291,NMB,38,45,50,460.0,23000.0
2020-03-05,2020030501009290,NMB,52,59,21,459.0,9639.0
2020-03-05,2020030501009289,NMB,51,59,479,459.0,219861.0
2020-03-05,2020030501009080,NMB,51,13,632,459.0,290088.0
2020-03-05,2020030501009037,NMB,13,45,50,460.0,23000.0
2020-03-05,2020030501009482,NMB,39,13,100,460.0,46000.0
2020-03-05,2020030501009463,NMB,38,42,32,459.0,14688.0
2020-03-05,2020030501009462,NMB,38,36,21,459.0,9639.0
2020-03-05,2020030501009447,NMB,34,36,100,458.0,45800.0
2020-03-05,2020030501009358,NMB,33,33,10000,457.0,4570000.0
2020-03-05,2020030501009348,NMB,52,36,979,459.0,449361.0
2020-03-05,2020030501009278,NMBMF,54,5,100,798.0,79800.0
2020-03-05,2020030501009049,NMBMF,45,5,200,798.0,159600.0
2020-03-05,2020030501009277,NSEWA,7,35,10,670.0,6700.0
2020-03-05,2020030501009265,NSEWA,7,56,10,678.0,6780.0
2020-03-05,2020030501009256,NSEWA,7,45,50,675.0,33750.0
2020-03-05,2020030501009255,NSEWA,7,14,40,674.0,26960.0
2020-03-05,2020030501009430,NUBL,47,48,60,990.0,59400.0
2020-03-05,2020030501009429,NUBL,47,41,80,990.0,79200.0
2020-03-05,2020030501009428,NUBL,47,38,102,990.0,100980.0
2020-03-05,2020030501009432,OHL,35,4,20,448.0,8960.0
2020-03-05,2020030501009493,PCBL,49,52,92,298.0,27416.0
2020-03-05,2020030501009264,PCBL,45,35,180,299.0,53820.0
2020-03-05,2020030501009068,PCBL,45,14,257,299.0,76843.0
2020-03-05,2020030501009111,PFL,45,48,39,162.0,6318.0
2020-03-05,2020030501009517,PIC,54,19,100,600.0,60000.0
2020-03-05,2020030501009472,PIC,54,25,61,596.0,36356.0
2020-03-05,2020030501009471,PIC,13,25,39,596.0,23244.0
2020-03-05,2020030501009448,PIC,28,57,30,601.0,18030.0
2020-03-05,2020030501009295,PIC,28,41,20,601.0,12020.0
2020-03-05,2020030501009157,PIC,13,56,11,596.0,6556.0
2020-03-05,2020030501009142,PIC,56,49,13,600.0,7800.0
2020-03-05,2020030501009040,PICL,3,21,83,470.0,39010.0
2020-03-05,2020030501009340,PLIC,4,50,125,590.0,73750.0
2020-03-05,2020030501009302,PLIC,4,22,34,590.0,20060.0
2020-03-05,2020030501009242,PLIC,4,34,41,590.0,24190.0
2020-03-05,2020030501009224,PLIC,4,16,100,590.0,59000.0
2020-03-05,2020030501009179,PLIC,4,26,500,590.0,295000.0
2020-03-05,2020030501009079,PLIC,45,35,90,591.0,53190.0
2020-03-05,2020030501009078,PLIC,45,46,10,591.0,5910.0
2020-03-05,2020030501009356,PMHPL,59,17,10,83.0,830.0
2020-03-05,2020030501009072,PMHPL,59,52,10,83.0,830.0
2020-03-05,2020030501009497,PRVU,58,47,250,254.0,63500.0
2020-03-05,2020030501009477,PRVU,6,44,68,255.0,17340.0
2020-03-05,2020030501009321,PRVU,58,52,250,254.0,63500.0
2020-03-05,2020030501009292,PRVU,50,44,200,255.0,51000.0
2020-03-05,2020030501009136,PRVU,58,52,100,254.0,25400.0
2020-03-05,2020030501009076,PRVU,55,44,200,255.0,51000.0
2020-03-05,2020030501009064,PRVU,17,44,1500,255.0,382500.0
2020-03-05,2020030501009063,PRVU,34,44,3000,255.0,765000.0
2020-03-05,2020030501009285,RADHI,38,1,13,167.0,2171.0
2020-03-05,2020030501009143,RBCL,34,11,20,9920.0,198400.0
2020-03-05,2020030501009084,RBCLPO,7,33,100,8630.0,863000.0
2020-03-05,2020030501009488,RHPL,42,53,35,159.0,5565.0
2020-03-05,2020030501009394,RHPL,41,53,50,160.0,8000.0
2020-03-05,2020030501009393,RHPL,6,53,1440,160.0,230400.0
2020-03-05,2020030501009253,RHPL,6,38,40,160.0,6400.0
2020-03-05,2020030501009134,RHPL,6,48,40,160.0,6400.0
2020-03-05,2020030501009130,RHPL,6,14,10,160.0,1600.0
2020-03-05,2020030501009085,RHPL,6,52,40,160.0,6400.0
2020-03-05,2020030501009392,RMDC,34,44,101,702.0,70902.0
2020-03-05,2020030501009313,RMDC,34,57,46,702.0,32292.0
2020-03-05,2020030501009312,RMDC,34,13,105,701.0,73605.0
2020-03-05,2020030501009504,RSDC,53,4,21,484.0,10164.0
2020-03-05,2020030501009503,RSDC,34,4,200,485.0,97000.0
2020-03-05,2020030501009502,RSDC,45,4,50,485.0,24250.0
2020-03-05,2020030501009501,RSDC,46,4,100,486.0,48600.0
2020-03-05,2020030501009500,RSDC,33,4,29,486.0,14094.0
2020-03-05,2020030501009499,RSDC,34,4,300,487.0,146100.0
2020-03-05,2020030501009498,RSDC,45,4,100,488.0,48800.0
2020-03-05,2020030501009385,RSDC,10,28,100,490.0,49000.0
2020-03-05,2020030501009178,RSDC,43,22,108,490.0,52920.0
2020-03-05,2020030501009456,SABSL,44,35,10,772.0,7720.0
2020-03-05,2020030501009437,SANIMA,28,50,200,365.0,73000.0
2020-03-05,2020030501009267,SANIMA,13,34,28,364.0,10192.0
2020-03-05,2020030501009294,SAPDBL,42,42,1,145.0,145.0
2020-03-05,2020030501009405,SCB,49,56,10,690.0,6900.0
2020-03-05,2020030501009284,SCB,49,17,60,690.0,41400.0
2020-03-05,2020030501009283,SCB,41,17,140,690.0,96600.0
2020-03-05,2020030501009282,SCB,42,17,200,691.0,138200.0
2020-03-05,2020030501009281,SCB,49,17,368,691.0,254288.0
2020-03-05,2020030501009177,SCB,49,14,100,691.0,69100.0
2020-03-05,2020030501009065,SCB,49,41,302,691.0,208682.0
2020-03-05,2020030501009057,SCB,49,56,10,691.0,6910.0
2020-03-05,2020030501009048,SCB,13,17,40,692.0,27680.0
2020-03-05,2020030501009050,SDESI,33,29,10,902.0,9020.0
2020-03-05,2020030501009460,SHINE,49,57,900,300.0,270000.0
2020-03-05,2020030501009044,SHINE,53,4,104,300.0,31200.0
2020-03-05,2020030501009518,SHIVM,29,14,100,596.0,59600.0
2020-03-05,2020030501009318,SHIVM,58,48,100,596.0,59600.0
2020-03-05,2020030501009077,SHIVM,58,41,50,596.0,29800.0
2020-03-05,2020030501009453,SJCL,6,11,20,153.0,3060.0
2020-03-05,2020030501009174,SJCL,6,48,20,153.0,3060.0
2020-03-05,2020030501009172,SJCL,6,1,20,153.0,3060.0
2020-03-05,2020030501009161,SJCL,6,14,10,153.0,1530.0
2020-03-05,2020030501009132,SJCL,6,52,20,153.0,3060.0
2020-03-05,2020030501009341,SKBBL,34,56,10,1122.0,11220.0
2020-03-05,2020030501009214,SKBBL,38,28,300,1122.0,336600.0
2020-03-05,2020030501009213,SKBBL,38,35,140,1120.0,156800.0
2020-03-05,2020030501009212,SKBBL,38,36,25,1119.0,27975.0
2020-03-05,2020030501009328,SLICL,47,59,250,460.0,115000.0
2020-03-05,2020030501009238,SLICL,21,16,100,460.0,46000.0
2020-03-05,2020030501009171,SLICL,43,5,500,462.0,231000.0
2020-03-05,2020030501009354,SMATA,35,48,20,695.0,13900.0
2020-03-05,2020030501009353,SMATA,34,48,22,695.0,15290.0
2020-03-05,2020030501009459,SMFBS,44,45,10,971.0,9710.0
2020-03-05,2020030501009426,SPARS,14,48,10,776.0,7760.0
2020-03-05,2020030501009425,SPARS,41,48,30,776.0,23280.0
2020-03-05,2020030501009293,SPARS,4,56,10,776.0,7760.0
2020-03-05,2020030501009269,SPARS,5,56,10,776.0,7760.0
2020-03-05,2020030501009262,SPARS,34,26,300,778.0,233400.0
2020-03-05,2020030501009261,SPARS,45,26,20,779.0,15580.0
2020-03-05,2020030501009260,SPARS,43,26,30,780.0,23400.0
2020-03-05,2020030501009201,SPARS,43,48,10,780.0,7800.0
2020-03-05,2020030501009344,SPDL,41,17,15,100.0,1500.0
2020-03-05,2020030501009515,SRBL,38,38,4,254.0,1016.0
2020-03-05,2020030501009237,SRBL,14,28,30,259.0,7770.0
2020-03-05,2020030501009182,SRBL,14,14,227,259.0,58793.0
2020-03-05,2020030501009163,SRBL,33,4,658,260.0,171080.0
2020-03-05,2020030501009120,SRBL,4,4,200,260.0,52000.0
2020-03-05,2020030501009119,SRBL,35,4,100,260.0,26000.0
2020-03-05,2020030501009118,SRBL,35,4,1000,260.0,260000.0
2020-03-05,2020030501009117,SRBL,34,4,42,260.0,10920.0
2020-03-05,2020030501009383,TMDBL,51,4,90,207.0,18630.0
2020-03-05,2020030501009330,TMDBL,46,57,110,204.0,22440.0
2020-03-05,2020030501009162,TMDBL,57,57,200,207.0,41400.0
2020-03-05,2020030501009066,TMDBL,46,6,10,204.0,2040.0
2020-03-05,2020030501009314,UIC,19,49,84,370.0,31080.0
2020-03-05,2020030501009083,UIC,19,41,99,371.0,36729.0
2020-03-05,2020030501009082,UIC,5,41,10,373.0,3730.0
2020-03-05,2020030501009254,UPCL,41,48,50,77.0,3850.0
2020-03-05,2020030501009433,UPPER,22,56,40,236.0,9440.0
2020-03-05,2020030501009271,UPPER,22,38,50,236.0,11800.0
2020-03-05,2020030501009228,UPPER,22,48,50,236.0,11800.0
2020-03-05,2020030501009223,UPPER,22,34,50,236.0,11800.0
2020-03-05,2020030501009145,UPPER,22,56,40,236.0,9440.0
2020-03-05,2020030501009112,UPPER,22,35,50,236.0,11800.0
2020-03-05,2020030501009075,UPPER,22,56,50,236.0,11800.0
2020-03-05,2020030501009086,VLBS,38,42,13,985.0,12805.0
2020-03-05,2020030501009352,WOMI,41,25,20,1044.0,20880.0
2020-03-05,2020030501009351,WOMI,41,16,50,1040.0,52000.0
2020-03-05,2020030501009088,WOMI,41,42,67,1030.0,69010.0
2020-03-05,2020030501010117,ADBL,14,46,100,407.0,40700.0
2020-03-05,2020030501010036,AHPC,26,43,1000,100.0,100000.0
2020-03-05,2020030501010135,AKPL,8,8,13,124.0,1612.0
2020-03-05,2020030501010045,AKPL,19,42,987,125.0,123375.0
2020-03-05,2020030501010044,AKPL,19,17,13,125.0,1625.0
2020-03-05,2020030501010323,ALBSL,52,41,40,680.0,27200.0
2020-03-05,2020030501010322,ALBSL,52,34,11,679.0,7469.0
2020-03-05,2020030501010070,ALICL,37,11,50,575.0,28750.0
2020-03-05,2020030501010069,ALICL,47,11,50,575.0,28750.0
2020-03-05,2020030501010497,API,1,16,25,129.0,3225.0
2020-03-05,2020030501010484,API,38,38,2,129.0,258.0
2020-03-05,2020030501010364,API,1,25,10,129.0,1290.0
2020-03-05,2020030501010145,API,1,8,17,129.0,2193.0
2020-03-05,2020030501010162,BARUN,6,8,10,93.0,930.0
2020-03-05,2020030501010489,BPCL,41,17,11,359.0,3949.0
2020-03-05,2020030501010263,BPCL,49,33,50,360.0,18000.0
2020-03-05,2020030501010262,BPCL,20,33,300,360.0,108000.0
2020-03-05,2020030501010261,BPCL,41,33,20,360.0,7200.0
2020-03-05,2020030501010260,BPCL,55,33,100,360.0,36000.0
2020-03-05,2020030501010259,BPCL,37,33,18,360.0,6480.0
2020-03-05,2020030501010444,CBBL,34,45,100,1045.0,104500.0
2020-03-05,2020030501010443,CBBL,34,59,90,1045.0,94050.0
2020-03-05,2020030501010442,CBBL,34,45,250,1044.0,261000.0
2020-03-05,2020030501010441,CBBL,34,21,50,1044.0,52200.0
2020-03-05,2020030501010440,CBBL,34,35,117,1043.0,122031.0
2020-03-05,2020030501010495,CBL,41,38,100,148.0,14800.0
2020-03-05,2020030501010236,CBL,28,38,100,148.0,14800.0
2020-03-05,2020030501010529,CCBL,45,16,35,183.0,6405.0
2020-03-05,2020030501010487,CCBL,45,57,121,183.0,22143.0
2020-03-05,2020030501010371,CCBL,22,25,35,184.0,6440.0
2020-03-05,2020030501010248,CCBL,28,52,100,185.0,18500.0
2020-03-05,2020030501010233,CCBL,14,52,10,185.0,1850.0
2020-03-05,2020030501010121,CCBL,4,29,392,184.0,72128.0
2020-03-05,2020030501010120,CCBL,4,45,118,184.0,21712.0
2020-03-05,2020030501010095,CFCL,4,56,10,137.0,1370.0
2020-03-05,2020030501010521,CHCL,10,10,12,412.0,4944.0
2020-03-05,2020030501010277,CIT,57,7,30,2655.0,79650.0
2020-03-05,2020030501010134,CIT,14,7,100,2665.0,266500.0
2020-03-05,2020030501010462,CMF1,7,29,2500,9.35,23375.0
2020-03-05,2020030501010257,CMF1,43,29,500,9.53,4765.0
2020-03-05,2020030501010457,CZBIL,57,17,81,204.0,16524.0
2020-03-05,2020030501010392,CZBIL,57,22,140,204.0,28560.0
2020-03-05,2020030501010190,DDBL,13,14,50,855.0,42750.0
2020-03-05,2020030501010346,DHPL,28,6,11,51.0,561.0
2020-03-05,2020030501010316,DHPL,28,6,11,51.0,561.0
2020-03-05,2020030501010300,DHPL,28,6,11,51.0,561.0
2020-03-05,2020030501010264,DHPL,28,6,11,51.0,561.0
2020-03-05,2020030501010398,EBL,6,47,140,742.0,103880.0
2020-03-05,2020030501010331,EBL,6,57,44,742.0,32648.0
2020-03-05,2020030501010330,EBL,4,57,200,742.0,148400.0
2020-03-05,2020030501010329,EBL,58,57,46,742.0,34132.0
2020-03-05,2020030501010059,EIC,42,49,150,396.0,59400.0
2020-03-05,2020030501010368,FMDBL,42,6,300,491.0,147300.0
2020-03-05,2020030501010367,FMDBL,42,57,200,490.0,98000.0
2020-03-05,2020030501010068,FMDBL,35,26,100,485.0,48500.0
2020-03-05,2020030501010513,FOWAD,43,56,19,1477.0,28063.0
2020-03-05,2020030501010503,GBBL,1,13,1100,242.0,266200.0
2020-03-05,2020030501010447,GBBL,29,13,200,242.0,48400.0
2020-03-05,2020030501010446,GBBL,51,13,1863,242.0,450846.0
2020-03-05,2020030501010341,GBBL,1,19,900,243.0,218700.0
2020-03-05,2020030501010255,GBBL,28,19,100,243.0,24300.0
2020-03-05,2020030501010239,GBBL,51,58,80,242.0,19360.0
2020-03-05,2020030501010508,GBIME,41,4,300,287.0,86100.0
2020-03-05,2020030501010417,GBIME,42,4,579,287.0,166173.0
2020-03-05,2020030501010416,GBIME,42,4,421,287.0,120827.0
2020-03-05,2020030501010309,GBIME,26,4,100,287.0,28700.0
2020-03-05,2020030501010276,GBIME,14,4,979,287.0,280973.0
2020-03-05,2020030501010275,GBIME,14,4,21,287.0,6027.0
2020-03-05,2020030501010097,GBIME,53,57,390,286.0,111540.0
2020-03-05,2020030501010096,GBIME,35,57,610,286.0,174460.0
2020-03-05,2020030501010062,GBIME,5,4,20,287.0,5740.0
2020-03-05,2020030501010042,GBIME,5,4,20,287.0,5740.0
2020-03-05,2020030501010435,GBLBS,38,35,10,481.0,4810.0
2020-03-05,2020030501010308,GILB,36,22,20,1316.0,26320.0
2020-03-05,2020030501010247,GLICL,16,7,520,486.0,252720.0
2020-03-05,2020030501010246,GLICL,34,7,100,486.0,48600.0
2020-03-05,2020030501010218,GLICL,53,39,505,489.0,246945.0
2020-03-05,2020030501010197,GLICL,17,39,100,489.0,48900.0
2020-03-05,2020030501010194,GLICL,41,56,10,488.0,4880.0
2020-03-05,2020030501010149,GLICL,22,56,200,488.0,97600.0
2020-03-05,2020030501010191,GMFBS,28,42,10,811.0,8110.0
2020-03-05,2020030501010172,GMFBS,28,22,10,800.0,8000.0
2020-03-05,2020030501010171,GMFBS,28,40,10,790.0,7900.0
2020-03-05,2020030501010160,GMFBS,28,57,80,785.0,62800.0
2020-03-05,2020030501010159,GMFBS,28,11,30,785.0,23550.0
2020-03-05,2020030501010278,GRDBL,28,19,100,123.0,12300.0
2020-03-05,2020030501010038,GUFL,32,32,33,126.0,4158.0
2020-03-05,2020030501010037,GUFL,26,32,10,126.0,1260.0
2020-03-05,2020030501010158,HBL,13,39,30,602.0,18060.0
2020-03-05,2020030501010157,HBL,38,39,50,604.0,30200.0
2020-03-05,2020030501010156,HBL,38,39,50,604.0,30200.0
2020-03-05,2020030501010155,HBL,38,39,100,604.0,60400.0
2020-03-05,2020030501010154,HBL,38,39,50,604.0,30200.0
2020-03-05,2020030501010153,HBL,38,39,50,604.0,30200.0
2020-03-05,2020030501010112,HBL,13,59,100,604.0,60400.0
2020-03-05,2020030501010111,HBL,38,59,100,604.0,60400.0
2020-03-05,2020030501010110,HBL,38,59,100,604.0,60400.0
2020-03-05,2020030501010109,HBL,48,59,20,608.0,12160.0
2020-03-05,2020030501010152,HBL,38,39,100,604.0,60400.0
2020-03-05,2020030501010151,HBL,38,39,50,604.0,30200.0
2020-03-05,2020030501010150,HBL,38,39,20,604.0,12080.0
2020-03-05,2020030501010115,HBL,38,59,80,604.0,48320.0
2020-03-05,2020030501010114,HBL,38,59,50,604.0,30200.0
2020-03-05,2020030501010113,HBL,38,59,50,604.0,30200.0
2020-03-05,2020030501010187,HDL,39,3,100,1610.0,161000.0
2020-03-05,2020030501010182,HDL,39,25,330,1610.0,531300.0
2020-03-05,2020030501010116,HDL,46,39,100,1610.0,161000.0
2020-03-05,2020030501010104,HDL,4,57,30,1609.0,48270.0
2020-03-05,2020030501010103,HDL,45,57,20,1609.0,32180.0
2020-03-05,2020030501010078,HDL,53,39,100,1610.0,161000.0
2020-03-05,2020030501010409,HIDCL,5,25,61,136.0,8296.0
2020-03-05,2020030501010281,HIDCL,1,56,200,137.0,27400.0
2020-03-05,2020030501010280,HIDCL,45,56,239,137.0,32743.0
2020-03-05,2020030501010196,HIDCL,45,8,61,137.0,8357.0
2020-03-05,2020030501010067,HIDCL,5,32,11,136.0,1496.0
2020-03-05,2020030501010066,HIDCL,10,32,50,137.0,6850.0
2020-03-05,2020030501010091,HPPL,52,32,20,145.0,2900.0
2020-03-05,2020030501010310,HURJA,6,17,20,102.0,2040.0
2020-03-05,2020030501010124,IGI,45,22,50,420.0,21000.0
2020-03-05,2020030501010123,IGI,42,22,70,421.0,29470.0
2020-03-05,2020030501010126,IGI,22,22,130,420.0,54600.0
2020-03-05,2020030501010125,IGI,19,22,50,420.0,21000.0
2020-03-05,2020030501010393,ILBS,49,51,10,734.0,7340.0
2020-03-05,2020030501010130,ILBS,49,32,10,734.0,7340.0
2020-03-05,2020030501010470,JBBL,33,48,400,191.0,76400.0
2020-03-05,2020030501010469,JBBL,33,34,197,191.0,37627.0
2020-03-05,2020030501010468,JBBL,33,45,220,191.0,42020.0
2020-03-05,2020030501010467,JBBL,33,48,1950,191.0,372450.0
2020-03-05,2020030501010466,JBBL,33,10,488,191.0,93208.0
2020-03-05,2020030501010465,JBBL,33,55,1000,191.0,191000.0
2020-03-05,2020030501010464,JBBL,33,47,80,191.0,15280.0
2020-03-05,2020030501010452,JBBL,58,21,1000,190.0,190000.0
2020-03-05,2020030501010372,JBBL,40,48,1000,189.0,189000.0
2020-03-05,2020030501010292,JBBL,40,50,400,189.0,75600.0
2020-03-05,2020030501010494,JSLBB,11,55,25,1490.0,37250.0
2020-03-05,2020030501010174,KBL,1,35,200,208.0,41600.0
2020-03-05,2020030501010076,KBL,51,35,20,208.0,4160.0
2020-03-05,2020030501010219,KKHC,11,8,10,59.0,590.0
2020-03-05,2020030501010413,KMCDB,44,51,10,862.0,8620.0
2020-03-05,2020030501010314,KMCDB,44,51,10,862.0,8620.0
2020-03-05,2020030501010232,KMCDB,44,45,10,862.0,8620.0
2020-03-05,2020030501010178,KMCDB,7,51,10,864.0,8640.0
2020-03-05,2020030501010177,KMCDB,7,51,10,864.0,8640.0
2020-03-05,2020030501010176,KMCDB,7,46,10,863.0,8630.0
2020-03-05,2020030501010169,KMCDB,44,45,10,862.0,8620.0
2020-03-05,2020030501010107,KMCDB,25,6,10,861.0,8610.0
2020-03-05,2020030501010086,KMCDB,25,40,10,861.0,8610.0
2020-03-05,2020030501010060,KMCDB,25,40,10,861.0,8610.0
2020-03-05,2020030501010052,KMCDB,25,51,10,861.0,8610.0
2020-03-05,2020030501010518,KSBBL,33,6,500,170.0,85000.0
2020-03-05,2020030501010517,KSBBL,33,26,99,170.0,16830.0
2020-03-05,2020030501010507,KSBBL,21,26,40,170.0,6800.0
2020-03-05,2020030501010506,KSBBL,21,37,60,170.0,10200.0
2020-03-05,2020030501010365,KSBBL,45,57,17,168.0,2856.0
2020-03-05,2020030501010362,KSBBL,45,49,2975,168.0,499800.0
2020-03-05,2020030501010361,KSBBL,45,21,501,168.0,84168.0
2020-03-05,2020030501010242,KSBBL,59,21,199,168.0,33432.0
2020-03-05,2020030501010241,KSBBL,59,57,301,168.0,50568.0
2020-03-05,2020030501010461,LBBL,33,44,18,194.0,3492.0
2020-03-05,2020030501010421,LBBL,33,40,1500,194.0,291000.0
2020-03-05,2020030501010420,LBBL,33,19,300,194.0,58200.0
2020-03-05,2020030501010391,LBL,38,47,64,228.0,14592.0
2020-03-05,2020030501010296,LBL,28,32,50,229.0,11450.0
2020-03-05,2020030501010295,LBL,28,7,50,229.0,11450.0
2020-03-05,2020030501010243,LBL,38,29,200,228.0,45600.0
2020-03-05,2020030501010352,LGIL,45,1,50,485.0,24250.0
2020-03-05,2020030501010075,LGIL,52,49,300,483.0,144900.0
2020-03-05,2020030501010358,MBL,41,35,265,249.0,65985.0
2020-03-05,2020030501010357,MBL,41,53,500,248.0,124000.0
2020-03-05,2020030501010488,MDB,4,56,500,448.0,224000.0
2020-03-05,2020030501010244,MDB,58,40,88,446.0,39248.0
2020-03-05,2020030501010143,MDB,6,56,20,448.0,8960.0
2020-03-05,2020030501010528,MEGA,26,56,500,227.0,113500.0
2020-03-05,2020030501010458,MEGA,57,49,200,227.0,45400.0
2020-03-05,2020030501010415,MEGA,57,25,15,227.0,3405.0
2020-03-05,2020030501010399,MEGA,11,6,200,228.0,45600.0
2020-03-05,2020030501010345,MEGA,11,10,30,228.0,6840.0
2020-03-05,2020030501010344,MEGA,49,10,970,228.0,221160.0
2020-03-05,2020030501010050,MEGA,49,29,330,228.0,75240.0
2020-03-05,2020030501010049,MEGA,49,52,700,228.0,159600.0
2020-03-05,2020030501010505,MFIL,4,42,1000,318.0,318000.0
2020-03-05,2020030501010471,MFIL,4,49,2000,317.0,634000.0
2020-03-05,2020030501010455,MFIL,38,42,711,318.0,226098.0
2020-03-05,2020030501010429,MFIL,38,49,2347,319.0,748693.0
2020-03-05,2020030501010428,MFIL,38,58,1000,319.0,319000.0
2020-03-05,2020030501010427,MFIL,38,43,356,319.0,113564.0
2020-03-05,2020030501010054,MFIL,43,38,1000,319.0,319000.0
2020-03-05,2020030501010053,MFIL,4,38,292,319.0,93148.0
2020-03-05,2020030501010032,MFIL,4,8,1000,319.0,319000.0
2020-03-05,2020030501010087,MFIL,26,41,50,318.0,15900.0
2020-03-05,2020030501010079,MFIL,38,43,1297,319.0,413743.0
2020-03-05,2020030501010063,MFIL,38,43,25,319.0,7975.0
2020-03-05,2020030501010061,MFIL,38,42,611,319.0,194909.0
2020-03-05,2020030501010056,MFIL,38,38,2364,319.0,754116.0
2020-03-05,2020030501010055,MFIL,46,38,150,319.0,47850.0
2020-03-05,2020030501010137,MFIL,38,28,1000,318.0,318000.0
2020-03-05,2020030501010136,MFIL,38,47,2500,318.0,795000.0
2020-03-05,2020030501010133,MFIL,7,45,105,315.0,33075.0
2020-03-05,2020030501010098,MFIL,49,47,1450,318.0,461100.0
2020-03-05,2020030501010090,MFIL,42,47,50,318.0,15900.0
2020-03-05,2020030501010088,MFIL,26,49,50,319.0,15950.0
2020-03-05,2020030501010206,MFIL,38,47,50,318.0,15900.0
2020-03-05,2020030501010205,MFIL,38,42,300,318.0,95400.0
2020-03-05,2020030501010184,MFIL,35,28,1008,318.0,320544.0
2020-03-05,2020030501010183,MFIL,35,49,4950,318.0,1574100.0
2020-03-05,2020030501010181,MFIL,52,45,48,315.0,15120.0
2020-03-05,2020030501010180,MFIL,7,45,395,315.0,124425.0
2020-03-05,2020030501010212,MFIL,38,6,300,319.0,95700.0
2020-03-05,2020030501010211,MFIL,38,29,100,319.0,31900.0
2020-03-05,2020030501010210,MFIL,38,38,500,319.0,159500.0
2020-03-05,2020030501010209,MFIL,38,25,100,319.0,31900.0
2020-03-05,2020030501010208,MFIL,38,43,900,319.0,287100.0
2020-03-05,2020030501010207,MFIL,38,55,300,319.0,95700.0
2020-03-05,2020030501010254,MFIL,46,28,50,318.0,15900.0
2020-03-05,2020030501010235,MFIL,53,43,2300,319.0,733700.0
2020-03-05,2020030501010227,MFIL,38,43,1494,319.0,476586.0
2020-03-05,2020030501010215,MFIL,38,49,5000,319.0,1595000.0
2020-03-05,2020030501010214,MFIL,38,47,856,319.0,273064.0
2020-03-05,2020030501010213,MFIL,38,41,100,319.0,31900.0
2020-03-05,2020030501010412,MFIL,38,16,289,318.0,91902.0
2020-03-05,2020030501010274,MFIL,4,43,4644,319.0,1481436.0
2020-03-05,2020030501010273,MFIL,4,43,5000,319.0,1595000.0
2020-03-05,2020030501010272,MFIL,4,43,1206,319.0,384714.0
2020-03-05,2020030501010271,MFIL,4,39,150,318.0,47700.0
2020-03-05,2020030501010266,MFIL,38,28,150,318.0,47700.0
2020-03-05,2020030501010313,MLBL,28,14,50,222.0,11100.0
2020-03-05,2020030501010312,MLBL,28,32,20,222.0,4440.0
2020-03-05,2020030501010311,MLBL,28,22,30,222.0,6660.0
2020-03-05,2020030501010397,MNBBL,45,29,195,333.0,64935.0
2020-03-05,2020030501010396,MNBBL,44,29,19,333.0,6327.0
2020-03-05,2020030501010238,MPFL,32,59,100,128.0,12800.0
2020-03-05,2020030501010285,MSMBS,17,8,11,750.0,8250.0
2020-03-05,2020030501010256,NABIL,34,19,203,831.0,168693.0
2020-03-05,2020030501010073,NABIL,51,29,50,831.0,41550.0
2020-03-05,2020030501010369,NADEP,57,6,36,665.0,23940.0
2020-03-05,2020030501010354,NADEP,42,42,3,665.0,1995.0
2020-03-05,2020030501010347,NADEP,14,6,20,665.0,13300.0
2020-03-05,2020030501010307,NADEP,42,42,3,665.0,1995.0
2020-03-05,2020030501010234,NADEP,7,6,23,665.0,15295.0
2020-03-05,2020030501010102,NADEP,44,56,23,664.0,15272.0
2020-03-05,2020030501010512,NBB,42,29,380,225.0,85500.0
2020-03-05,2020030501010511,NBB,42,22,120,225.0,27000.0
2020-03-05,2020030501010501,NBB,51,45,210,224.0,47040.0
2020-03-05,2020030501010498,NBB,17,45,440,224.0,98560.0
2020-03-05,2020030501010195,NBB,17,7,50,224.0,11200.0
2020-03-05,2020030501010340,NBL,6,49,300,283.0,84900.0
2020-03-05,2020030501010339,NBL,54,49,100,283.0,28300.0
2020-03-05,2020030501010338,NBL,33,49,1000,283.0,283000.0
2020-03-05,2020030501010337,NBL,41,49,200,283.0,56600.0
2020-03-05,2020030501010336,NBL,34,49,200,283.0,56600.0
2020-03-05,2020030501010335,NBL,53,49,500,283.0,141500.0
2020-03-05,2020030501010334,NBL,41,49,5000,283.0,1415000.0
2020-03-05,2020030501010333,NBL,6,49,2000,283.0,566000.0
2020-03-05,2020030501010332,NBL,13,49,826,283.0,233758.0
2020-03-05,2020030501010072,NBL,5,16,20,284.0,5680.0
2020-03-05,2020030501010499,NCCB,1,57,266,199.0,52934.0
2020-03-05,2020030501010456,NCCB,52,33,10,200.0,2000.0
2020-03-05,2020030501010408,NCCB,41,40,100,199.0,19900.0
2020-03-05,2020030501010407,NCCB,14,40,150,199.0,29850.0
2020-03-05,2020030501010406,NCCB,45,40,200,199.0,39800.0
2020-03-05,2020030501010405,NCCB,11,40,100,199.0,19900.0
2020-03-05,2020030501010299,NCCB,6,33,1000,200.0,200000.0
2020-03-05,2020030501010404,NCCB,44,40,100,199.0,19900.0
2020-03-05,2020030501010403,NCCB,1,40,500,199.0,99500.0
2020-03-05,2020030501010402,NCCB,59,40,1000,199.0,199000.0
2020-03-05,2020030501010401,NCCB,8,40,450,199.0,89550.0
2020-03-05,2020030501010319,NCCB,8,34,50,199.0,9950.0
2020-03-05,2020030501010306,NCCB,28,33,100,200.0,20000.0
2020-03-05,2020030501010320,NGPL,33,8,11,115.0,1265.0
2020-03-05,2020030501010122,NGPL,28,28,234,116.0,27144.0
2020-03-05,2020030501010423,NHPC,39,29,100,58.0,5800.0
2020-03-05,2020030501010297,NHPC,41,43,50,59.0,2950.0
2020-03-05,2020030501010284,NHPC,39,1,400,58.0,23200.0
2020-03-05,2020030501010283,NHPC,32,1,100,58.0,5800.0
2020-03-05,2020030501010453,NIB,38,38,6,418.0,2508.0
2020-03-05,2020030501010363,NIB,42,8,44,415.0,18260.0
2020-03-05,2020030501010228,NIB,42,13,17,415.0,7055.0
2020-03-05,2020030501010204,NICA,49,50,166,572.0,94952.0
2020-03-05,2020030501010163,NICA,49,36,1000,572.0,572000.0
2020-03-05,2020030501010147,NICA,49,10,401,572.0,229372.0
2020-03-05,2020030501010146,NICA,34,10,599,572.0,342628.0
2020-03-05,2020030501010058,NICA,34,16,250,572.0,143000.0
2020-03-05,2020030501010350,NICL,32,32,500,450.0,225000.0
2020-03-05,2020030501010119,NICL,34,49,100,450.0,45000.0
2020-03-05,2020030501010118,NICL,17,49,100,450.0,45000.0
2020-03-05,2020030501010290,NICL,53,32,180,454.0,81720.0
2020-03-05,2020030501010289,NICL,53,13,170,454.0,77180.0
2020-03-05,2020030501010288,NICL,53,32,50,453.0,22650.0
2020-03-05,2020030501010287,NICL,53,14,100,452.0,45200.0
2020-03-05,2020030501010201,NICL,38,32,50,453.0,22650.0
2020-03-05,2020030501010164,NICL,34,32,1400,450.0,630000.0
2020-03-05,2020030501010355,NIL,13,5,500,576.0,288000.0
2020-03-05,2020030501010245,NIL,4,5,900,577.0,519300.0
2020-03-05,2020030501010105,NLBBL,57,16,20,730.0,14600.0
2020-03-05,2020030501010520,NLIC,17,45,25,1242.0,31050.0
2020-03-05,2020030501010432,NLIC,49,20,50,1240.0,62000.0
2020-03-05,2020030501010395,NLIC,25,20,50,1240.0,62000.0
2020-03-05,2020030501010366,NLIC,49,8,22,1239.0,27258.0
2020-03-05,2020030501010302,NLIC,11,48,7,1240.0,8680.0
2020-03-05,2020030501010301,NLIC,11,14,93,1240.0,115320.0
2020-03-05,2020030501010043,NLIC,47,28,22,1242.0,27324.0
2020-03-05,2020030501010148,NLIC,39,45,300,1242.0,372600.0
2020-03-05,2020030501010142,NLIC,57,45,200,1242.0,248400.0
2020-03-05,2020030501010129,NLIC,37,5,200,1240.0,248000.0
2020-03-05,2020030501010128,NLIC,44,5,500,1240.0,620000.0
2020-03-05,2020030501010127,NLIC,52,5,370,1240.0,458800.0
2020-03-05,2020030501010106,NLIC,59,41,50,1241.0,62050.0
2020-03-05,2020030501010294,NLIC,52,35,300,1240.0,372000.0
2020-03-05,2020030501010231,NLIC,41,35,50,1240.0,62000.0
2020-03-05,2020030501010220,NLIC,49,35,150,1240.0,186000.0
2020-03-05,2020030501010203,NLIC,49,26,350,1240.0,434000.0
2020-03-05,2020030501010168,NLIC,49,5,1474,1239.0,1826286.0
2020-03-05,2020030501010167,NLIC,39,5,200,1242.0,248400.0
2020-03-05,2020030501010459,NLICL,41,35,50,710.0,35500.0
2020-03-05,2020030501010496,NMB,42,20,500,460.0,230000.0
2020-03-05,2020030501010492,NMB,52,7,365,459.0,167535.0
2020-03-05,2020030501010491,NMB,49,7,175,459.0,80325.0
2020-03-05,2020030501010454,NMB,49,53,825,459.0,378675.0
2020-03-05,2020030501010360,NMB,38,45,47,461.0,21667.0
2020-03-05,2020030501010349,NMB,34,46,300,460.0,138000.0
2020-03-05,2020030501010166,NMB,38,10,85,460.0,39100.0
2020-03-05,2020030501010165,NMB,38,41,15,460.0,6900.0
2020-03-05,2020030501010132,NMB,38,41,50,460.0,23000.0
2020-03-05,2020030501010077,NMB,38,45,50,461.0,23050.0
2020-03-05,2020030501010051,NMB,52,38,1650,459.0,757350.0
2020-03-05,2020030501010348,NMB,34,10,2815,460.0,1294900.0
2020-03-05,2020030501010327,NMB,34,26,400,458.0,183200.0
2020-03-05,2020030501010315,NMB,38,10,100,460.0,46000.0
2020-03-05,2020030501010298,NMB,38,13,50,459.0,22950.0
2020-03-05,2020030501010230,NMB,38,13,100,459.0,45900.0
2020-03-05,2020030501010229,NMB,52,13,350,459.0,160650.0
2020-03-05,2020030501010192,NMBMF,45,41,62,803.0,49786.0
2020-03-05,2020030501010085,NMBMF,21,22,12,796.0,9552.0
2020-03-05,2020030501010084,NMBMF,25,22,40,797.0,31880.0
2020-03-05,2020030501010083,NMBMF,53,22,10,797.0,7970.0
2020-03-05,2020030501010486,NMFBS,54,33,100,1623.0,162300.0
2020-03-05,2020030501010485,NMFBS,26,33,35,1625.0,56875.0
2020-03-05,2020030501010359,NMFBS,26,22,15,1625.0,24375.0
2020-03-05,2020030501010321,NMFBS,32,22,15,1625.0,24375.0
2020-03-05,2020030501010240,NMFBS,33,34,19,1650.0,31350.0
2020-03-05,2020030501010483,NUBL,34,44,11,1000.0,11000.0
2020-03-05,2020030501010482,NUBL,34,47,20,1000.0,20000.0
2020-03-05,2020030501010481,NUBL,34,48,240,1000.0,240000.0
2020-03-05,2020030501010480,NUBL,34,39,240,1000.0,240000.0
2020-03-05,2020030501010479,NUBL,34,34,50,1000.0,50000.0
2020-03-05,2020030501010478,NUBL,34,49,50,999.0,49950.0
2020-03-05,2020030501010253,NUBL,49,17,60,990.0,59400.0
2020-03-05,2020030501010477,NUBL,34,45,50,999.0,49950.0
2020-03-05,2020030501010476,NUBL,34,4,85,998.0,84830.0
2020-03-05,2020030501010475,NUBL,34,57,123,995.0,122385.0
2020-03-05,2020030501010474,NUBL,34,45,51,995.0,50745.0
2020-03-05,2020030501010473,NUBL,34,45,180,993.0,178740.0
2020-03-05,2020030501010438,PCBL,49,6,500,299.0,149500.0
2020-03-05,2020030501010437,PCBL,49,53,500,299.0,149500.0
2020-03-05,2020030501010324,PCBL,59,14,200,298.0,59600.0
2020-03-05,2020030501010265,PCBL,22,14,300,298.0,89400.0
2020-03-05,2020030501010500,PFL,45,45,170,162.0,27540.0
2020-03-05,2020030501010080,PFL,13,14,500,163.0,81500.0
2020-03-05,2020030501010046,PIC,54,56,11,596.0,6556.0
2020-03-05,2020030501010282,PICL,45,58,30,469.0,14070.0
2020-03-05,2020030501010237,PICL,45,21,10,469.0,4690.0
2020-03-05,2020030501010422,PLIC,13,57,56,587.0,32872.0
2020-03-05,2020030501010251,PLIC,49,1,685,590.0,404150.0
2020-03-05,2020030501010250,PLIC,49,50,265,590.0,156350.0
2020-03-05,2020030501010249,PLIC,49,14,50,588.0,29400.0
2020-03-05,2020030501010138,PLIC,13,22,300,587.0,176100.0
2020-03-05,2020030501010101,PLIC,13,49,191,587.0,112117.0
2020-03-05,2020030501010226,PPCL,17,17,20,118.0,2360.0
2020-03-05,2020030501010041,PRIN,44,44,10,438.0,4380.0
2020-03-05,2020030501010439,PRVU,10,33,10,256.0,2560.0
2020-03-05,2020030501010293,PRVU,34,1,1034,255.0,263670.0
2020-03-05,2020030501010199,PRVU,34,13,125,255.0,31875.0
2020-03-05,2020030501010141,PRVU,4,33,350,256.0,89600.0
2020-03-05,2020030501010074,PRVU,34,44,448,255.0,114240.0
2020-03-05,2020030501010509,RADHI,57,57,10,169.0,1690.0
2020-03-05,2020030501010048,RBCL,32,45,10,10000.0,100000.0
2020-03-05,2020030501010047,RBCL,32,38,10,10000.0,100000.0
2020-03-05,2020030501010400,RHPL,50,8,40,160.0,6400.0
2020-03-05,2020030501010353,RHPL,50,58,40,160.0,6400.0
2020-03-05,2020030501010431,RMDC,38,45,200,700.0,140000.0
2020-03-05,2020030501010430,RMDC,5,45,50,701.0,35050.0
2020-03-05,2020030501010034,RMDC,53,34,10,703.0,7030.0
2020-03-05,2020030501010033,RMDC,53,7,21,702.0,14742.0
2020-03-05,2020030501010342,RSDC,41,37,70,485.0,33950.0
2020-03-05,2020030501010436,SABSL,44,42,10,772.0,7720.0
2020-03-05,2020030501010394,SABSL,44,42,10,772.0,7720.0
2020-03-05,2020030501010326,SABSL,28,5,182,779.0,141778.0
2020-03-05,2020030501010325,SABSL,28,35,12,775.0,9300.0
2020-03-05,2020030501010493,SANIMA,41,22,110,365.0,40150.0
2020-03-05,2020030501010426,SANIMA,41,45,22,365.0,8030.0
2020-03-05,2020030501010425,SANIMA,41,48,567,365.0,206955.0
2020-03-05,2020030501010198,SANIMA,13,51,572,364.0,208208.0
2020-03-05,2020030501010094,SANIMA,34,48,471,365.0,171915.0
2020-03-05,2020030501010093,SANIMA,34,41,529,365.0,193085.0
2020-03-05,2020030501010411,SBI,14,16,500,481.0,240500.0
2020-03-05,2020030501010270,SBI,34,34,350,480.0,168000.0
2020-03-05,2020030501010269,SBI,34,59,100,480.0,48000.0
2020-03-05,2020030501010268,SBI,34,28,100,480.0,48000.0
2020-03-05,2020030501010267,SBI,34,59,287,480.0,137760.0
2020-03-05,2020030501010057,SBI,32,59,25,480.0,12000.0
2020-03-05,2020030501010510,SBL,35,39,23,325.0,7475.0
2020-03-05,2020030501010419,SBL,35,52,100,325.0,32500.0
2020-03-05,2020030501010370,SBL,5,50,200,326.0,65200.0
2020-03-05,2020030501010317,SBL,35,52,100,325.0,32500.0
2020-03-05,2020030501010418,SCB,42,8,20,690.0,13800.0
2020-03-05,2020030501010328,SCB,42,14,100,690.0,69000.0
2020-03-05,2020030501010258,SCB,14,14,50,689.0,34450.0
2020-03-05,2020030501010318,SDESI,45,21,20,902.0,18040.0
2020-03-05,2020030501010139,SHINE,53,22,80,301.0,24080.0
2020-03-05,2020030501010100,SHIVM,29,51,50,596.0,29800.0
2020-03-05,2020030501010343,SHL,10,35,900,179.0,161100.0
2020-03-05,2020030501010175,SHL,25,35,100,179.0,17900.0
2020-03-05,2020030501010291,SIC,13,45,50,690.0,34500.0
2020-03-05,2020030501010099,SIC,45,21,100,690.0,69000.0
2020-03-05,2020030501010531,SICL,1,49,10,970.0,9700.0
2020-03-05,2020030501010530,SICL,14,49,50,971.0,48550.0
2020-03-05,2020030501010064,SICL,1,49,20,970.0,19400.0
2020-03-05,2020030501010189,SIL,7,46,50,555.0,27750.0
2020-03-05,2020030501010188,SIL,25,46,50,555.0,27750.0
2020-03-05,2020030501010286,SJCL,17,45,20,154.0,3080.0
2020-03-05,2020030501010279,SJCL,6,17,20,153.0,3060.0
2020-03-05,2020030501010108,SJCL,6,42,600,153.0,91800.0
2020-03-05,2020030501010519,SKBBL,43,57,10,1128.0,11280.0
2020-03-05,2020030501010490,SKBBL,19,50,50,1125.0,56250.0
2020-03-05,2020030501010460,SKBBL,38,45,291,1123.0,326793.0
2020-03-05,2020030501010449,SKBBL,38,45,299,1123.0,335777.0
2020-03-05,2020030501010448,SKBBL,38,57,116,1123.0,130268.0
2020-03-05,2020030501010434,SKBBL,38,57,240,1123.0,269520.0
2020-03-05,2020030501010433,SKBBL,38,43,100,1122.0,112200.0
2020-03-05,2020030501010410,SKBBL,53,43,100,1122.0,112200.0
2020-03-05,2020030501010217,SKBBL,38,45,500,1121.0,560500.0
2020-03-05,2020030501010216,SKBBL,38,56,200,1120.0,224000.0
2020-03-05,2020030501010193,SKBBL,45,35,30,1115.0,33450.0
2020-03-05,2020030501010065,SLBBL,53,55,200,863.0,172600.0
2020-03-05,2020030501010200,SLBBL,34,21,20,860.0,17200.0
2020-03-05,2020030501010179,SLBBL,38,55,500,861.0,430500.0
2020-03-05,2020030501010144,SLBBL,37,55,200,862.0,172400.0
2020-03-05,2020030501010131,SLBBL,38,55,500,862.0,431000.0
2020-03-05,2020030501010514,SLICL,4,58,50,459.0,22950.0
2020-03-05,2020030501010356,SLICL,17,36,200,460.0,92000.0
2020-03-05,2020030501010351,SLICL,4,51,100,459.0,45900.0
2020-03-05,2020030501010305,SLICL,4,49,349,459.0,160191.0
2020-03-05,2020030501010252,SLICL,4,36,100,459.0,45900.0
2020-03-05,2020030501010082,SLICL,4,36,500,459.0,229500.0
2020-03-05,2020030501010040,SLICL,4,49,356,459.0,163404.0
2020-03-05,2020030501010035,SLICL,4,14,400,459.0,183600.0
2020-03-05,2020030501010424,SMB,34,4,30,909.0,27270.0
2020-03-05,2020030501010081,SMB,34,59,20,909.0,18180.0
2020-03-05,2020030501010071,SMB,34,56,10,909.0,9090.0
2020-03-05,2020030501010039,SMB,34,56,10,909.0,9090.0
2020-03-05,2020030501010504,SPARS,17,17,10,777.0,7770.0
2020-03-05,2020030501010445,SPARS,47,22,10,780.0,7800.0
2020-03-05,2020030501010414,SPARS,17,17,10,781.0,7810.0
2020-03-05,2020030501010185,SPARS,47,22,10,780.0,7800.0
2020-03-05,2020030501010170,SPARS,47,48,10,780.0,7800.0
2020-03-05,2020030501010472,SPDL,36,44,16,100.0,1600.0
2020-03-05,2020030501010451,TMDBL,52,1,123,208.0,25584.0
2020-03-05,2020030501010450,TMDBL,52,4,50,208.0,10400.0
2020-03-05,2020030501010140,TMDBL,22,38,72,205.0,14760.0
2020-03-05,2020030501010390,UPPER,22,18,70,234.0,16380.0
2020-03-05,2020030501010389,UPPER,41,18,100,234.0,23400.0
2020-03-05,2020030501010388,UPPER,14,18,50,234.0,11700.0
2020-03-05,2020030501010387,UPPER,21,18,300,234.0,70200.0
2020-03-05,2020030501010386,UPPER,26,18,500,234.0,117000.0
2020-03-05,2020030501010385,UPPER,26,18,200,234.0,46800.0
2020-03-05,2020030501010092,UPPER,22,17,50,236.0,11800.0
2020-03-05,2020030501010378,UPPER,59,18,300,235.0,70500.0
2020-03-05,2020030501010377,UPPER,22,18,1000,235.0,235000.0
2020-03-05,2020030501010376,UPPER,41,18,100,235.0,23500.0
2020-03-05,2020030501010375,UPPER,14,18,200,235.0,47000.0
2020-03-05,2020030501010374,UPPER,47,18,200,235.0,47000.0
2020-03-05,2020030501010373,UPPER,22,18,108,236.0,25488.0
2020-03-05,2020030501010384,UPPER,19,18,100,234.0,23400.0
2020-03-05,2020030501010383,UPPER,59,18,100,234.0,23400.0
2020-03-05,2020030501010382,UPPER,8,18,500,234.0,117000.0
2020-03-05,2020030501010381,UPPER,33,18,952,234.0,222768.0
2020-03-05,2020030501010380,UPPER,47,18,20,235.0,4700.0
2020-03-05,2020030501010379,UPPER,21,18,200,235.0,47000.0
2020-03-05,2020030501010527,VLBS,11,45,13,1004.0,13052.0
2020-03-05,2020030501010526,VLBS,11,44,32,1004.0,32128.0
2020-03-05,2020030501010525,VLBS,11,6,13,1000.0,13000.0
2020-03-05,2020030501010524,VLBS,11,56,10,1000.0,10000.0
2020-03-05,2020030501010523,VLBS,11,35,13,999.0,12987.0
2020-03-05,2020030501010522,VLBS,11,13,13,998.0,12974.0
2020-03-05,2020030501010089,VLBS,25,7,13,986.0,12818.0
2020-03-05,2020030501010463,VLBS,22,41,10,998.0,9980.0
2020-03-05,2020030501010304,VLBS,55,35,13,990.0,12870.0
2020-03-05,2020030501010303,VLBS,55,59,13,990.0,12870.0
2020-03-05,2020030501010202,VLBS,22,57,49,989.0,48461.0
2020-03-05,2020030501010186,VLBS,22,57,50,989.0,49450.0
2020-03-05,2020030501010173,VLBS,11,57,100,989.0,98900.0
2020-03-05,2020030501010516,WOMI,35,33,100,1045.0,104500.0
2020-03-05,2020030501010515,WOMI,35,35,16,1044.0,16704.0
2020-03-05,2020030501010502,WOMI,19,55,100,1040.0,104000.0
2020-03-05,2020030501010161,WOMI,49,1,52,1020.0,53040.0
2020-03-05,2020030501009702,ADBL,57,14,1000,407.0,407000.0
2020-03-05,2020030501009701,ADBL,6,14,377,407.0,153439.0
2020-03-05,2020030501009598,ADBL,6,16,40,407.0,16280.0
2020-03-05,2020030501009704,ADBL,14,14,603,407.0,245421.0
2020-03-05,2020030501009703,ADBL,14,14,20,407.0,8140.0
2020-03-05,2020030501009739,AHPC,13,22,200,99.0,19800.0
2020-03-05,2020030501009634,AKJCL,6,14,20,52.0,1040.0
2020-03-05,2020030501009970,AKPL,8,56,13,124.0,1612.0
2020-03-05,2020030501009927,AKPL,8,6,13,124.0,1612.0
2020-03-05,2020030501009904,AKPL,8,10,13,124.0,1612.0
2020-03-05,2020030501009887,AKPL,8,56,13,124.0,1612.0
2020-03-05,2020030501009796,AKPL,8,56,13,124.0,1612.0
2020-03-05,2020030501009709,AKPL,8,56,13,124.0,1612.0
2020-03-05,2020030501009544,AKPL,41,46,300,124.0,37200.0
2020-03-05,2020030501009543,AKPL,55,46,1000,124.0,124000.0
2020-03-05,2020030501009542,AKPL,36,46,948,124.0,117552.0
2020-03-05,2020030501009667,AKPL,8,56,13,124.0,1612.0
2020-03-05,2020030501009564,AKPL,8,56,13,124.0,1612.0
2020-03-05,2020030501009548,AKPL,8,46,852,124.0,105648.0
2020-03-05,2020030501009547,AKPL,43,46,500,124.0,62000.0
2020-03-05,2020030501009546,AKPL,13,46,300,124.0,37200.0
2020-03-05,2020030501009545,AKPL,41,46,100,124.0,12400.0
2020-03-05,2020030501009751,API,13,29,500,130.0,65000.0
2020-03-05,2020030501009551,API,1,1,27,129.0,3483.0
2020-03-05,2020030501009550,API,42,1,773,129.0,99717.0
2020-03-05,2020030501009571,BOKL,26,16,255,245.0,62475.0
2020-03-05,2020030501009972,BPCL,37,6,109,360.0,39240.0
2020-03-05,2020030501009668,BPCL,33,51,50,361.0,18050.0
2020-03-05,2020030501009604,BPCL,37,32,33,360.0,11880.0
2020-03-05,2020030501009603,BPCL,37,17,32,360.0,11520.0
2020-03-05,2020030501009602,BPCL,32,17,28,360.0,10080.0
2020-03-05,2020030501009577,CBBL,45,57,22,1044.0,22968.0
2020-03-05,2020030501009790,CBL,10,16,673,147.0,98931.0
2020-03-05,2020030501009608,CBL,19,16,200,147.0,29400.0
2020-03-05,2020030501009584,CBL,44,16,19,147.0,2793.0
2020-03-05,2020030501009828,CCBL,52,28,2,183.0,366.0
2020-03-05,2020030501009616,CCBL,44,52,19,185.0,3515.0
2020-03-05,2020030501009582,CCBL,13,45,317,184.0,58328.0
2020-03-05,2020030501009880,CHCL,14,33,86,408.0,35088.0
2020-03-05,2020030501009879,CHCL,11,33,50,408.0,20400.0
2020-03-05,2020030501009589,CHL,41,32,15,97.0,1455.0
2020-03-05,2020030501009942,CIT,26,45,91,2665.0,242515.0
2020-03-05,2020030501009926,CIT,1,45,10,2665.0,26650.0
2020-03-05,2020030501009779,CZBIL,57,29,78,204.0,15912.0
2020-03-05,2020030501009618,CZBIL,57,32,10,204.0,2040.0
2020-03-05,2020030501009737,DDBL,41,45,25,855.0,21375.0
2020-03-05,2020030501009690,DDBL,50,32,11,850.0,9350.0
2020-03-05,2020030501009697,EBL,41,47,100,743.0,74300.0
2020-03-05,2020030501009572,EDBL,35,35,300,390.0,117000.0
2020-03-05,2020030501009892,EIC,42,41,20,396.0,7920.0
2020-03-05,2020030501009707,EIC,42,32,84,396.0,33264.0
2020-03-05,2020030501009588,FMDBL,7,42,340,482.0,163880.0
2020-03-05,2020030501009541,FMDBL,40,42,100,482.0,48200.0
2020-03-05,2020030501009540,FMDBL,17,42,50,482.0,24100.0
2020-03-05,2020030501009539,FMDBL,1,42,200,483.0,96600.0
2020-03-05,2020030501009538,FMDBL,29,42,200,483.0,96600.0
2020-03-05,2020030501009537,FMDBL,35,42,50,485.0,24250.0
2020-03-05,2020030501009536,FMDBL,10,42,50,485.0,24250.0
2020-03-05,2020030501009535,FMDBL,52,42,150,485.0,72750.0
2020-03-05,2020030501009534,FMDBL,39,42,200,487.0,97400.0
2020-03-05,2020030501009533,FMDBL,25,42,100,488.0,48800.0
2020-03-05,2020030501009532,FMDBL,53,42,100,489.0,48900.0
2020-03-05,2020030501009789,FOWAD,22,19,58,1478.0,85724.0
2020-03-05,2020030501009788,FOWAD,22,16,23,1475.0,33925.0
2020-03-05,2020030501009787,FOWAD,22,32,19,1461.0,27759.0
2020-03-05,2020030501009870,GBBL,51,32,380,242.0,91960.0
2020-03-05,2020030501009682,GBBL,51,16,198,242.0,47916.0
2020-03-05,2020030501009997,GBIME,25,4,4563,287.0,1309581.0
2020-03-05,2020030501009996,GBIME,25,13,105,287.0,30135.0
2020-03-05,2020030501009939,GBIME,35,45,300,286.0,85800.0
2020-03-05,2020030501009912,GBIME,35,29,90,286.0,25740.0
2020-03-05,2020030501009911,GBIME,58,29,552,286.0,157872.0
2020-03-05,2020030501009908,GBIME,17,17,1,287.0,287.0
2020-03-05,2020030501009658,GBIME,38,38,4,281.0,1124.0
2020-03-05,2020030501009645,GBIME,17,17,1,287.0,287.0
2020-03-05,2020030501009596,GBIME,58,42,12,286.0,3432.0
2020-03-05,2020030501009591,GBIME,17,17,1,287.0,287.0
2020-03-05,2020030501009576,GBIME,10,37,20,287.0,5740.0
2020-03-05,2020030501009894,GBIME,58,32,166,286.0,47476.0
2020-03-05,2020030501009874,GBIME,17,17,1,287.0,287.0
2020-03-05,2020030501009814,GBIME,17,17,1,287.0,287.0
2020-03-05,2020030501009735,GBIME,17,17,1,287.0,287.0
2020-03-05,2020030501009710,GBIME,34,37,2241,287.0,643167.0
2020-03-05,2020030501009671,GBIME,44,37,19,287.0,5453.0
2020-03-05,2020030501009961,GBLBS,53,18,100,482.0,48200.0
2020-03-05,2020030501009864,GBLBS,21,18,500,479.0,239500.0
2020-03-05,2020030501009863,GBLBS,21,18,500,479.0,239500.0
2020-03-05,2020030501009862,GBLBS,45,18,100,480.0,48000.0
2020-03-05,2020030501009861,GBLBS,49,18,80,480.0,38400.0
2020-03-05,2020030501009860,GBLBS,54,18,60,480.0,28800.0
2020-03-05,2020030501009859,GBLBS,1,18,100,480.0,48000.0
2020-03-05,2020030501009858,GBLBS,7,18,100,481.0,48100.0
2020-03-05,2020030501009594,GBLBS,46,48,195,482.0,93990.0
2020-03-05,2020030501009930,GGBSL,49,32,10,743.0,7430.0
2020-03-05,2020030501009873,GGBSL,49,20,10,743.0,7430.0
2020-03-05,2020030501009805,GGBSL,48,6,10,750.0,7500.0
2020-03-05,2020030501009804,GGBSL,48,48,10,745.0,7450.0
2020-03-05,2020030501009803,GGBSL,48,13,10,744.0,7440.0
2020-03-05,2020030501009960,GILB,41,32,45,1315.0,59175.0
2020-03-05,2020030501009722,GILB,41,28,24,1315.0,31560.0
2020-03-05,2020030501009721,GILB,49,28,10,1315.0,13150.0
2020-03-05,2020030501009720,GILB,44,28,16,1316.0,21056.0
2020-03-05,2020030501009738,GLBSL,45,52,10,620.0,6200.0
2020-03-05,2020030501010024,GLICL,42,39,50,489.0,24450.0
2020-03-05,2020030501009989,GLICL,6,39,145,489.0,70905.0
2020-03-05,2020030501009976,GLICL,22,13,10,491.0,4910.0
2020-03-05,2020030501009975,GLICL,6,7,151,489.0,73839.0
2020-03-05,2020030501009974,GLICL,17,7,249,490.0,122010.0
2020-03-05,2020030501009965,GLICL,17,53,100,490.0,49000.0
2020-03-05,2020030501009622,GLICL,49,45,82,485.0,39770.0
2020-03-05,2020030501009621,GLICL,48,45,100,486.0,48600.0
2020-03-05,2020030501009620,GLICL,50,45,100,486.0,48600.0
2020-03-05,2020030501009619,GLICL,33,45,20,486.0,9720.0
2020-03-05,2020030501009583,GLICL,6,44,110,489.0,53790.0
2020-03-05,2020030501009563,GLICL,33,16,20,486.0,9720.0
2020-03-05,2020030501009841,GLICL,42,45,11,490.0,5390.0
2020-03-05,2020030501009664,GLICL,42,33,89,490.0,43610.0
2020-03-05,2020030501009663,GLICL,42,45,10,489.0,4890.0
2020-03-05,2020030501009662,GLICL,42,44,890,489.0,435210.0
2020-03-05,2020030501009624,GLICL,39,45,298,485.0,144530.0
2020-03-05,2020030501009623,GLICL,39,45,400,485.0,194000.0
2020-03-05,2020030501009963,GLICL,17,59,81,490.0,39690.0
2020-03-05,2020030501009941,GLICL,17,45,70,490.0,34300.0
2020-03-05,2020030501009897,GLICL,47,45,30,490.0,14700.0
2020-03-05,2020030501009896,GLICL,47,32,10,490.0,4900.0
2020-03-05,2020030501009895,GLICL,47,57,85,490.0,41650.0
2020-03-05,2020030501009842,GLICL,6,45,104,489.0,50856.0
2020-03-05,2020030501009559,GMFBS,28,48,10,771.0,7710.0
2020-03-05,2020030501009971,GRDBL,38,32,215,121.0,26015.0
2020-03-05,2020030501009979,GUFL,32,28,500,128.0,64000.0
2020-03-05,2020030501009969,GUFL,32,38,19,126.0,2394.0
2020-03-05,2020030501009773,HBL,48,41,10,608.0,6080.0
2020-03-05,2020030501009757,HDL,54,29,10,1610.0,16100.0
2020-03-05,2020030501009756,HDL,54,25,200,1610.0,322000.0
2020-03-05,2020030501009755,HDL,54,57,100,1610.0,161000.0
2020-03-05,2020030501009754,HDL,54,19,100,1610.0,161000.0
2020-03-05,2020030501009907,HGI,46,22,280,394.0,110320.0
2020-03-05,2020030501009906,HGI,25,22,100,394.0,39400.0
2020-03-05,2020030501009905,HGI,45,22,20,395.0,7900.0
2020-03-05,2020030501009580,HGI,49,16,50,398.0,19900.0
2020-03-05,2020030501009994,HIDCL,11,45,61,137.0,8357.0
2020-03-05,2020030501009993,HIDCL,11,41,19,137.0,2603.0
2020-03-05,2020030501009992,HIDCL,11,34,31,137.0,4247.0
2020-03-05,2020030501009792,HIDCL,5,29,61,136.0,8296.0
2020-03-05,2020030501009795,HPPL,52,10,10,145.0,1450.0
2020-03-05,2020030501009752,IGI,42,37,30,421.0,12630.0
2020-03-05,2020030501009938,ILBS,49,56,10,734.0,7340.0
2020-03-05,2020030501009639,ILBS,49,34,10,734.0,7340.0
2020-03-05,2020030501009638,ILBS,49,51,10,734.0,7340.0
2020-03-05,2020030501009586,ILBS,38,48,10,720.0,7200.0
2020-03-05,2020030501009749,KBL,34,10,150,207.0,31050.0
2020-03-05,2020030501009816,KKHC,11,29,10,59.0,590.0
2020-03-05,2020030501009585,KKHC,36,56,14,59.0,826.0
2020-03-05,2020030501010021,KMCDB,25,20,10,861.0,8610.0
2020-03-05,2020030501009903,KMCDB,37,46,10,861.0,8610.0
2020-03-05,2020030501009891,KMCDB,37,51,10,861.0,8610.0
2020-03-05,2020030501009847,KMCDB,37,51,10,861.0,8610.0
2020-03-05,2020030501009807,KMCDB,37,44,10,861.0,8610.0
2020-03-05,2020030501009775,KMCDB,37,44,10,861.0,8610.0
2020-03-05,2020030501009692,KMCDB,37,51,10,861.0,8610.0
2020-03-05,2020030501009684,KMCDB,43,46,10,861.0,8610.0
2020-03-05,2020030501009743,KMCDB,37,44,10,861.0,8610.0
2020-03-05,2020030501009742,KMCDB,37,51,10,861.0,8610.0
2020-03-05,2020030501009716,KMCDB,37,44,10,861.0,8610.0
2020-03-05,2020030501009705,KMCDB,37,51,10,861.0,8610.0
2020-03-05,2020030501009797,KSBBL,17,41,100,167.0,16700.0
2020-03-05,2020030501009910,LBBL,16,44,795,192.0,152640.0
2020-03-05,2020030501009967,LBL,14,29,1000,228.0,228000.0
2020-03-05,2020030501009688,LGIL,52,57,100,483.0,48300.0
2020-03-05,2020030501009687,LGIL,59,57,300,483.0,144900.0
2020-03-05,2020030501009686,LGIL,29,57,100,485.0,48500.0
2020-03-05,2020030501009570,LGIL,35,10,500,484.0,242000.0
2020-03-05,2020030501009569,LGIL,5,10,500,484.0,242000.0
2020-03-05,2020030501009568,LGIL,22,10,200,485.0,97000.0
2020-03-05,2020030501009567,LGIL,47,10,130,485.0,63050.0
2020-03-05,2020030501009933,LLBS,26,55,27,1079.0,29133.0
2020-03-05,2020030501009932,LLBS,26,18,100,1079.0,107900.0
2020-03-05,2020030501009924,LLBS,26,21,50,1071.0,53550.0
2020-03-05,2020030501009923,LLBS,26,57,60,1068.0,64080.0
2020-03-05,2020030501009922,LLBS,26,10,182,1068.0,194376.0
2020-03-05,2020030501009921,LLBS,26,47,200,1068.0,213600.0
2020-03-05,2020030501009920,LLBS,26,49,18,1065.0,19170.0
2020-03-05,2020030501009919,LLBS,26,35,27,1065.0,28755.0
2020-03-05,2020030501009734,MBL,34,50,831,246.0,204426.0
2020-03-05,2020030501009733,MBL,29,50,86,246.0,21156.0
2020-03-05,2020030501009732,MBL,51,50,83,247.0,20501.0
2020-03-05,2020030501009689,MDB,58,41,200,446.0,89200.0
2020-03-05,2020030501009648,MDB,58,41,36,446.0,16056.0
2020-03-05,2020030501009844,MEGA,57,11,139,227.0,31553.0
2020-03-05,2020030501009777,MEGA,57,26,9,228.0,2052.0
2020-03-05,2020030501009776,MEGA,57,45,141,228.0,32148.0
2020-03-05,2020030501009745,MEGA,44,45,19,228.0,4332.0
2020-03-05,2020030501009641,MEGA,57,7,123,227.0,27921.0
2020-03-05,2020030501009575,MEGA,14,45,96,228.0,21888.0
2020-03-05,2020030501009574,MEGA,14,7,104,228.0,23712.0
2020-03-05,2020030501010031,MFIL,4,57,500,319.0,159500.0
2020-03-05,2020030501010030,MFIL,4,29,200,319.0,63800.0
2020-03-05,2020030501010029,MFIL,4,42,500,319.0,159500.0
2020-03-05,2020030501010028,MFIL,4,34,20,319.0,6380.0
2020-03-05,2020030501010027,MFIL,4,14,500,319.0,159500.0
2020-03-05,2020030501010026,MFIL,4,1,950,319.0,303050.0
2020-03-05,2020030501009609,MFIL,38,35,250,319.0,79750.0
2020-03-05,2020030501009607,MFIL,38,14,1000,319.0,319000.0
2020-03-05,2020030501009593,MFIL,38,43,102,319.0,32538.0
2020-03-05,2020030501009590,MFIL,4,43,98,319.0,31262.0
2020-03-05,2020030501009557,MFIL,4,57,500,319.0,159500.0
2020-03-05,2020030501009637,MFIL,45,43,1206,319.0,384714.0
2020-03-05,2020030501009631,MFIL,45,57,1894,319.0,604186.0
2020-03-05,2020030501009628,MFIL,45,49,500,319.0,159500.0
2020-03-05,2020030501009615,MFIL,45,26,2000,319.0,638000.0
2020-03-05,2020030501009614,MFIL,45,43,1510,319.0,481690.0
2020-03-05,2020030501009613,MFIL,45,38,100,319.0,31900.0
2020-03-05,2020030501009681,MFIL,4,43,4000,319.0,1276000.0
2020-03-05,2020030501009680,MFIL,4,43,2000,318.0,636000.0
2020-03-05,2020030501009679,MFIL,4,42,1000,318.0,318000.0
2020-03-05,2020030501009666,MFIL,45,43,1590,319.0,507210.0
2020-03-05,2020030501009646,MFIL,45,14,1000,319.0,319000.0
2020-03-05,2020030501009642,MFIL,45,22,200,319.0,63800.0
2020-03-05,2020030501009791,MFIL,4,45,270,318.0,85860.0
2020-03-05,2020030501009786,MFIL,4,43,1000,318.0,318000.0
2020-03-05,2020030501009785,MFIL,4,26,210,318.0,66780.0
2020-03-05,2020030501009784,MFIL,4,1,500,318.0,159000.0
2020-03-05,2020030501009783,MFIL,4,39,500,318.0,159000.0
2020-03-05,2020030501009772,MFIL,45,45,500,315.0,157500.0
2020-03-05,2020030501010001,MFIL,38,28,125,318.0,39750.0
2020-03-05,2020030501010000,MFIL,38,33,430,318.0,136740.0
2020-03-05,2020030501009999,MFIL,38,35,20,317.0,6340.0
2020-03-05,2020030501009884,MFIL,4,33,70,318.0,22260.0
2020-03-05,2020030501009851,MFIL,4,46,200,318.0,63600.0
2020-03-05,2020030501009850,MFIL,4,45,730,318.0,232140.0
2020-03-05,2020030501010007,MFIL,45,51,500,318.0,159000.0
2020-03-05,2020030501010006,MFIL,45,51,500,318.0,159000.0
2020-03-05,2020030501010005,MFIL,45,34,2000,318.0,636000.0
2020-03-05,2020030501010004,MFIL,45,42,200,318.0,63600.0
2020-03-05,2020030501010003,MFIL,45,37,575,318.0,182850.0
2020-03-05,2020030501010002,MFIL,38,37,425,318.0,135150.0
2020-03-05,2020030501010025,MFIL,4,49,38,319.0,12122.0
2020-03-05,2020030501010012,MFIL,45,49,362,319.0,115478.0
2020-03-05,2020030501010011,MFIL,45,43,11441,319.0,3649679.0
2020-03-05,2020030501010010,MFIL,45,1,300,319.0,95700.0
2020-03-05,2020030501010009,MFIL,45,43,400,319.0,127600.0
2020-03-05,2020030501010008,MFIL,45,43,3722,319.0,1187318.0
2020-03-05,2020030501009883,MLBL,38,49,57,220.0,12540.0
2020-03-05,2020030501009778,MLBL,38,50,500,220.0,110000.0
2020-03-05,2020030501009610,MLBL,38,16,1000,220.0,220000.0
2020-03-05,2020030501009715,MNBBL,34,16,200,332.0,66400.0
2020-03-05,2020030501009601,MNBBL,34,42,800,332.0,265600.0
2020-03-05,2020030501009600,MNBBL,45,42,150,333.0,49950.0
2020-03-05,2020030501009599,MNBBL,22,42,50,333.0,16650.0
2020-03-05,2020030501009955,MPFL,32,21,40,128.0,5120.0
2020-03-05,2020030501009736,MPFL,32,35,1000,128.0,128000.0
2020-03-05,2020030501010019,NABIL,34,38,134,835.0,111890.0
2020-03-05,2020030501010018,NABIL,34,22,100,835.0,83500.0
2020-03-05,2020030501010017,NABIL,34,49,300,834.0,250200.0
2020-03-05,2020030501010016,NABIL,34,5,201,833.0,167433.0
2020-03-05,2020030501010015,NABIL,34,5,62,833.0,51646.0
2020-03-05,2020030501009986,NABIL,51,35,50,831.0,41550.0
2020-03-05,2020030501009962,NABIL,33,33,583,831.0,484473.0
2020-03-05,2020030501009713,NABIL,34,49,50,830.0,41500.0
2020-03-05,2020030501009630,NABIL,45,48,1000,833.0,833000.0
2020-03-05,2020030501009611,NABIL,34,28,100,830.0,83000.0
2020-03-05,2020030501009943,NADEP,53,6,15,664.0,9960.0
2020-03-05,2020030501009840,NADEP,53,56,23,664.0,15272.0
2020-03-05,2020030501009826,NADEP,45,6,25,665.0,16625.0
2020-03-05,2020030501009647,NADEP,11,6,16,665.0,10640.0
2020-03-05,2020030501009644,NADEP,11,48,11,665.0,7315.0
2020-03-05,2020030501009643,NADEP,11,16,23,665.0,15295.0
2020-03-05,2020030501009711,NBB,29,22,80,225.0,18000.0
2020-03-05,2020030501009566,NBB,29,55,920,225.0,207000.0
2020-03-05,2020030501009565,NBB,43,55,580,225.0,130500.0
2020-03-05,2020030501010023,NBL,5,16,20,284.0,5680.0
2020-03-05,2020030501010022,NBL,48,16,100,284.0,28400.0
2020-03-05,2020030501009948,NBL,47,16,54,284.0,15336.0
2020-03-05,2020030501009889,NBL,47,45,46,284.0,13064.0
2020-03-05,2020030501009888,NBL,7,45,54,284.0,15336.0
2020-03-05,2020030501009846,NCCB,34,33,200,200.0,40000.0
2020-03-05,2020030501009845,NCCB,6,33,480,200.0,96000.0
2020-03-05,2020030501009825,NCCB,6,26,20,200.0,4000.0
2020-03-05,2020030501009824,NCCB,59,26,100,200.0,20000.0
2020-03-05,2020030501009823,NCCB,38,26,27,200.0,5400.0
2020-03-05,2020030501009820,NCCB,44,50,19,201.0,3819.0
2020-03-05,2020030501009626,NHPC,38,34,1000,58.0,58000.0
2020-03-05,2020030501009597,NHPC,6,38,1000,60.0,60000.0
2020-03-05,2020030501009968,NIB,42,7,28,415.0,11620.0
2020-03-05,2020030501009913,NIB,42,42,50,415.0,20750.0
2020-03-05,2020030501009886,NIB,42,42,50,415.0,20750.0
2020-03-05,2020030501009854,NIB,52,52,6,409.0,2454.0
2020-03-05,2020030501009748,NIB,42,36,39,415.0,16185.0
2020-03-05,2020030501009747,NIB,51,36,50,415.0,20750.0
2020-03-05,2020030501009746,NIB,58,36,11,415.0,4565.0
2020-03-05,2020030501009712,NIB,58,34,11,415.0,4565.0
2020-03-05,2020030501009928,NICA,34,10,1000,572.0,572000.0
2020-03-05,2020030501009881,NICA,34,35,35,572.0,20020.0
2020-03-05,2020030501009636,NICA,34,35,116,572.0,66352.0
2020-03-05,2020030501009556,NICA,39,14,500,573.0,286500.0
2020-03-05,2020030501009977,NICL,33,44,85,449.0,38165.0
2020-03-05,2020030501009964,NICL,39,33,2667,450.0,1200150.0
2020-03-05,2020030501009902,NICL,48,33,1000,450.0,450000.0
2020-03-05,2020030501009901,NICL,53,33,200,450.0,90000.0
2020-03-05,2020030501009900,NICL,53,33,200,450.0,90000.0
2020-03-05,2020030501009899,NICL,34,33,837,450.0,376650.0
2020-03-05,2020030501009898,NICL,47,33,96,451.0,43296.0
2020-03-05,2020030501009808,NICL,47,10,19,451.0,8569.0
2020-03-05,2020030501009918,NLBBL,49,41,490,725.0,355250.0
2020-03-05,2020030501009917,NLBBL,22,41,100,726.0,72600.0
2020-03-05,2020030501009916,NLBBL,1,41,100,726.0,72600.0
2020-03-05,2020030501009878,NLBBL,29,14,170,735.0,124950.0
2020-03-05,2020030501009954,NLIC,52,51,100,1240.0,124000.0
2020-03-05,2020030501009953,NLIC,52,44,530,1240.0,657200.0
2020-03-05,2020030501009909,NLIC,49,56,22,1239.0,27258.0
2020-03-05,2020030501009839,NLIC,58,44,300,1240.0,372000.0
2020-03-05,2020030501009817,NLIC,49,56,22,1239.0,27258.0
2020-03-05,2020030501009793,NLIC,44,44,120,1240.0,148800.0
2020-03-05,2020030501009552,NLIC,51,7,22,1240.0,27280.0
2020-03-05,2020030501009627,NLIC,44,50,125,1241.0,155125.0
2020-03-05,2020030501009606,NLIC,51,56,22,1240.0,27280.0
2020-03-05,2020030501009595,NLIC,14,50,100,1241.0,124100.0
2020-03-05,2020030501009587,NLIC,51,4,200,1240.0,248000.0
2020-03-05,2020030501009562,NLIC,19,50,200,1241.0,248200.0
2020-03-05,2020030501009560,NLIC,51,41,100,1240.0,124000.0
2020-03-05,2020030501009699,NLIC,11,35,34,1242.0,42228.0
2020-03-05,2020030501009657,NLIC,1,35,34,1240.0,42160.0
2020-03-05,2020030501009656,NLIC,1,35,100,1240.0,124000.0
2020-03-05,2020030501009655,NLIC,25,35,10,1240.0,12400.0
2020-03-05,2020030501009654,NLIC,51,35,656,1240.0,813440.0
2020-03-05,2020030501009653,NLIC,14,35,200,1241.0,248200.0
2020-03-05,2020030501009731,NLIC,53,44,50,1240.0,62000.0
2020-03-05,2020030501009725,NLIC,1,56,16,1240.0,19840.0
2020-03-05,2020030501009724,NLIC,42,50,365,1243.0,453695.0
2020-03-05,2020030501009723,NLIC,42,35,35,1242.0,43470.0
2020-03-05,2020030501009719,NLIC,38,38,7,1240.0,8680.0
2020-03-05,2020030501009700,NLIC,11,35,16,1242.0,19872.0
2020-03-05,2020030501009935,NLICL,17,35,20,705.0,14100.0
2020-03-05,2020030501009708,NLICL,17,42,200,705.0,141000.0
2020-03-05,2020030501010014,NMB,49,38,500,459.0,229500.0
2020-03-05,2020030501010013,NMB,35,38,2850,459.0,1308150.0
2020-03-05,2020030501009982,NMB,35,6,2150,459.0,986850.0
2020-03-05,2020030501009981,NMB,38,6,100,460.0,46000.0
2020-03-05,2020030501009980,NMB,55,6,50,460.0,23000.0
2020-03-05,2020030501009978,NMB,38,45,50,461.0,23050.0
2020-03-05,2020030501009683,NMB,38,33,100,460.0,46000.0
2020-03-05,2020030501009629,NMB,38,41,50,459.0,22950.0
2020-03-05,2020030501009561,NMB,38,33,100,460.0,46000.0
2020-03-05,2020030501009956,NMB,38,45,100,461.0,46100.0
2020-03-05,2020030501009893,NMB,38,45,100,461.0,46100.0
2020-03-05,2020030501009812,NMB,55,59,100,460.0,46000.0
2020-03-05,2020030501009811,NMB,55,29,1000,460.0,460000.0
2020-03-05,2020030501009810,NMB,55,56,50,460.0,23000.0
2020-03-05,2020030501009809,NMB,55,33,800,460.0,368000.0
2020-03-05,2020030501009867,NMFBS,43,37,100,1645.0,164500.0
2020-03-05,2020030501009698,NUBL,45,46,20,987.0,19740.0
2020-03-05,2020030501009958,PCBL,11,53,200,297.0,59400.0
2020-03-05,2020030501009838,PCBL,11,5,375,297.0,111375.0
2020-03-05,2020030501009837,PCBL,41,5,241,298.0,71818.0
2020-03-05,2020030501009836,PCBL,42,5,25,298.0,7450.0
2020-03-05,2020030501009835,PCBL,10,5,200,298.0,59600.0
2020-03-05,2020030501009834,PCBL,6,5,300,298.0,89400.0
2020-03-05,2020030501009669,PCBL,1,35,1688,299.0,504712.0
2020-03-05,2020030501009833,PCBL,21,5,200,298.0,59600.0
2020-03-05,2020030501009832,PCBL,52,5,100,298.0,29800.0
2020-03-05,2020030501009831,PCBL,49,5,401,298.0,119498.0
2020-03-05,2020030501009830,PCBL,25,5,500,299.0,149500.0
2020-03-05,2020030501009750,PCBL,25,51,500,299.0,149500.0
2020-03-05,2020030501009670,PCBL,1,41,200,299.0,59800.0
2020-03-05,2020030501009771,PIC,44,33,133,595.0,79135.0
2020-03-05,2020030501009770,PIC,54,33,367,596.0,218732.0
2020-03-05,2020030501009758,PIC,54,56,11,596.0,6556.0
2020-03-05,2020030501009633,PIC,54,56,11,596.0,6556.0
2020-03-05,2020030501009581,PIC,54,42,50,596.0,29800.0
2020-03-05,2020030501009802,PICL,45,42,43,469.0,20167.0
2020-03-05,2020030501009801,PICL,28,42,160,469.0,75040.0
2020-03-05,2020030501009800,PICL,38,42,100,470.0,47000.0
2020-03-05,2020030501009799,PICL,6,42,50,470.0,23500.0
2020-03-05,2020030501009798,PICL,3,42,147,470.0,69090.0
2020-03-05,2020030501009959,PLIC,52,50,10,590.0,5900.0
2020-03-05,2020030501009865,PLIC,53,44,200,589.0,117800.0
2020-03-05,2020030501009549,PLIC,40,34,40,589.0,23560.0
2020-03-05,2020030501009988,PRVU,32,33,50,256.0,12800.0
2020-03-05,2020030501009973,PRVU,34,37,50,255.0,12750.0
2020-03-05,2020030501009871,PRVU,7,33,98,256.0,25088.0
2020-03-05,2020030501009819,PRVU,34,44,32,255.0,8160.0
2020-03-05,2020030501009782,PRVU,58,58,1500,254.0,381000.0
2020-03-05,2020030501009652,PRVU,58,58,126,254.0,32004.0
2020-03-05,2020030501009730,RBCLPO,5,33,10,8500.0,85000.0
2020-03-05,2020030501009729,RBCLPO,6,33,10,8500.0,85000.0
2020-03-05,2020030501009728,RBCLPO,35,33,20,8520.0,170400.0
2020-03-05,2020030501009727,RBCLPO,38,33,10,8629.0,86290.0
2020-03-05,2020030501009848,RHPC,34,29,18,84.0,1512.0
2020-03-05,2020030501009853,RHPL,50,19,40,160.0,6400.0
2020-03-05,2020030501009852,RHPL,50,11,40,160.0,6400.0
2020-03-05,2020030501009985,RMDC,53,34,15,703.0,10545.0
2020-03-05,2020030501009984,RMDC,53,13,55,701.0,38555.0
2020-03-05,2020030501009957,RMDC,38,25,80,700.0,56000.0
2020-03-05,2020030501009882,RMDC,34,53,300,700.0,210000.0
2020-03-05,2020030501009661,RMDC,19,26,100,702.0,70200.0
2020-03-05,2020030501009714,RSDC,58,53,498,481.0,239538.0
2020-03-05,2020030501009695,RSDC,58,42,121,481.0,58201.0
2020-03-05,2020030501009694,RSDC,51,42,200,482.0,96400.0
2020-03-05,2020030501009693,RSDC,53,42,179,484.0,86636.0
2020-03-05,2020030501009780,SABSL,44,20,10,772.0,7720.0
2020-03-05,2020030501009696,SABSL,44,48,10,772.0,7720.0
2020-03-05,2020030501009635,SABSL,33,5,10,779.0,7790.0
2020-03-05,2020030501009753,SANIMA,44,48,100,365.0,36500.0
2020-03-05,2020030501009612,SANIMA,13,41,50,364.0,18200.0
2020-03-05,2020030501009774,SBI,14,26,200,480.0,96000.0
2020-03-05,2020030501009914,SBL,44,35,19,327.0,6213.0
2020-03-05,2020030501009781,SBL,38,42,44,326.0,14344.0
2020-03-05,2020030501009706,SBL,35,29,1000,325.0,325000.0
2020-03-05,2020030501009678,SBL,35,45,176,325.0,57200.0
2020-03-05,2020030501009677,SBL,39,45,24,325.0,7800.0
2020-03-05,2020030501009592,SBL,39,16,470,325.0,152750.0
2020-03-05,2020030501009983,SCB,14,56,10,689.0,6890.0
2020-03-05,2020030501009849,SCB,14,35,578,689.0,398242.0
2020-03-05,2020030501009843,SCB,14,56,20,689.0,13780.0
2020-03-05,2020030501009605,SCB,49,7,20,690.0,13800.0
2020-03-05,2020030501009744,SCB,14,56,20,689.0,13780.0
2020-03-05,2020030501009726,SCB,49,49,900,690.0,621000.0
2020-03-05,2020030501009617,SCB,49,56,10,690.0,6900.0
2020-03-05,2020030501009931,SDESI,45,34,12,900.0,10800.0
2020-03-05,2020030501009872,SDESI,41,42,23,901.0,20723.0
2020-03-05,2020030501009868,SDESI,41,41,23,901.0,20723.0
2020-03-05,2020030501009821,SDESI,41,41,23,901.0,20723.0
2020-03-05,2020030501009815,SDESI,41,58,23,901.0,20723.0
2020-03-05,2020030501009555,SDESI,33,48,40,902.0,36080.0
2020-03-05,2020030501009806,SHINE,47,4,900,300.0,270000.0
2020-03-05,2020030501009676,SHINE,47,53,20,303.0,6060.0
2020-03-05,2020030501009675,SHINE,47,1,1000,303.0,303000.0
2020-03-05,2020030501009674,SHINE,47,57,95,303.0,28785.0
2020-03-05,2020030501009673,SHINE,47,14,100,303.0,30300.0
2020-03-05,2020030501009672,SHINE,47,47,100,302.0,30200.0
2020-03-05,2020030501009660,SHINE,38,13,460,300.0,138000.0
2020-03-05,2020030501009649,SHINE,26,42,675,299.0,201825.0
2020-03-05,2020030501009579,SHINE,51,13,1000,300.0,300000.0
2020-03-05,2020030501009578,SHINE,49,13,100,300.0,30000.0
2020-03-05,2020030501009937,SHIVM,29,42,30,596.0,17880.0
2020-03-05,2020030501009925,SHIVM,29,51,50,596.0,29800.0
2020-03-05,2020030501009827,SHIVM,29,51,10,596.0,5960.0
2020-03-05,2020030501009685,SHIVM,29,51,50,596.0,29800.0
2020-03-05,2020030501009650,SHL,7,50,100,180.0,18000.0
2020-03-05,2020030501009947,SICL,34,10,1000,975.0,975000.0
2020-03-05,2020030501009946,SICL,34,38,100,975.0,97500.0
2020-03-05,2020030501009945,SICL,34,57,150,974.0,146100.0
2020-03-05,2020030501009794,SICL,1,58,20,970.0,19400.0
2020-03-05,2020030501009651,SICL,34,44,1000,974.0,974000.0
2020-03-05,2020030501009998,SIL,25,44,50,555.0,27750.0
2020-03-05,2020030501009890,SIL,44,49,19,560.0,10640.0
2020-03-05,2020030501009877,SIL,32,49,230,560.0,128800.0
2020-03-05,2020030501009876,SIL,17,49,500,561.0,280500.0
2020-03-05,2020030501009995,SKBBL,45,56,40,1115.0,44600.0
2020-03-05,2020030501009991,SKBBL,45,44,25,1115.0,27875.0
2020-03-05,2020030501009987,SKBBL,45,36,100,1115.0,111500.0
2020-03-05,2020030501009966,SKBBL,45,35,18,1115.0,20070.0
2020-03-05,2020030501009936,SKBBL,45,44,179,1115.0,199585.0
2020-03-05,2020030501009915,SKBBL,45,44,420,1115.0,468300.0
2020-03-05,2020030501009875,SKBBL,45,11,100,1115.0,111500.0
2020-03-05,2020030501009718,SKBBL,45,56,50,1120.0,56000.0
2020-03-05,2020030501009717,SKBBL,45,56,50,1120.0,56000.0
2020-03-05,2020030501009632,SKBBL,19,56,50,1120.0,56000.0
2020-03-05,2020030501009952,SLBBL,16,5,100,880.0,88000.0
2020-03-05,2020030501009951,SLBBL,16,22,100,879.0,87900.0
2020-03-05,2020030501009950,SLBBL,16,17,90,875.0,78750.0
2020-03-05,2020030501009949,SLBBL,16,55,100,865.0,86500.0
2020-03-05,2020030501009944,SLBBL,17,55,100,865.0,86500.0
2020-03-05,2020030501009768,SLICL,4,10,36,459.0,16524.0
2020-03-05,2020030501009767,SLICL,53,10,20,459.0,9180.0
2020-03-05,2020030501009558,SLICL,38,59,250,460.0,115000.0
2020-03-05,2020030501009625,SMATA,34,35,200,700.0,140000.0
2020-03-05,2020030501009990,SMB,34,22,100,909.0,90900.0
2020-03-05,2020030501009573,SPARS,47,45,20,780.0,15600.0
2020-03-05,2020030501009741,SPDL,36,26,84,100.0,8400.0
2020-03-05,2020030501009740,SPDL,41,26,26,100.0,2600.0
2020-03-05,2020030501009829,SRBL,38,38,2,255.0,510.0
2020-03-05,2020030501009818,SRBL,38,38,2,255.0,510.0
2020-03-05,2020030501009769,SRBL,35,29,1500,260.0,390000.0
2020-03-05,2020030501009766,SRBL,34,29,100,262.0,26200.0
2020-03-05,2020030501009765,SRBL,34,49,189,262.0,49518.0
2020-03-05,2020030501009764,SRBL,34,1,131,262.0,34322.0
2020-03-05,2020030501009640,SRBL,35,13,165,260.0,42900.0
2020-03-05,2020030501009554,SRBL,35,47,50,260.0,13000.0
2020-03-05,2020030501009763,SRBL,34,45,1000,262.0,262000.0
2020-03-05,2020030501009762,SRBL,34,48,200,262.0,52400.0
2020-03-05,2020030501009761,SRBL,34,45,253,262.0,66286.0
2020-03-05,2020030501009760,SRBL,34,58,26,262.0,6812.0
2020-03-05,2020030501009759,SRBL,34,4,2000,261.0,522000.0
2020-03-05,2020030501009691,SRBL,35,13,1118,260.0,290680.0
2020-03-05,2020030501009659,TMDBL,37,4,35,207.0,7245.0
2020-03-05,2020030501009857,UIC,49,53,334,370.0,123580.0
2020-03-05,2020030501009856,UIC,57,53,50,370.0,18500.0
2020-03-05,2020030501009855,UIC,19,53,616,370.0,227920.0
2020-03-05,2020030501009822,UPCL,57,34,40,77.0,3080.0
2020-03-05,2020030501010020,UPPER,22,7,40,236.0,9440.0
2020-03-05,2020030501009665,UPPER,22,16,40,236.0,9440.0
2020-03-05,2020030501009553,UPPER,22,11,40,236.0,9440.0
2020-03-05,2020030501009940,UPPER,22,22,50,236.0,11800.0
2020-03-05,2020030501009929,UPPER,22,56,40,236.0,9440.0
2020-03-05,2020030501009869,UPPER,22,7,50,236.0,11800.0
2020-03-05,2020030501009866,UPPER,22,29,40,236.0,9440.0
2020-03-05,2020030501009813,UPPER,22,7,50,236.0,11800.0
2020-03-05,2020030501009934,WOMI,41,33,50,1040.0,52000.0
2020-03-05,2020030501009885,WOMI,41,32,50,1040.0,52000.0
2020-03-05,2020030501008754,ADBL,55,38,80,410.0,32800.0
2020-03-05,2020030501008597,AKJCL,6,29,150,52.0,7800.0
2020-03-05,2020030501008596,AKJCL,59,29,90,52.0,4680.0
2020-03-05,2020030501008595,AKJCL,28,29,80,52.0,4160.0
2020-03-05,2020030501008594,AKJCL,59,29,20,52.0,1040.0
2020-03-05,2020030501008593,AKJCL,58,29,10,53.0,530.0
2020-03-05,2020030501008984,AKPL,50,56,13,126.0,1638.0
2020-03-05,2020030501008820,AKPL,50,46,4000,126.0,504000.0
2020-03-05,2020030501008777,AKPL,50,43,900,126.0,113400.0
2020-03-05,2020030501008770,AKPL,26,34,13,125.0,1625.0
2020-03-05,2020030501008535,AKPL,26,50,13,125.0,1625.0
2020-03-05,2020030501009004,ALBSL,11,16,10,685.0,6850.0
2020-03-05,2020030501008999,ALBSL,21,56,11,676.0,7436.0
2020-03-05,2020030501008869,ALBSL,21,52,11,676.0,7436.0
2020-03-05,2020030501008709,ALBSL,57,37,10,680.0,6800.0
2020-03-05,2020030501008928,ALICL,47,46,100,575.0,57500.0
2020-03-05,2020030501008927,ALICL,38,46,200,575.0,115000.0
2020-03-05,2020030501008926,ALICL,35,46,100,575.0,57500.0
2020-03-05,2020030501008925,ALICL,57,46,269,575.0,154675.0
2020-03-05,2020030501008783,ALICL,57,13,731,575.0,420325.0
2020-03-05,2020030501008782,ALICL,1,13,200,576.0,115200.0
2020-03-05,2020030501008781,ALICL,52,13,100,576.0,57600.0
2020-03-05,2020030501008835,API,13,38,11,130.0,1430.0
2020-03-05,2020030501008767,API,42,39,100,131.0,13100.0
2020-03-05,2020030501008609,API,42,40,1301,130.0,169130.0
2020-03-05,2020030501008608,API,42,56,960,130.0,124800.0
2020-03-05,2020030501008620,BFC,44,57,10,106.0,1060.0
2020-03-05,2020030501008910,BOKL,13,16,107,246.0,26322.0
2020-03-05,2020030501008909,BOKL,40,16,200,246.0,49200.0
2020-03-05,2020030501008858,BOKL,40,50,100,246.0,24600.0
2020-03-05,2020030501008683,BOKL,17,26,100,247.0,24700.0
2020-03-05,2020030501008813,BPCL,13,51,245,361.0,88445.0
2020-03-05,2020030501008732,BPCL,13,58,255,361.0,92055.0
2020-03-05,2020030501008731,BPCL,47,58,45,361.0,16245.0
2020-03-05,2020030501008753,CBBL,41,45,100,1045.0,104500.0
2020-03-05,2020030501008752,CBBL,41,33,100,1045.0,104500.0
2020-03-05,2020030501008885,CBBL,53,58,85,1049.0,89165.0
2020-03-05,2020030501008884,CBBL,53,45,21,1048.0,22008.0
2020-03-05,2020030501008883,CBBL,53,45,15,1045.0,15675.0
2020-03-05,2020030501008874,CBL,38,33,500,148.0,74000.0
2020-03-05,2020030501008650,CBL,39,10,4500,147.0,661500.0
2020-03-05,2020030501008649,CBL,47,10,500,147.0,73500.0
2020-03-05,2020030501008539,CBL,39,33,200,148.0,29600.0
2020-03-05,2020030501008708,CCBL,37,35,1000,185.0,185000.0
2020-03-05,2020030501009009,CHCL,22,25,229,411.0,94119.0
2020-03-05,2020030501009008,CHCL,13,25,50,412.0,20600.0
2020-03-05,2020030501009017,CIT,32,7,50,2660.0,133000.0
2020-03-05,2020030501008879,CIT,35,45,10,2665.0,26650.0
2020-03-05,2020030501008875,CZBIL,34,16,217,203.0,44051.0
2020-03-05,2020030501008823,CZBIL,34,13,363,203.0,73689.0
2020-03-05,2020030501008822,CZBIL,45,13,100,204.0,20400.0
2020-03-05,2020030501008821,CZBIL,7,13,70,204.0,14280.0
2020-03-05,2020030501008659,DDBL,50,14,12,850.0,10200.0
2020-03-05,2020030501009007,DHPL,28,56,10,51.0,510.0
2020-03-05,2020030501008886,EBL,48,47,10,750.0,7500.0
2020-03-05,2020030501008786,EBL,17,39,10,750.0,7500.0
2020-03-05,2020030501008785,EBL,17,39,10,750.0,7500.0
2020-03-05,2020030501008784,EBL,17,39,10,750.0,7500.0
2020-03-05,2020030501008774,EBL,52,45,15,750.0,11250.0
2020-03-05,2020030501008634,EBL,52,43,50,750.0,37500.0
2020-03-05,2020030501008791,EBL,58,39,154,742.0,114268.0
2020-03-05,2020030501008790,EBL,50,39,32,743.0,23776.0
2020-03-05,2020030501008789,EBL,59,39,50,745.0,37250.0
2020-03-05,2020030501008788,EBL,48,39,10,746.0,7460.0
2020-03-05,2020030501008787,EBL,17,39,10,750.0,7500.0
2020-03-05,2020030501008760,EIC,28,16,280,396.0,110880.0
2020-03-05,2020030501008759,EIC,1,16,100,397.0,39700.0
2020-03-05,2020030501008758,EIC,33,16,400,397.0,158800.0
2020-03-05,2020030501008757,EIC,4,16,20,398.0,7960.0
2020-03-05,2020030501008746,EIC,4,16,80,398.0,31840.0
2020-03-05,2020030501008745,EIC,52,16,100,398.0,39800.0
2020-03-05,2020030501008744,EIC,19,16,100,400.0,40000.0
2020-03-05,2020030501008743,EIC,34,16,100,401.0,40100.0
2020-03-05,2020030501008742,EIC,28,16,20,402.0,8040.0
2020-03-05,2020030501008623,EIC,28,17,480,402.0,192960.0
2020-03-05,2020030501008622,EIC,39,17,20,404.0,8080.0
2020-03-05,2020030501008589,EIC,28,43,10,406.0,4060.0
2020-03-05,2020030501009019,FMDBL,35,45,20,492.0,9840.0
2020-03-05,2020030501008969,FMDBL,44,14,350,491.0,171850.0
2020-03-05,2020030501008968,FMDBL,26,14,500,492.0,246000.0
2020-03-05,2020030501008935,FMDBL,56,45,300,492.0,147600.0
2020-03-05,2020030501008838,FMDBL,54,45,500,492.0,246000.0
2020-03-05,2020030501008837,FMDBL,39,45,200,492.0,98400.0
2020-03-05,2020030501009015,FOWAD,26,48,120,1470.0,176400.0
2020-03-05,2020030501009014,FOWAD,26,45,90,1470.0,132300.0
2020-03-05,2020030501009013,FOWAD,26,16,181,1470.0,266070.0
2020-03-05,2020030501008673,FOWAD,55,16,19,1470.0,27930.0
2020-03-05,2020030501008906,GBIME,13,22,100,287.0,28700.0
2020-03-05,2020030501008847,GBIME,13,13,743,287.0,213241.0
2020-03-05,2020030501008699,GBIME,58,38,500,286.0,143000.0
2020-03-05,2020030501008647,GBIME,58,45,730,286.0,208780.0
2020-03-05,2020030501008581,GBIME,58,1,52,286.0,14872.0
2020-03-05,2020030501008932,GBLBS,41,48,10,483.0,4830.0
2020-03-05,2020030501008713,GBLBS,41,42,15,483.0,7245.0
2020-03-05,2020030501009022,GGBSL,58,52,10,742.0,7420.0
2020-03-05,2020030501008657,GILB,50,58,41,1340.0,54940.0
2020-03-05,2020030501008656,GILB,49,58,29,1340.0,38860.0
2020-03-05,2020030501008985,GLICL,16,50,150,491.0,73650.0
2020-03-05,2020030501008978,GLICL,57,21,100,490.0,49000.0
2020-03-05,2020030501008977,GLICL,10,21,100,490.0,49000.0
2020-03-05,2020030501008970,GLICL,34,50,50,491.0,24550.0
2020-03-05,2020030501008966,GLICL,37,50,200,491.0,98200.0
2020-03-05,2020030501008956,GLICL,41,50,100,491.0,49100.0
2020-03-05,2020030501008764,GLICL,38,7,260,486.0,126360.0
2020-03-05,2020030501008763,GLICL,46,7,40,488.0,19520.0
2020-03-05,2020030501008762,GLICL,29,7,200,488.0,97600.0
2020-03-05,2020030501008761,GLICL,6,7,300,489.0,146700.0
2020-03-05,2020030501008739,GLICL,48,10,30,490.0,14700.0
2020-03-05,2020030501008654,GLICL,48,49,50,490.0,24500.0
2020-03-05,2020030501008891,GLICL,34,39,30,490.0,14700.0
2020-03-05,2020030501008890,GLICL,34,10,20,490.0,9800.0
2020-03-05,2020030501008849,GLICL,42,10,100,490.0,49000.0
2020-03-05,2020030501008848,GLICL,42,44,200,490.0,98000.0
2020-03-05,2020030501008839,GLICL,49,50,10,485.0,4850.0
2020-03-05,2020030501008817,GLICL,38,50,40,486.0,19440.0
2020-03-05,2020030501008642,GRDBL,41,19,500,123.0,61500.0
2020-03-05,2020030501008641,GRDBL,41,25,83,122.0,10126.0
2020-03-05,2020030501009021,HDL,53,55,126,1608.0,202608.0
2020-03-05,2020030501008986,HDL,4,3,100,1607.0,160700.0
2020-03-05,2020030501008962,HDL,57,55,50,1608.0,80400.0
2020-03-05,2020030501008950,HDL,1,55,100,1608.0,160800.0
2020-03-05,2020030501008949,HDL,48,55,32,1608.0,51456.0
2020-03-05,2020030501008948,HDL,51,55,20,1608.0,32160.0
2020-03-05,2020030501008631,HDL,42,19,100,1615.0,161500.0
2020-03-05,2020030501008630,HDL,53,19,120,1615.0,193800.0
2020-03-05,2020030501008599,HDL,53,18,50,1615.0,80750.0
2020-03-05,2020030501008551,HDL,35,5,100,1620.0,162000.0
2020-03-05,2020030501008826,HDL,45,7,100,1611.0,161100.0
2020-03-05,2020030501008819,HDL,42,29,10,1615.0,16150.0
2020-03-05,2020030501008818,HDL,42,57,50,1615.0,80750.0
2020-03-05,2020030501008681,HDL,4,48,15,1615.0,24225.0
2020-03-05,2020030501008633,HDL,4,19,30,1615.0,48450.0
2020-03-05,2020030501008632,HDL,4,19,50,1615.0,80750.0
2020-03-05,2020030501008854,HDL,4,19,50,1610.0,80500.0
2020-03-05,2020030501008853,HDL,37,19,100,1610.0,161000.0
2020-03-05,2020030501008852,HDL,1,19,10,1610.0,16100.0
2020-03-05,2020030501008851,HDL,51,19,100,1610.0,161000.0
2020-03-05,2020030501008850,HDL,38,19,200,1610.0,322000.0
2020-03-05,2020030501008827,HDL,53,7,200,1611.0,322200.0
2020-03-05,2020030501008947,HDL,54,55,175,1608.0,281400.0
2020-03-05,2020030501008934,HDL,54,40,100,1608.0,160800.0
2020-03-05,2020030501008919,HDL,54,14,100,1608.0,160800.0
2020-03-05,2020030501008905,HDL,54,14,105,1608.0,168840.0
2020-03-05,2020030501008871,HDL,54,35,20,1608.0,32160.0
2020-03-05,2020030501008865,HDL,49,19,40,1610.0,64400.0
2020-03-05,2020030501008980,HGI,49,21,100,398.0,39800.0
2020-03-05,2020030501008967,HIDCL,17,45,200,136.0,27200.0
2020-03-05,2020030501008873,HIDCL,17,13,1582,136.0,215152.0
2020-03-05,2020030501008872,HIDCL,13,13,649,137.0,88913.0
2020-03-05,2020030501008715,HIDCL,13,56,351,137.0,48087.0
2020-03-05,2020030501009002,HPPL,52,48,10,145.0,1450.0
2020-03-05,2020030501008959,HPPL,52,48,20,145.0,2900.0
2020-03-05,2020030501008880,HPPL,52,7,10,145.0,1450.0
2020-03-05,2020030501008775,HPPL,52,45,10,145.0,1450.0
2020-03-05,2020030501008614,ICFC,29,46,600,189.0,113400.0
2020-03-05,2020030501008613,ICFC,29,17,474,188.0,89112.0
2020-03-05,2020030501008973,ILBS,41,48,10,726.0,7260.0
2020-03-05,2020030501008955,ILBS,11,39,100,734.0,73400.0
2020-03-05,2020030501008954,ILBS,36,39,20,734.0,14680.0
2020-03-05,2020030501008773,ILBS,36,39,260,734.0,190840.0
2020-03-05,2020030501008772,ILBS,49,39,200,735.0,147000.0
2020-03-05,2020030501008771,ILBS,36,39,40,735.0,29400.0
2020-03-05,2020030501008629,ILBS,57,52,10,740.0,7400.0
2020-03-05,2020030501008628,ILBS,57,47,10,740.0,7400.0
2020-03-05,2020030501008580,JBBL,55,35,399,190.0,75810.0
2020-03-05,2020030501008734,JSLBB,25,42,14,1510.0,21140.0
2020-03-05,2020030501008733,JSLBB,39,42,18,1510.0,27180.0
2020-03-05,2020030501008997,KBL,20,52,123,208.0,25584.0
2020-03-05,2020030501008996,KBL,48,52,12,208.0,2496.0
2020-03-05,2020030501008888,KBL,48,13,88,208.0,18304.0
2020-03-05,2020030501008887,KBL,35,13,712,208.0,148096.0
2020-03-05,2020030501008876,KBL,35,58,3500,208.0,728000.0
2020-03-05,2020030501008576,KBL,22,14,500,209.0,104500.0
2020-03-05,2020030501008575,KBL,40,14,1000,209.0,209000.0
2020-03-05,2020030501008574,KBL,17,14,500,209.0,104500.0
2020-03-05,2020030501008573,KBL,54,14,500,209.0,104500.0
2020-03-05,2020030501008572,KBL,51,14,815,209.0,170335.0
2020-03-05,2020030501008707,KBL,35,49,274,208.0,56992.0
2020-03-05,2020030501008689,KBL,35,18,5000,208.0,1040000.0
2020-03-05,2020030501008612,KBL,35,26,514,208.0,106912.0
2020-03-05,2020030501008611,KBL,34,26,486,208.0,101088.0
2020-03-05,2020030501008578,KBL,48,14,45,209.0,9405.0
2020-03-05,2020030501008577,KBL,41,14,40,209.0,8360.0
2020-03-05,2020030501009024,KKHC,36,56,16,59.0,944.0
2020-03-05,2020030501008958,KMCDB,44,56,10,864.0,8640.0
2020-03-05,2020030501008957,KMCDB,44,22,23,864.0,19872.0
2020-03-05,2020030501008747,KMCDB,5,42,10,864.0,8640.0
2020-03-05,2020030501008695,KMCDB,7,18,10,864.0,8640.0
2020-03-05,2020030501008675,KMCDB,7,18,10,864.0,8640.0
2020-03-05,2020030501008651,KMCDB,7,18,10,864.0,8640.0
2020-03-05,2020030501008766,LBBL,45,59,845,193.0,163085.0
2020-03-05,2020030501008591,LBBL,45,59,100,193.0,19300.0
2020-03-05,2020030501008590,LBBL,25,59,85,193.0,16405.0
2020-03-05,2020030501008541,LBBL,25,26,915,193.0,176595.0
2020-03-05,2020030501008540,LBBL,17,26,85,193.0,16405.0
2020-03-05,2020030501008908,LBL,13,44,644,228.0,146832.0
2020-03-05,2020030501008697,LBL,13,36,356,228.0,81168.0
2020-03-05,2020030501008696,LBL,14,36,500,229.0,114500.0
2020-03-05,2020030501008952,LGIL,8,56,100,485.0,48500.0
2020-03-05,2020030501008951,LGIL,5,56,100,488.0,48800.0
2020-03-05,2020030501008937,MBL,49,13,114,247.0,28158.0
2020-03-05,2020030501008936,MBL,20,13,258,247.0,63726.0
2020-03-05,2020030501008836,MBL,17,20,500,248.0,124000.0
2020-03-05,2020030501008601,MBL,20,26,642,247.0,158574.0
2020-03-05,2020030501008600,MBL,57,26,358,247.0,88426.0
2020-03-05,2020030501008921,MEGA,57,26,30,228.0,6840.0
2020-03-05,2020030501008881,MEGA,1,41,200,227.0,45400.0
2020-03-05,2020030501008749,MEGA,33,25,100,227.0,22700.0
2020-03-05,2020030501008677,MEGA,58,26,365,228.0,83220.0
2020-03-05,2020030501008676,MEGA,7,26,96,229.0,21984.0
2020-03-05,2020030501008627,MEGA,58,43,46,228.0,10488.0
2020-03-05,2020030501008605,MEGA,58,43,89,228.0,20292.0
2020-03-05,2020030501008604,MEGA,39,43,22,228.0,5016.0
2020-03-05,2020030501008638,MERO,52,35,210,635.0,133350.0
2020-03-05,2020030501008637,MERO,52,51,50,635.0,31750.0
2020-03-05,2020030501008602,MERO,58,51,50,624.0,31200.0
2020-03-05,2020030501009031,MFIL,35,34,20,298.0,5960.0
2020-03-05,2020030501009030,MFIL,35,52,200,298.0,59600.0
2020-03-05,2020030501009029,MFIL,35,14,300,298.0,89400.0
2020-03-05,2020030501009028,MFIL,35,21,80,298.0,23840.0
2020-03-05,2020030501009027,MFIL,35,42,500,297.0,148500.0
2020-03-05,2020030501009026,MFIL,35,47,200,297.0,59400.0
2020-03-05,2020030501008768,MFIL,4,22,200,292.0,58400.0
2020-03-05,2020030501008712,MFIL,14,43,80,291.0,23280.0
2020-03-05,2020030501008898,MFIL,4,32,1000,293.0,293000.0
2020-03-05,2020030501008897,MFIL,4,34,1761,293.0,515973.0
2020-03-05,2020030501008896,MFIL,4,58,546,293.0,159978.0
2020-03-05,2020030501008895,MFIL,4,13,200,292.0,58400.0
2020-03-05,2020030501008894,MFIL,4,45,500,292.0,146000.0
2020-03-05,2020030501008893,MFIL,4,22,300,292.0,87600.0
2020-03-05,2020030501008904,MFIL,4,41,250,295.0,73750.0
2020-03-05,2020030501008903,MFIL,4,4,200,295.0,59000.0
2020-03-05,2020030501008902,MFIL,4,6,200,295.0,59000.0
2020-03-05,2020030501008901,MFIL,4,29,800,295.0,236000.0
2020-03-05,2020030501008900,MFIL,4,16,300,295.0,88500.0
2020-03-05,2020030501008899,MFIL,4,38,460,294.0,135240.0
2020-03-05,2020030501009025,MFIL,35,58,82,297.0,24354.0
2020-03-05,2020030501009006,MFIL,43,58,238,297.0,70686.0
2020-03-05,2020030501009005,MFIL,43,25,262,297.0,77814.0
2020-03-05,2020030501009003,MFIL,43,58,10,297.0,2970.0
2020-03-05,2020030501008982,MFIL,4,25,1000,295.0,295000.0
2020-03-05,2020030501008981,MFIL,4,25,1000,295.0,295000.0
2020-03-05,2020030501008882,MLBL,52,51,71,221.0,15691.0
2020-03-05,2020030501008965,MNBBL,34,19,802,332.0,266264.0
2020-03-05,2020030501008964,MNBBL,34,19,1459,332.0,484388.0
2020-03-05,2020030501008920,MNBBL,34,41,41,332.0,13612.0
2020-03-05,2020030501008639,MNBBL,34,25,500,332.0,166000.0
2020-03-05,2020030501008533,MNBBL,45,37,148,333.0,49284.0
2020-03-05,2020030501008532,MNBBL,53,37,33,333.0,10989.0
2020-03-05,2020030501008566,MNBBL,34,19,60,333.0,19980.0
2020-03-05,2020030501008565,MNBBL,38,19,1000,333.0,333000.0
2020-03-05,2020030501008534,MNBBL,50,37,10,333.0,3330.0
2020-03-05,2020030501008741,NABIL,34,22,52,835.0,43420.0
2020-03-05,2020030501008706,NABIL,34,26,10,835.0,8350.0
2020-03-05,2020030501008705,NABIL,34,34,100,835.0,83500.0
2020-03-05,2020030501008704,NABIL,34,21,200,835.0,167000.0
2020-03-05,2020030501008703,NABIL,34,43,36,835.0,30060.0
2020-03-05,2020030501008702,NABIL,34,58,224,834.0,186816.0
2020-03-05,2020030501008701,NABIL,34,36,50,833.0,41650.0
2020-03-05,2020030501008700,NABIL,34,1,28,831.0,23268.0
2020-03-05,2020030501008536,NABIL,45,1,72,831.0,59832.0
2020-03-05,2020030501008987,NADEP,53,48,23,664.0,15272.0
2020-03-05,2020030501008635,NBB,1,33,200,225.0,45000.0
2020-03-05,2020030501008569,NBB,17,7,10,226.0,2260.0
2020-03-05,2020030501008553,NBB,17,7,10,226.0,2260.0
2020-03-05,2020030501008545,NBB,17,7,10,226.0,2260.0
2020-03-05,2020030501008714,NBL,11,6,100,284.0,28400.0
2020-03-05,2020030501008645,NBL,11,29,767,284.0,217828.0
2020-03-05,2020030501008644,NBL,58,29,339,284.0,96276.0
2020-03-05,2020030501008615,NBL,22,16,330,285.0,94050.0
2020-03-05,2020030501008862,NCCB,58,56,1825,200.0,365000.0
2020-03-05,2020030501008861,NCCB,44,56,175,200.0,35000.0
2020-03-05,2020030501008710,NCCB,44,45,100,200.0,20000.0
2020-03-05,2020030501008621,NIB,5,53,365,418.0,152570.0
2020-03-05,2020030501009001,NICA,55,6,100,572.0,57200.0
2020-03-05,2020030501008942,NICA,55,16,210,572.0,120120.0
2020-03-05,2020030501008940,NICA,10,54,100,573.0,57300.0
2020-03-05,2020030501008912,NICA,55,49,385,572.0,220220.0
2020-03-05,2020030501008911,NICA,55,33,950,572.0,543400.0
2020-03-05,2020030501008866,NICA,38,33,700,572.0,400400.0
2020-03-05,2020030501008562,NICA,6,41,150,573.0,85950.0
2020-03-05,2020030501008825,NICA,4,45,500,571.0,285500.0
2020-03-05,2020030501008815,NICA,4,52,100,571.0,57100.0
2020-03-05,2020030501008779,NICA,51,33,1500,572.0,858000.0
2020-03-05,2020030501008711,NICA,51,14,500,572.0,286000.0
2020-03-05,2020030501008616,NICA,34,33,1850,572.0,1058200.0
2020-03-05,2020030501008563,NICA,34,41,450,572.0,257400.0
2020-03-05,2020030501008918,NICL,25,21,308,451.0,138908.0
2020-03-05,2020030501008917,NICL,41,21,100,451.0,45100.0
2020-03-05,2020030501008916,NICL,34,21,500,451.0,225500.0
2020-03-05,2020030501008915,NICL,52,21,200,451.0,90200.0
2020-03-05,2020030501008914,NICL,13,21,1000,452.0,452000.0
2020-03-05,2020030501008913,NICL,52,21,392,453.0,177576.0
2020-03-05,2020030501008618,NICL,7,50,181,455.0,82355.0
2020-03-05,2020030501008603,NICL,25,33,98,457.0,44786.0
2020-03-05,2020030501008723,NICL,43,59,10,458.0,4580.0
2020-03-05,2020030501008698,NICL,52,32,550,455.0,250250.0
2020-03-05,2020030501008671,NICL,43,13,158,454.0,71732.0
2020-03-05,2020030501008670,NICL,7,13,19,455.0,8645.0
2020-03-05,2020030501008807,NICL,52,5,608,453.0,275424.0
2020-03-05,2020030501008806,NICL,6,5,50,453.0,22650.0
2020-03-05,2020030501008805,NICL,43,5,342,454.0,155268.0
2020-03-05,2020030501008860,NIL,13,53,168,576.0,96768.0
2020-03-05,2020030501008814,NIL,4,52,146,577.0,84242.0
2020-03-05,2020030501008778,NIL,4,5,462,577.0,266574.0
2020-03-05,2020030501008679,NIL,4,1,392,577.0,226184.0
2020-03-05,2020030501008678,NIL,39,1,108,578.0,62424.0
2020-03-05,2020030501008663,NIL,39,50,92,578.0,53176.0
2020-03-05,2020030501008857,NLBBL,44,45,400,736.0,294400.0
2020-03-05,2020030501008856,NLBBL,11,45,100,736.0,73600.0
2020-03-05,2020030501008855,NLBBL,1,45,35,740.0,25900.0
2020-03-05,2020030501008561,NLG,49,32,25,642.0,16050.0
2020-03-05,2020030501008546,NLG,45,59,100,640.0,64000.0
2020-03-05,2020030501009018,NLIC,58,11,332,1240.0,411680.0
2020-03-05,2020030501009012,NLIC,58,50,247,1240.0,306280.0
2020-03-05,2020030501009011,NLIC,58,50,91,1241.0,112931.0
2020-03-05,2020030501008998,NLIC,58,50,30,1241.0,37230.0
2020-03-05,2020030501008971,NLIC,58,16,395,1240.0,489800.0
2020-03-05,2020030501008943,NLIC,14,41,12,1239.0,14868.0
2020-03-05,2020030501008648,NLIC,52,44,200,1244.0,248800.0
2020-03-05,2020030501008619,NLIC,56,35,50,1245.0,62250.0
2020-03-05,2020030501008570,NLIC,53,49,50,1241.0,62050.0
2020-03-05,2020030501008547,NLIC,53,49,50,1241.0,62050.0
2020-03-05,2020030501008672,NLIC,52,44,200,1244.0,248800.0
2020-03-05,2020030501008668,NLIC,58,4,83,1240.0,102920.0
2020-03-05,2020030501008667,NLIC,46,4,100,1241.0,124100.0
2020-03-05,2020030501008666,NLIC,58,4,200,1241.0,248200.0
2020-03-05,2020030501008665,NLIC,52,4,100,1241.0,124100.0
2020-03-05,2020030501008664,NLIC,53,4,17,1241.0,21097.0
2020-03-05,2020030501008830,NLIC,43,44,100,1240.0,124000.0
2020-03-05,2020030501008829,NLIC,58,44,705,1240.0,874200.0
2020-03-05,2020030501008804,NLIC,37,50,100,1241.0,124100.0
2020-03-05,2020030501008716,NLIC,49,52,10,1241.0,12410.0
2020-03-05,2020030501008688,NLIC,49,52,90,1241.0,111690.0
2020-03-05,2020030501008687,NLIC,49,49,10,1241.0,12410.0
2020-03-05,2020030501008859,NLIC,58,16,100,1240.0,124000.0
2020-03-05,2020030501008846,NLIC,49,16,400,1240.0,496000.0
2020-03-05,2020030501008845,NLIC,58,16,150,1240.0,186000.0
2020-03-05,2020030501008844,NLIC,6,16,405,1240.0,502200.0
2020-03-05,2020030501008832,NLIC,6,44,95,1240.0,117800.0
2020-03-05,2020030501008831,NLIC,44,44,100,1240.0,124000.0
2020-03-05,2020030501008756,NLICL,47,44,1000,708.0,708000.0
2020-03-05,2020030501008755,NLICL,29,44,750,709.0,531750.0
2020-03-05,2020030501008617,NLICL,36,51,18,717.0,12906.0
2020-03-05,2020030501008972,NMB,51,26,775,459.0,355725.0
2020-03-05,2020030501008963,NMB,51,41,37,459.0,16983.0
2020-03-05,2020030501008907,NMB,51,42,37,459.0,16983.0
2020-03-05,2020030501008867,NMB,51,41,200,459.0,91800.0
2020-03-05,2020030501008824,NMB,51,59,500,459.0,229500.0
2020-03-05,2020030501008794,NMB,51,5,340,459.0,156060.0
2020-03-05,2020030501008559,NMB,51,35,1000,460.0,460000.0
2020-03-05,2020030501008558,NMB,51,33,1448,460.0,666080.0
2020-03-05,2020030501008793,NMB,52,5,100,459.0,45900.0
2020-03-05,2020030501008792,NMB,37,5,110,459.0,50490.0
2020-03-05,2020030501008740,NMB,16,45,10,460.0,4600.0
2020-03-05,2020030501008662,NMB,46,45,133,460.0,61180.0
2020-03-05,2020030501008660,NMB,46,59,17,460.0,7820.0
2020-03-05,2020030501008655,NMB,46,49,250,460.0,115000.0
2020-03-05,2020030501008868,NMBMF,53,49,40,797.0,31880.0
2020-03-05,2020030501008878,NMFBS,50,45,15,1645.0,24675.0
2020-03-05,2020030501008939,NUBL,47,48,17,985.0,16745.0
2020-03-05,2020030501008938,NUBL,47,48,65,985.0,64025.0
2020-03-05,2020030501008931,NUBL,47,19,185,985.0,182225.0
2020-03-05,2020030501008930,NUBL,32,19,75,985.0,73875.0
2020-03-05,2020030501008929,PCBL,45,21,600,299.0,179400.0
2020-03-05,2020030501008730,PCBL,45,50,372,299.0,111228.0
2020-03-05,2020030501008552,PCBL,25,5,200,300.0,60000.0
2020-03-05,2020030501008537,PFL,45,42,39,162.0,6318.0
2020-03-05,2020030501008636,PIC,56,14,500,600.0,300000.0
2020-03-05,2020030501008557,PIC,56,57,487,600.0,292200.0
2020-03-05,2020030501008556,PIC,29,57,200,600.0,120000.0
2020-03-05,2020030501008555,PIC,11,57,50,601.0,30050.0
2020-03-05,2020030501008554,PIC,44,57,183,601.0,109983.0
2020-03-05,2020030501008765,PICL,3,10,120,470.0,56400.0
2020-03-05,2020030501008674,PICL,29,14,50,474.0,23700.0
2020-03-05,2020030501009023,PLIC,4,49,200,590.0,118000.0
2020-03-05,2020030501008976,PLIC,4,38,1000,590.0,590000.0
2020-03-05,2020030501008975,PLIC,4,5,1500,590.0,885000.0
2020-03-05,2020030501008812,PLIC,7,45,60,590.0,35400.0
2020-03-05,2020030501008607,PLIC,7,33,500,590.0,295000.0
2020-03-05,2020030501008811,PMHPL,6,52,10,83.0,830.0
2020-03-05,2020030501008776,PPCL,49,45,30,117.0,3510.0
2020-03-05,2020030501008564,PPCL,49,37,10,117.0,1170.0
2020-03-05,2020030501008610,PRVU,56,33,88,256.0,22528.0
2020-03-05,2020030501008544,PRVU,56,29,200,255.0,51000.0
2020-03-05,2020030501008543,PRVU,56,36,200,255.0,51000.0
2020-03-05,2020030501008542,PRVU,56,58,108,255.0,27540.0
2020-03-05,2020030501008729,RBCLPO,34,33,100,8630.0,863000.0
2020-03-05,2020030501008728,RBCLPO,34,33,50,8630.0,431500.0
2020-03-05,2020030501008727,RBCLPO,38,33,10,8635.0,86350.0
2020-03-05,2020030501008726,RBCLPO,5,33,20,8636.0,172720.0
2020-03-05,2020030501008725,RBCLPO,49,33,10,8640.0,86400.0
2020-03-05,2020030501008579,RHPC,34,42,12,84.0,1008.0
2020-03-05,2020030501008995,RHPL,6,7,10,160.0,1600.0
2020-03-05,2020030501008994,RHPL,6,49,10,160.0,1600.0
2020-03-05,2020030501008833,RHPL,6,52,40,160.0,6400.0
2020-03-05,2020030501008800,RHPL,6,45,50,160.0,8000.0
2020-03-05,2020030501008769,RHPL,6,53,1000,160.0,160000.0
2020-03-05,2020030501008538,RHPL,6,45,40,160.0,6400.0
2020-03-05,2020030501008691,RMDC,53,45,100,701.0,70100.0
2020-03-05,2020030501008690,RMDC,53,51,100,701.0,70100.0
2020-03-05,2020030501008669,RMDC,48,58,250,700.0,175000.0
2020-03-05,2020030501008658,RMDC,53,58,100,700.0,70000.0
2020-03-05,2020030501008625,RMDC,53,36,50,700.0,35000.0
2020-03-05,2020030501008624,RMDC,53,45,114,700.0,79800.0
2020-03-05,2020030501009000,RSDC,43,41,35,490.0,17150.0
2020-03-05,2020030501008796,RSDC,43,56,57,490.0,27930.0
2020-03-05,2020030501008795,RSDC,36,56,33,490.0,16170.0
2020-03-05,2020030501008735,RSDC,38,17,100,494.0,49400.0
2020-03-05,2020030501008983,SABSL,44,7,10,772.0,7720.0
2020-03-05,2020030501008923,SADBL,6,42,358,171.0,61218.0
2020-03-05,2020030501008922,SADBL,6,34,2000,171.0,342000.0
2020-03-05,2020030501008960,SANIMA,34,50,129,365.0,47085.0
2020-03-05,2020030501008646,SANIMA,11,50,200,366.0,73200.0
2020-03-05,2020030501008571,SANIMA,11,50,500,366.0,183000.0
2020-03-05,2020030501009020,SBI,13,16,50,481.0,24050.0
2020-03-05,2020030501008992,SBI,34,16,2000,481.0,962000.0
2020-03-05,2020030501008991,SBI,34,16,1450,481.0,697450.0
2020-03-05,2020030501008979,SBI,34,58,500,481.0,240500.0
2020-03-05,2020030501008780,SBI,13,59,188,482.0,90616.0
2020-03-05,2020030501008592,SBI,13,33,500,482.0,241000.0
2020-03-05,2020030501008724,SBL,51,35,349,326.0,113774.0
2020-03-05,2020030501008686,SBL,51,26,151,326.0,49226.0
2020-03-05,2020030501008685,SBL,33,26,849,326.0,276774.0
2020-03-05,2020030501009016,SCB,13,41,10,692.0,6920.0
2020-03-05,2020030501008834,SCB,49,1,200,691.0,138200.0
2020-03-05,2020030501008946,SDESI,33,35,126,902.0,113652.0
2020-03-05,2020030501008945,SDESI,6,35,100,903.0,90300.0
2020-03-05,2020030501008944,SDESI,37,35,74,905.0,66970.0
2020-03-05,2020030501008941,SDESI,37,42,26,905.0,23530.0
2020-03-05,2020030501008606,SDESI,11,42,11,905.0,9955.0
2020-03-05,2020030501008990,SHINE,51,4,1896,300.0,568800.0
2020-03-05,2020030501008989,SHINE,51,13,52,300.0,15600.0
2020-03-05,2020030501008988,SHINE,51,13,52,300.0,15600.0
2020-03-05,2020030501008924,SHINE,51,39,300,300.0,90000.0
2020-03-05,2020030501008799,SHINE,26,35,157,299.0,46943.0
2020-03-05,2020030501008798,SHINE,26,35,49,299.0,14651.0
2020-03-05,2020030501008953,SHIVM,58,48,50,596.0,29800.0
2020-03-05,2020030501008863,SHIVM,45,45,100,597.0,59700.0
2020-03-05,2020030501008843,SHIVM,33,16,308,596.0,183568.0
2020-03-05,2020030501008842,SHIVM,7,16,200,597.0,119400.0
2020-03-05,2020030501008841,SHIVM,38,16,50,597.0,29850.0
2020-03-05,2020030501008840,SHIVM,33,16,45,597.0,26865.0
2020-03-05,2020030501008816,SHIVM,33,16,755,597.0,450735.0
2020-03-05,2020030501008801,SHIVM,14,16,45,598.0,26910.0
2020-03-05,2020030501008722,SHIVM,14,45,500,598.0,299000.0
2020-03-05,2020030501008694,SHIVM,17,35,100,599.0,59900.0
2020-03-05,2020030501008693,SHIVM,11,35,50,599.0,29950.0
2020-03-05,2020030501008680,SHIVM,11,14,50,599.0,29950.0
2020-03-05,2020030501008864,SHL,22,21,100,180.0,18000.0
2020-03-05,2020030501008550,SHPC,56,6,500,219.0,109500.0
2020-03-05,2020030501008549,SHPC,6,6,170,220.0,37400.0
2020-03-05,2020030501008810,SICL,58,34,149,975.0,145275.0
2020-03-05,2020030501008797,SICL,43,34,200,976.0,195200.0
2020-03-05,2020030501008738,SICL,54,34,85,980.0,83300.0
2020-03-05,2020030501008736,SIFC,47,40,110,158.0,17380.0
2020-03-05,2020030501008588,SIFC,59,40,300,158.0,47400.0
2020-03-05,2020030501008587,SIFC,59,40,300,158.0,47400.0
2020-03-05,2020030501008586,SIFC,11,40,100,158.0,15800.0
2020-03-05,2020030501008585,SIFC,25,40,30,158.0,4740.0
2020-03-05,2020030501008584,SIFC,43,40,300,159.0,47700.0
2020-03-05,2020030501008583,SIFC,42,40,50,159.0,7950.0
2020-03-05,2020030501008582,SIFC,57,40,50,160.0,8000.0
2020-03-05,2020030501008892,SJCL,6,45,10,153.0,1530.0
2020-03-05,2020030501008877,SJCL,6,52,20,153.0,3060.0
2020-03-05,2020030501008828,SJCL,6,38,10,153.0,1530.0
2020-03-05,2020030501008560,SJCL,6,45,20,153.0,3060.0
2020-03-05,2020030501009010,SKBBL,42,42,7,1115.0,7805.0
2020-03-05,2020030501008692,SKBBL,13,56,100,1120.0,112000.0
2020-03-05,2020030501008682,SKBBL,6,58,150,1112.0,166800.0
2020-03-05,2020030501008640,SKBBL,49,58,200,1112.0,222400.0
2020-03-05,2020030501008568,SKBBL,47,33,20,1111.0,22220.0
2020-03-05,2020030501008567,SKBBL,47,33,30,1111.0,33330.0
2020-03-05,2020030501008889,SLBBL,58,35,200,870.0,174000.0
2020-03-05,2020030501008870,SLICL,45,59,470,463.0,217610.0
2020-03-05,2020030501008961,SMATA,34,42,58,695.0,40310.0
2020-03-05,2020030501008737,SPARS,43,48,10,780.0,7800.0
2020-03-05,2020030501008626,SPDL,41,42,29,100.0,2900.0
2020-03-05,2020030501008974,SRBL,34,45,500,260.0,130000.0
2020-03-05,2020030501008720,SRBL,34,1,247,260.0,64220.0
2020-03-05,2020030501008719,SRBL,45,1,100,261.0,26100.0
2020-03-05,2020030501008718,SRBL,7,1,100,261.0,26100.0
2020-03-05,2020030501008717,SRBL,1,1,53,261.0,13833.0
2020-03-05,2020030501008684,TMDBL,58,45,100,200.0,20000.0
2020-03-05,2020030501008809,UIC,45,59,200,373.0,74600.0
2020-03-05,2020030501008808,UIC,7,59,250,373.0,93250.0
2020-03-05,2020030501008751,UIC,34,59,150,374.0,56100.0
2020-03-05,2020030501008750,UIC,39,59,20,374.0,7480.0
2020-03-05,2020030501008748,UIC,58,56,45,375.0,16875.0
2020-03-05,2020030501008598,UIC,57,56,25,375.0,9375.0
2020-03-05,2020030501008643,UMHL,34,42,23,107.0,2461.0
2020-03-05,2020030501008661,UPCL,41,42,50,77.0,3850.0
2020-03-05,2020030501008993,UPPER,22,35,72,236.0,16992.0
2020-03-05,2020030501008721,UPPER,22,42,50,236.0,11800.0
2020-03-05,2020030501008653,UPPER,22,11,40,236.0,9440.0
2020-03-05,2020030501008652,UPPER,33,11,10,237.0,2370.0
2020-03-05,2020030501008548,UPPER,33,33,40,237.0,9480.0
2020-03-05,2020030501008933,WOMI,41,33,10,1024.0,10240.0
2020-03-05,2020030501008803,WOMI,38,7,67,1020.0,68340.0
2020-03-05,2020030501008802,WOMI,38,33,50,1020.0,51000.0
2020-03-05,2020030501008349,ADBL,14,48,100,406.0,40600.0
2020-03-05,2020030501008348,ADBL,45,48,50,406.0,20300.0
2020-03-05,2020030501008304,ADBL,17,48,50,410.0,20500.0
2020-03-05,2020030501008404,AHPC,22,56,401,98.0,39298.0
2020-03-05,2020030501008403,AHPC,13,56,471,98.0,46158.0
2020-03-05,2020030501008053,AHPC,13,42,29,98.0,2842.0
2020-03-05,2020030501008052,AHPC,59,42,200,98.0,19600.0
2020-03-05,2020030501008051,AHPC,22,42,200,99.0,19800.0
2020-03-05,2020030501008050,AHPC,6,42,20,99.0,1980.0
2020-03-05,2020030501008416,AKPL,41,49,104,126.0,13104.0
2020-03-05,2020030501008087,AKPL,51,49,896,126.0,112896.0
2020-03-05,2020030501008065,AKPL,51,42,20,126.0,2520.0
2020-03-05,2020030501008091,ALICL,57,56,298,585.0,174330.0
2020-03-05,2020030501008355,API,25,56,1000,129.0,129000.0
2020-03-05,2020030501008323,API,25,40,50,129.0,6450.0
2020-03-05,2020030501008322,API,45,40,30,129.0,3870.0
2020-03-05,2020030501008321,API,34,40,1000,129.0,129000.0
2020-03-05,2020030501008286,API,39,56,70,130.0,9100.0
2020-03-05,2020030501008285,API,10,56,500,130.0,65000.0
2020-03-05,2020030501008249,API,1,39,200,131.0,26200.0
2020-03-05,2020030501008072,API,39,42,30,130.0,3900.0
2020-03-05,2020030501008394,BBC,47,14,47,1731.0,81357.0
2020-03-05,2020030501008092,BFC,44,57,10,108.0,1080.0
2020-03-05,2020030501008123,BOKL,40,16,200,246.0,49200.0
2020-03-05,2020030501008122,BOKL,1,16,200,246.0,49200.0
2020-03-05,2020030501008121,BOKL,55,16,100,247.0,24700.0
2020-03-05,2020030501008514,BPCL,47,38,55,361.0,19855.0
2020-03-05,2020030501008513,BPCL,17,38,478,361.0,172558.0
2020-03-05,2020030501008257,BPCL,53,33,11,361.0,3971.0
2020-03-05,2020030501008203,BPCL,37,46,500,360.0,180000.0
2020-03-05,2020030501008082,BPCL,17,33,22,361.0,7942.0
2020-03-05,2020030501008276,CBBL,6,26,200,1049.0,209800.0
2020-03-05,2020030501008248,CBBL,6,53,50,1048.0,52400.0
2020-03-05,2020030501008247,CBBL,6,54,100,1045.0,104500.0
2020-03-05,2020030501008246,CBBL,6,36,100,1044.0,104400.0
2020-03-05,2020030501008245,CBBL,6,32,15,1040.0,15600.0
2020-03-05,2020030501008467,CBL,57,33,2000,148.0,296000.0
2020-03-05,2020030501008466,CBL,29,33,100,148.0,14800.0
2020-03-05,2020030501008465,CBL,48,33,100,148.0,14800.0
2020-03-05,2020030501008464,CBL,25,33,50,148.0,7400.0
2020-03-05,2020030501008463,CBL,48,33,3000,148.0,444000.0
2020-03-05,2020030501008462,CBL,59,33,1000,148.0,148000.0
2020-03-05,2020030501008455,CBL,25,33,290,148.0,42920.0
2020-03-05,2020030501008454,CBL,34,33,1000,148.0,148000.0
2020-03-05,2020030501008453,CBL,51,33,1702,148.0,251896.0
2020-03-05,2020030501008452,CBL,10,33,1000,148.0,148000.0
2020-03-05,2020030501008307,CBL,51,17,500,148.0,74000.0
2020-03-05,2020030501008043,CBL,51,6,146,148.0,21608.0
2020-03-05,2020030501008461,CBL,40,33,1000,148.0,148000.0
2020-03-05,2020030501008460,CBL,45,33,100,148.0,14800.0
2020-03-05,2020030501008459,CBL,1,33,1000,148.0,148000.0
2020-03-05,2020030501008458,CBL,50,33,500,148.0,74000.0
2020-03-05,2020030501008457,CBL,41,33,300,148.0,44400.0
2020-03-05,2020030501008456,CBL,17,33,1000,148.0,148000.0
2020-03-05,2020030501008281,CCBL,49,35,103,185.0,19055.0
2020-03-05,2020030501008280,CCBL,1,35,200,185.0,37000.0
2020-03-05,2020030501008279,CCBL,58,35,1197,185.0,221445.0
2020-03-05,2020030501008148,CCBL,58,14,123,185.0,22755.0
2020-03-05,2020030501008136,CCBL,58,17,1680,185.0,310800.0
2020-03-05,2020030501008135,CCBL,29,17,300,186.0,55800.0
2020-03-05,2020030501008134,CCBL,14,17,20,186.0,3720.0
2020-03-05,2020030501008359,CHCL,13,59,200,410.0,82000.0
2020-03-05,2020030501008347,CHCL,46,49,200,410.0,82000.0
2020-03-05,2020030501008346,CHCL,14,49,84,410.0,34440.0
2020-03-05,2020030501008318,CHCL,14,48,100,410.0,41000.0
2020-03-05,2020030501008162,CHCL,14,57,79,410.0,32390.0
2020-03-05,2020030501008161,CHCL,13,57,421,411.0,173031.0
2020-03-05,2020030501008160,CHCL,13,14,79,411.0,32469.0
2020-03-05,2020030501008049,CHCL,14,39,40,410.0,16400.0
2020-03-05,2020030501008412,CIT,43,32,20,2690.0,53800.0
2020-03-05,2020030501008151,CIT,46,1,50,2690.0,134500.0
2020-03-05,2020030501008081,CIT,57,35,20,2670.0,53400.0
2020-03-05,2020030501008100,CMF1,21,42,1000,9.35,9350.0
2020-03-05,2020030501008524,CORBL,6,51,300,130.0,39000.0
2020-03-05,2020030501008523,CORBL,6,51,3910,130.0,508300.0
2020-03-05,2020030501008499,CZBIL,7,45,10,204.0,2040.0
2020-03-05,2020030501008288,CZBIL,7,33,10,204.0,2040.0
2020-03-05,2020030501008306,DDBL,49,34,310,850.0,263500.0
2020-03-05,2020030501008219,DDBL,49,35,500,850.0,425000.0
2020-03-05,2020030501008211,DDBL,49,21,190,850.0,161500.0
2020-03-05,2020030501008210,DDBL,17,21,10,852.0,8520.0
2020-03-05,2020030501008164,DDBL,17,35,490,852.0,417480.0
2020-03-05,2020030501008163,DDBL,16,35,10,855.0,8550.0
2020-03-05,2020030501008093,DHPL,28,42,10,51.0,510.0
2020-03-05,2020030501008294,EIC,28,59,20,406.0,8120.0
2020-03-05,2020030501008498,FMDBL,52,36,100,497.0,49700.0
2020-03-05,2020030501008331,FOWAD,41,35,100,1460.0,146000.0
2020-03-05,2020030501008502,GBIME,58,38,469,286.0,134134.0
2020-03-05,2020030501008501,GBIME,42,38,31,287.0,8897.0
2020-03-05,2020030501008450,GBIME,42,26,29,287.0,8323.0
2020-03-05,2020030501008305,GBIME,58,33,17,286.0,4862.0
2020-03-05,2020030501008197,GBIME,58,32,180,286.0,51480.0
2020-03-05,2020030501008196,GBIME,34,32,936,286.0,267696.0
2020-03-05,2020030501008195,GBIME,29,32,300,287.0,86100.0
2020-03-05,2020030501008187,GBIME,29,46,700,287.0,200900.0
2020-03-05,2020030501008186,GBIME,43,46,100,287.0,28700.0
2020-03-05,2020030501008185,GBIME,28,46,100,287.0,28700.0
2020-03-05,2020030501008184,GBIME,58,46,100,287.0,28700.0
2020-03-05,2020030501008472,GBLBS,41,6,15,483.0,7245.0
2020-03-05,2020030501008414,GBLBS,41,57,15,483.0,7245.0
2020-03-05,2020030501008407,GBLBS,38,22,100,485.0,48500.0
2020-03-05,2020030501008319,GBLBS,41,33,10,483.0,4830.0
2020-03-05,2020030501008238,GBLBS,17,22,100,485.0,48500.0
2020-03-05,2020030501008133,GBLBS,42,59,200,486.0,97200.0
2020-03-05,2020030501008271,GGBSL,58,56,10,742.0,7420.0
2020-03-05,2020030501008521,GLBSL,49,39,20,620.0,12400.0
2020-03-05,2020030501008520,GLBSL,38,39,61,620.0,37820.0
2020-03-05,2020030501008376,GLBSL,38,42,139,620.0,86180.0
2020-03-05,2020030501008375,GLBSL,32,42,50,621.0,31050.0
2020-03-05,2020030501008374,GLBSL,53,42,50,621.0,31050.0
2020-03-05,2020030501008298,GLBSL,53,52,50,621.0,31050.0
2020-03-05,2020030501008425,GLICL,49,51,300,490.0,147000.0
2020-03-05,2020030501008424,GLICL,49,57,100,490.0,49000.0
2020-03-05,2020030501008405,GLICL,22,57,400,490.0,196000.0
2020-03-05,2020030501008350,GLICL,25,38,100,490.0,49000.0
2020-03-05,2020030501008200,GLICL,55,45,110,489.0,53790.0
2020-03-05,2020030501008114,GLICL,34,40,200,486.0,97200.0
2020-03-05,2020030501008076,GLICL,26,36,44,488.0,21472.0
2020-03-05,2020030501008113,GLICL,4,40,50,486.0,24300.0
2020-03-05,2020030501008106,GLICL,33,40,50,488.0,24400.0
2020-03-05,2020030501008105,GLICL,33,40,60,488.0,29280.0
2020-03-05,2020030501008104,GLICL,1,40,108,488.0,52704.0
2020-03-05,2020030501008099,GLICL,1,42,17,488.0,8296.0
2020-03-05,2020030501008077,GLICL,42,36,100,488.0,48800.0
2020-03-05,2020030501008420,HBL,53,3,50,605.0,30250.0
2020-03-05,2020030501008213,HBL,44,16,200,604.0,120800.0
2020-03-05,2020030501008212,HBL,53,16,300,604.0,181200.0
2020-03-05,2020030501008511,HDL,53,1,30,1615.0,48450.0
2020-03-05,2020030501008510,HDL,14,1,20,1615.0,32300.0
2020-03-05,2020030501008496,HDL,47,48,200,1616.0,323200.0
2020-03-05,2020030501008495,HDL,4,48,50,1616.0,80800.0
2020-03-05,2020030501008482,HDL,4,5,50,1620.0,81000.0
2020-03-05,2020030501008481,HDL,4,5,50,1620.0,81000.0
2020-03-05,2020030501008156,HDL,28,13,10,1625.0,16250.0
2020-03-05,2020030501008155,HDL,45,13,10,1625.0,16250.0
2020-03-05,2020030501008154,HDL,3,13,10,1626.0,16260.0
2020-03-05,2020030501008067,HDL,53,42,30,1626.0,48780.0
2020-03-05,2020030501008047,HDL,13,42,20,1626.0,32520.0
2020-03-05,2020030501008480,HDL,4,5,50,1620.0,81000.0
2020-03-05,2020030501008479,HDL,44,5,150,1620.0,243000.0
2020-03-05,2020030501008478,HDL,21,5,100,1620.0,162000.0
2020-03-05,2020030501008477,HDL,8,5,370,1621.0,599770.0
2020-03-05,2020030501008476,HDL,52,5,50,1622.0,81100.0
2020-03-05,2020030501008445,HDL,39,48,200,1623.0,324600.0
2020-03-05,2020030501008505,HIDCL,54,56,1000,137.0,137000.0
2020-03-05,2020030501008490,HIDCL,59,56,1000,137.0,137000.0
2020-03-05,2020030501008489,HIDCL,1,56,200,137.0,27400.0
2020-03-05,2020030501008488,HIDCL,1,56,449,137.0,61513.0
2020-03-05,2020030501008313,HIDCL,1,42,51,137.0,6987.0
2020-03-05,2020030501008312,HIDCL,29,42,12,137.0,1644.0
2020-03-05,2020030501008170,HIDCL,29,14,31,137.0,4247.0
2020-03-05,2020030501008075,ICFC,34,19,200,186.0,37200.0
2020-03-05,2020030501008406,ILBS,36,37,10,735.0,7350.0
2020-03-05,2020030501008342,ILBS,36,42,10,735.0,7350.0
2020-03-05,2020030501008274,ILBS,35,52,10,738.0,7380.0
2020-03-05,2020030501008035,ILBS,35,35,30,738.0,22140.0
2020-03-05,2020030501008132,JBBL,40,47,1000,189.0,189000.0
2020-03-05,2020030501008090,JBBL,40,39,1000,189.0,189000.0
2020-03-05,2020030501008471,KBL,51,26,100,209.0,20900.0
2020-03-05,2020030501008468,KBL,51,26,500,209.0,104500.0
2020-03-05,2020030501008444,KBL,51,48,2500,209.0,522500.0
2020-03-05,2020030501008396,KBL,51,36,810,209.0,169290.0
2020-03-05,2020030501008221,KBL,21,51,100,210.0,21000.0
2020-03-05,2020030501008139,KBL,51,49,105,209.0,21945.0
2020-03-05,2020030501008125,KBL,51,49,170,209.0,35530.0
2020-03-05,2020030501008124,KBL,48,49,730,209.0,152570.0
2020-03-05,2020030501008441,KMCDB,11,47,10,875.0,8750.0
2020-03-05,2020030501008440,KMCDB,11,52,10,870.0,8700.0
2020-03-05,2020030501008145,KMCDB,16,45,10,866.0,8660.0
2020-03-05,2020030501008446,KPCL,11,1,10,106.0,1060.0
2020-03-05,2020030501008327,KPCL,11,33,10,106.0,1060.0
2020-03-05,2020030501008038,KPCL,11,33,10,106.0,1060.0
2020-03-05,2020030501008443,LBBL,17,43,215,193.0,41495.0
2020-03-05,2020030501008442,LBBL,45,43,300,193.0,57900.0
2020-03-05,2020030501008423,LBBL,45,41,200,193.0,38600.0
2020-03-05,2020030501008188,LGIL,29,56,50,490.0,24500.0
2020-03-05,2020030501008172,LICN,53,57,30,1470.0,44100.0
2020-03-05,2020030501008112,LICN,42,57,10,1470.0,14700.0
2020-03-05,2020030501008111,LICN,42,57,10,1470.0,14700.0
2020-03-05,2020030501008260,MBL,48,50,1200,248.0,297600.0
2020-03-05,2020030501008078,MBL,58,50,500,248.0,124000.0
2020-03-05,2020030501008071,MDB,58,42,799,450.0,359550.0
2020-03-05,2020030501008470,MEGA,39,53,125,228.0,28500.0
2020-03-05,2020030501008344,MEGA,52,35,100,230.0,23000.0
2020-03-05,2020030501008220,MEGA,39,14,126,228.0,28728.0
2020-03-05,2020030501008086,MEGA,26,14,1000,229.0,229000.0
2020-03-05,2020030501008085,MEGA,22,14,1800,229.0,412200.0
2020-03-05,2020030501008398,MERO,58,42,42,624.0,26208.0
2020-03-05,2020030501008158,MERO,17,6,50,625.0,31250.0
2020-03-05,2020030501008157,MERO,56,6,50,626.0,31300.0
2020-03-05,2020030501008159,MERO,58,6,160,624.0,99840.0
2020-03-05,2020030501008438,MFIL,14,39,200,292.0,58400.0
2020-03-05,2020030501008332,MFIL,43,34,10,293.0,2930.0
2020-03-05,2020030501008262,MFIL,22,21,100,291.0,29100.0
2020-03-05,2020030501008261,MFIL,6,21,100,291.0,29100.0
2020-03-05,2020030501008042,MFIL,14,34,229,293.0,67097.0
2020-03-05,2020030501008041,MFIL,14,47,210,293.0,61530.0
2020-03-05,2020030501008040,MFIL,14,22,61,292.0,17812.0
2020-03-05,2020030501008469,MLBL,21,36,77,218.0,16786.0
2020-03-05,2020030501008369,MLBL,38,36,116,218.0,25288.0
2020-03-05,2020030501008368,MLBL,38,36,115,218.0,25070.0
2020-03-05,2020030501008367,MLBL,38,36,112,218.0,24416.0
2020-03-05,2020030501008360,MLBL,57,36,565,220.0,124300.0
2020-03-05,2020030501008320,MLBL,57,45,40,220.0,8800.0
2020-03-05,2020030501008270,MLBL,57,14,395,220.0,86900.0
2020-03-05,2020030501008366,MLBL,38,36,112,218.0,24416.0
2020-03-05,2020030501008365,MLBL,38,36,111,218.0,24198.0
2020-03-05,2020030501008364,MLBL,38,36,111,218.0,24198.0
2020-03-05,2020030501008363,MLBL,38,36,111,218.0,24198.0
2020-03-05,2020030501008362,MLBL,38,36,110,218.0,23980.0
2020-03-05,2020030501008361,MLBL,22,36,200,219.0,43800.0
2020-03-05,2020030501008508,MNBBL,53,32,17,333.0,5661.0
2020-03-05,2020030501008439,MNBBL,45,57,52,333.0,17316.0
2020-03-05,2020030501008107,MNBBL,13,56,1000,334.0,334000.0
2020-03-05,2020030501008036,MNBBL,3,45,100,338.0,33800.0
2020-03-05,2020030501008296,MSMBS,50,51,100,754.0,75400.0
2020-03-05,2020030501008295,MSMBS,50,48,100,754.0,75400.0
2020-03-05,2020030501008372,NABIL,45,49,200,831.0,166200.0
2020-03-05,2020030501008265,NABIL,49,1,500,832.0,416000.0
2020-03-05,2020030501008264,NABIL,45,1,11,832.0,9152.0
2020-03-05,2020030501008263,NABIL,17,1,200,833.0,166600.0
2020-03-05,2020030501008259,NABIL,17,26,50,833.0,41650.0
2020-03-05,2020030501008216,NABIL,17,49,250,833.0,208250.0
2020-03-05,2020030501008147,NABIL,58,1,30,839.0,25170.0
2020-03-05,2020030501008143,NABIL,45,39,39,832.0,32448.0
2020-03-05,2020030501008083,NABIL,8,42,100,833.0,83300.0
2020-03-05,2020030501008449,NADEP,53,57,23,664.0,15272.0
2020-03-05,2020030501008352,NADEP,53,33,11,664.0,7304.0
2020-03-05,2020030501008096,NADEP,58,11,23,663.0,15249.0
2020-03-05,2020030501008522,NBB,17,7,10,226.0,2260.0
2020-03-05,2020030501008283,NBB,1,49,100,225.0,22500.0
2020-03-05,2020030501008282,NBB,38,49,100,225.0,22500.0
2020-03-05,2020030501008058,NBB,38,29,500,226.0,113000.0
2020-03-05,2020030501008057,NBB,38,6,10,226.0,2260.0
2020-03-05,2020030501008056,NBB,38,7,1000,226.0,226000.0
2020-03-05,2020030501008055,NBB,38,49,800,226.0,180800.0
2020-03-05,2020030501008512,NBL,22,21,70,285.0,19950.0
2020-03-05,2020030501008393,NBL,22,45,100,285.0,28500.0
2020-03-05,2020030501008392,NBL,22,22,200,285.0,57000.0
2020-03-05,2020030501008351,NBL,22,36,1050,285.0,299250.0
2020-03-05,2020030501008215,NBL,22,46,250,285.0,71250.0
2020-03-05,2020030501008214,NBL,6,46,250,285.0,71250.0
2020-03-05,2020030501008208,NBL,6,35,250,285.0,71250.0
2020-03-05,2020030501008207,NBL,35,35,50,285.0,14250.0
2020-03-05,2020030501008206,NBL,26,35,500,285.0,142500.0
2020-03-05,2020030501008205,NBL,45,35,200,285.0,57000.0
2020-03-05,2020030501008201,NBL,3,16,10,286.0,2860.0
2020-03-05,2020030501008399,NCCB,44,48,1000,200.0,200000.0
2020-03-05,2020030501008390,NCCB,44,36,725,200.0,145000.0
2020-03-05,2020030501008389,NCCB,17,36,225,200.0,45000.0
2020-03-05,2020030501008317,NCCB,17,46,775,200.0,155000.0
2020-03-05,2020030501008316,NCCB,45,46,200,200.0,40000.0
2020-03-05,2020030501008315,NCCB,19,46,500,200.0,100000.0
2020-03-05,2020030501008314,NCCB,34,46,25,200.0,5000.0
2020-03-05,2020030501008063,NCCB,59,50,50,201.0,10050.0
2020-03-05,2020030501008486,NGPL,33,42,11,115.0,1265.0
2020-03-05,2020030501008333,NHDL,33,39,10,162.0,1620.0
2020-03-05,2020030501008269,NIB,47,35,100,419.0,41900.0
2020-03-05,2020030501008129,NIB,5,42,53,418.0,22154.0
2020-03-05,2020030501008128,NIB,11,42,24,418.0,10032.0
2020-03-05,2020030501008127,NIB,37,42,23,420.0,9660.0
2020-03-05,2020030501008103,NIB,37,52,45,420.0,18900.0
2020-03-05,2020030501008102,NIB,37,14,382,419.0,160058.0
2020-03-05,2020030501008060,NIB,33,14,10,419.0,4190.0
2020-03-05,2020030501008302,NICA,22,35,27,574.0,15498.0
2020-03-05,2020030501008301,NICA,53,35,50,574.0,28700.0
2020-03-05,2020030501008300,NICA,58,35,100,574.0,57400.0
2020-03-05,2020030501008299,NICA,34,35,262,574.0,150388.0
2020-03-05,2020030501008258,NICA,34,39,100,574.0,57400.0
2020-03-05,2020030501008251,NICA,34,46,15,574.0,8610.0
2020-03-05,2020030501008070,NICA,34,8,50,574.0,28700.0
2020-03-05,2020030501008069,NICA,39,8,50,574.0,28700.0
2020-03-05,2020030501008045,NICA,34,32,15,574.0,8610.0
2020-03-05,2020030501008044,NICA,34,42,32,574.0,18368.0
2020-03-05,2020030501008202,NICA,34,44,165,574.0,94710.0
2020-03-05,2020030501008192,NICA,34,41,241,574.0,138334.0
2020-03-05,2020030501008183,NICA,22,28,173,575.0,99475.0
2020-03-05,2020030501008152,NICA,34,39,50,574.0,28700.0
2020-03-05,2020030501008097,NICA,34,46,70,574.0,40180.0
2020-03-05,2020030501008094,NICA,34,50,1000,574.0,574000.0
2020-03-05,2020030501008436,NICL,25,41,22,457.0,10054.0
2020-03-05,2020030501008435,NICL,57,41,10,457.0,4570.0
2020-03-05,2020030501008434,NICL,33,41,68,457.0,31076.0
2020-03-05,2020030501008400,NICL,33,6,39,457.0,17823.0
2020-03-05,2020030501008048,NLBBL,1,41,115,740.0,85100.0
2020-03-05,2020030501008432,NLG,34,53,21,645.0,13545.0
2020-03-05,2020030501008431,NLG,34,14,20,644.0,12880.0
2020-03-05,2020030501008422,NLIC,39,50,50,1246.0,62300.0
2020-03-05,2020030501008421,NLIC,53,44,17,1241.0,21097.0
2020-03-05,2020030501008385,NLIC,52,50,112,1246.0,139552.0
2020-03-05,2020030501008384,NLIC,52,57,150,1245.0,186750.0
2020-03-05,2020030501008383,NLIC,52,51,20,1245.0,24900.0
2020-03-05,2020030501008382,NLIC,52,33,50,1245.0,62250.0
2020-03-05,2020030501008117,NLIC,29,46,50,1241.0,62050.0
2020-03-05,2020030501008116,NLIC,47,46,100,1241.0,124100.0
2020-03-05,2020030501008115,NLIC,26,46,40,1241.0,49640.0
2020-03-05,2020030501008088,NLIC,17,16,20,1241.0,24820.0
2020-03-05,2020030501008061,NLIC,35,11,30,1244.0,37320.0
2020-03-05,2020030501008250,NLIC,58,11,21,1244.0,26124.0
2020-03-05,2020030501008194,NLIC,53,45,22,1241.0,27302.0
2020-03-05,2020030501008141,NLIC,53,16,22,1241.0,27302.0
2020-03-05,2020030501008120,NLIC,58,46,1212,1240.0,1502880.0
2020-03-05,2020030501008119,NLIC,44,46,100,1240.0,124000.0
2020-03-05,2020030501008118,NLIC,58,46,320,1240.0,396800.0
2020-03-05,2020030501008381,NLIC,52,36,100,1245.0,124500.0
2020-03-05,2020030501008380,NLIC,52,39,172,1245.0,214140.0
2020-03-05,2020030501008379,NLIC,52,10,22,1244.0,27368.0
2020-03-05,2020030501008378,NLIC,52,25,125,1244.0,155500.0
2020-03-05,2020030501008377,NLIC,52,11,249,1244.0,309756.0
2020-03-05,2020030501008287,NLIC,53,14,22,1241.0,27302.0
2020-03-05,2020030501008475,NMB,37,56,20,459.0,9180.0
2020-03-05,2020030501008433,NMB,37,26,500,459.0,229500.0
2020-03-05,2020030501008357,NMB,37,56,50,459.0,22950.0
2020-03-05,2020030501008354,NMB,37,52,100,459.0,45900.0
2020-03-05,2020030501008256,NMB,34,33,50,460.0,23000.0
2020-03-05,2020030501008255,NMB,4,33,5000,460.0,2300000.0
2020-03-05,2020030501008039,NMB,1,16,129,462.0,59598.0
2020-03-05,2020030501008254,NMB,34,33,3371,460.0,1550660.0
2020-03-05,2020030501008253,NMB,44,33,131,460.0,60260.0
2020-03-05,2020030501008222,NMB,52,58,100,461.0,46100.0
2020-03-05,2020030501008198,NMB,57,58,700,461.0,322700.0
2020-03-05,2020030501008191,NMB,57,34,300,461.0,138300.0
2020-03-05,2020030501008190,NMB,57,34,200,461.0,92200.0
2020-03-05,2020030501008089,NMFBS,38,56,100,1620.0,162000.0
2020-03-05,2020030501008437,NSEWA,45,37,10,664.0,6640.0
2020-03-05,2020030501008519,NUBL,32,22,25,985.0,24625.0
2020-03-05,2020030501008518,NUBL,38,22,400,985.0,394000.0
2020-03-05,2020030501008517,NUBL,38,22,500,985.0,492500.0
2020-03-05,2020030501008516,NUBL,42,22,65,990.0,64350.0
2020-03-05,2020030501008515,NUBL,14,22,10,991.0,9910.0
2020-03-05,2020030501008494,NUBL,14,41,20,991.0,19820.0
2020-03-05,2020030501008413,OHL,57,16,50,442.0,22100.0
2020-03-05,2020030501008525,PCBL,45,35,91,299.0,27209.0
2020-03-05,2020030501008428,PCBL,45,49,500,299.0,149500.0
2020-03-05,2020030501008402,PCBL,39,5,107,300.0,32100.0
2020-03-05,2020030501008401,PCBL,39,11,43,299.0,12857.0
2020-03-05,2020030501008391,PCBL,49,53,100,298.0,29800.0
2020-03-05,2020030501008345,PCBL,49,39,1530,298.0,455940.0
2020-03-05,2020030501008330,PCBL,49,55,342,298.0,101916.0
2020-03-05,2020030501008329,PCBL,50,55,58,299.0,17342.0
2020-03-05,2020030501008080,PCBL,50,21,42,299.0,12558.0
2020-03-05,2020030501008079,PCBL,58,21,958,299.0,286442.0
2020-03-05,2020030501008037,PCBL,58,14,42,299.0,12558.0
2020-03-05,2020030501008138,PFL,45,40,523,162.0,84726.0
2020-03-05,2020030501008137,PFL,45,40,784,163.0,127792.0
2020-03-05,2020030501008303,PIC,39,33,261,602.0,157122.0
2020-03-05,2020030501008153,PIC,44,45,20,601.0,12020.0
2020-03-05,2020030501008098,PIC,44,45,20,601.0,12020.0
2020-03-05,2020030501008084,PIC,44,45,20,601.0,12020.0
2020-03-05,2020030501008073,PIC,44,33,20,601.0,12020.0
2020-03-05,2020030501008526,PLIC,7,56,440,590.0,259600.0
2020-03-05,2020030501008310,PLIC,59,56,50,590.0,29500.0
2020-03-05,2020030501008309,PLIC,50,56,10,591.0,5910.0
2020-03-05,2020030501008289,PLIC,26,50,100,592.0,59200.0
2020-03-05,2020030501008491,PMHPL,6,1,10,83.0,830.0
2020-03-05,2020030501008140,PMHPL,6,11,10,83.0,830.0
2020-03-05,2020030501008474,PPCL,49,37,10,117.0,1170.0
2020-03-05,2020030501008237,PRIN,57,48,20,440.0,8800.0
2020-03-05,2020030501008236,PRIN,44,48,200,440.0,88000.0
2020-03-05,2020030501008235,PRIN,46,48,1000,440.0,440000.0
2020-03-05,2020030501008234,PRIN,17,48,37,440.0,16280.0
2020-03-05,2020030501008233,PRIN,22,48,400,441.0,176400.0
2020-03-05,2020030501008493,PRVU,39,58,100,255.0,25500.0
2020-03-05,2020030501008448,PRVU,34,58,943,255.0,240465.0
2020-03-05,2020030501008447,PRVU,34,56,57,255.0,14535.0
2020-03-05,2020030501008415,PRVU,38,48,500,254.0,127000.0
2020-03-05,2020030501008397,PRVU,17,56,50,255.0,12750.0
2020-03-05,2020030501008336,PRVU,42,44,2000,254.0,508000.0
2020-03-05,2020030501008335,PRVU,52,44,200,254.0,50800.0
2020-03-05,2020030501008334,PRVU,34,44,648,254.0,164592.0
2020-03-05,2020030501008110,PRVU,45,56,21,255.0,5355.0
2020-03-05,2020030501008033,PRVU,45,33,79,255.0,20145.0
2020-03-05,2020030501008032,PRVU,19,33,100,255.0,25500.0
2020-03-05,2020030501008373,PRVU,58,44,490,254.0,124460.0
2020-03-05,2020030501008341,PRVU,7,44,500,254.0,127000.0
2020-03-05,2020030501008340,PRVU,43,44,212,254.0,53848.0
2020-03-05,2020030501008339,PRVU,58,44,1500,254.0,381000.0
2020-03-05,2020030501008338,PRVU,58,44,5000,254.0,1270000.0
2020-03-05,2020030501008337,PRVU,47,44,450,254.0,114300.0
2020-03-05,2020030501008503,RADHI,38,37,12,167.0,2004.0
2020-03-05,2020030501008500,RADHI,38,45,12,167.0,2004.0
2020-03-05,2020030501008358,RADHI,38,33,11,167.0,1837.0
2020-03-05,2020030501008173,RADHI,38,11,12,167.0,2004.0
2020-03-05,2020030501008074,RADHI,38,36,1000,167.0,167000.0
2020-03-05,2020030501008199,RBCLPO,51,59,20,8637.0,172740.0
2020-03-05,2020030501008497,RHPL,6,57,50,160.0,8000.0
2020-03-05,2020030501008386,RHPL,6,33,30,160.0,4800.0
2020-03-05,2020030501008308,RHPL,6,11,40,160.0,6400.0
2020-03-05,2020030501008095,RHPL,6,33,30,160.0,4800.0
2020-03-05,2020030501008046,RHPL,6,14,10,160.0,1600.0
2020-03-05,2020030501008231,RMDC,38,41,500,700.0,350000.0
2020-03-05,2020030501008230,RMDC,38,48,200,700.0,140000.0
2020-03-05,2020030501008229,RMDC,38,34,100,700.0,70000.0
2020-03-05,2020030501008228,RMDC,38,7,15,700.0,10500.0
2020-03-05,2020030501008227,RMDC,38,13,157,700.0,109900.0
2020-03-05,2020030501008226,RMDC,38,44,200,700.0,140000.0
2020-03-05,2020030501008179,RMDC,38,13,55,695.0,38225.0
2020-03-05,2020030501008178,RMDC,38,29,20,695.0,13900.0
2020-03-05,2020030501008177,RMDC,38,57,138,695.0,95910.0
2020-03-05,2020030501008176,RMDC,38,22,95,694.0,65930.0
2020-03-05,2020030501008175,RMDC,38,6,41,693.0,28413.0
2020-03-05,2020030501008066,RMDC,53,6,100,693.0,69300.0
2020-03-05,2020030501008225,RMDC,38,49,100,700.0,70000.0
2020-03-05,2020030501008224,RMDC,38,57,50,699.0,34950.0
2020-03-05,2020030501008223,RMDC,38,55,100,699.0,69900.0
2020-03-05,2020030501008182,RMDC,38,32,200,698.0,139600.0
2020-03-05,2020030501008181,RMDC,38,59,103,698.0,71894.0
2020-03-05,2020030501008180,RMDC,38,6,500,696.0,348000.0
2020-03-05,2020030501008204,RSDC,46,7,238,494.0,117572.0
2020-03-05,2020030501008409,SABSL,44,33,10,772.0,7720.0
2020-03-05,2020030501008278,SABSL,7,19,76,780.0,59280.0
2020-03-05,2020030501008277,SABSL,42,19,29,780.0,22620.0
2020-03-05,2020030501008232,SABSL,42,56,10,780.0,7800.0
2020-03-05,2020030501008193,SABSL,29,56,10,780.0,7800.0
2020-03-05,2020030501008492,SANIMA,34,6,191,365.0,69715.0
2020-03-05,2020030501008427,SANIMA,34,36,120,365.0,43800.0
2020-03-05,2020030501008411,SANIMA,1,50,50,366.0,18300.0
2020-03-05,2020030501008410,SANIMA,1,50,50,366.0,18300.0
2020-03-05,2020030501008371,SANIMA,34,46,260,365.0,94900.0
2020-03-05,2020030501008370,SANIMA,3,46,140,365.0,51100.0
2020-03-05,2020030501008217,SANIMA,35,50,55,366.0,20130.0
2020-03-05,2020030501008273,SAPDBL,37,45,77,143.0,11011.0
2020-03-05,2020030501008252,SAPDBL,37,22,60,142.0,8520.0
2020-03-05,2020030501008473,SBI,13,58,100,482.0,48200.0
2020-03-05,2020030501008430,SBI,13,33,12,482.0,5784.0
2020-03-05,2020030501008429,SBI,50,33,10,482.0,4820.0
2020-03-05,2020030501008451,SBL,33,33,89,326.0,29014.0
2020-03-05,2020030501008419,SBL,33,36,62,326.0,20212.0
2020-03-05,2020030501008418,SBL,13,36,58,326.0,18908.0
2020-03-05,2020030501008388,SBL,13,3,10,327.0,3270.0
2020-03-05,2020030501008387,SBL,13,45,200,327.0,65400.0
2020-03-05,2020030501008054,SBL,13,42,60,326.0,19560.0
2020-03-05,2020030501008487,SCB,49,33,20,691.0,13820.0
2020-03-05,2020030501008293,SCB,25,17,32,700.0,22400.0
2020-03-05,2020030501008292,SCB,25,35,58,699.0,40542.0
2020-03-05,2020030501008291,SCB,25,40,10,699.0,6990.0
2020-03-05,2020030501008149,SCB,21,1,100,697.0,69700.0
2020-03-05,2020030501008244,SCB,52,40,10,699.0,6990.0
2020-03-05,2020030501008243,SCB,52,40,20,699.0,13980.0
2020-03-05,2020030501008242,SCB,52,40,20,699.0,13980.0
2020-03-05,2020030501008241,SCB,52,47,10,699.0,6990.0
2020-03-05,2020030501008240,SCB,52,53,90,698.0,62820.0
2020-03-05,2020030501008239,SCB,52,6,50,698.0,34900.0
2020-03-05,2020030501008484,SDESI,33,57,17,902.0,15334.0
2020-03-05,2020030501008483,SDESI,58,57,10,905.0,9050.0
2020-03-05,2020030501008218,SDESI,36,5,100,920.0,92000.0
2020-03-05,2020030501008146,SDESI,36,34,280,910.0,254800.0
2020-03-05,2020030501008109,SDESI,36,55,20,910.0,18200.0
2020-03-05,2020030501008108,SDESI,57,55,80,910.0,72800.0
2020-03-05,2020030501008353,SHINE,34,39,100,300.0,30000.0
2020-03-05,2020030501008189,SHINE,21,39,100,300.0,30000.0
2020-03-05,2020030501008068,SHINE,26,47,51,299.0,15249.0
2020-03-05,2020030501008272,SHIVM,14,46,35,598.0,20930.0
2020-03-05,2020030501008267,SHIVM,14,52,70,598.0,41860.0
2020-03-05,2020030501008064,SHIVM,14,4,50,598.0,29900.0
2020-03-05,2020030501008275,SHPC,38,3,1000,221.0,221000.0
2020-03-05,2020030501008504,SICL,54,33,59,980.0,57820.0
2020-03-05,2020030501008142,SICL,5,49,10,990.0,9900.0
2020-03-05,2020030501008356,SICL,54,41,149,980.0,146020.0
2020-03-05,2020030501008266,SICL,4,10,1000,985.0,985000.0
2020-03-05,2020030501008343,SJCL,6,11,20,153.0,3060.0
2020-03-05,2020030501008101,SJCL,6,33,20,153.0,3060.0
2020-03-05,2020030501008062,SJCL,58,45,20,154.0,3080.0
2020-03-05,2020030501008059,SJCL,6,14,10,153.0,1530.0
2020-03-05,2020030501008169,SKBBL,55,38,200,1107.0,221400.0
2020-03-05,2020030501008168,SKBBL,53,38,100,1108.0,110800.0
2020-03-05,2020030501008167,SKBBL,7,38,100,1109.0,110900.0
2020-03-05,2020030501008166,SKBBL,34,38,100,1111.0,111100.0
2020-03-05,2020030501008395,SLBBL,53,49,100,865.0,86500.0
2020-03-05,2020030501008527,SLBSL,53,33,10,820.0,8200.0
2020-03-05,2020030501008485,SLBSL,53,19,90,820.0,73800.0
2020-03-05,2020030501008426,SLICL,45,32,30,463.0,13890.0
2020-03-05,2020030501008326,SLICL,45,6,1000,466.0,466000.0
2020-03-05,2020030501008325,SLICL,43,6,500,466.0,233000.0
2020-03-05,2020030501008324,SLICL,44,6,500,467.0,233500.0
2020-03-05,2020030501008311,SLICL,51,39,804,470.0,377880.0
2020-03-05,2020030501008284,SLICL,51,10,96,470.0,45120.0
2020-03-05,2020030501008130,SLICL,13,21,300,471.0,141300.0
2020-03-05,2020030501008209,SLICL,51,19,100,470.0,47000.0
2020-03-05,2020030501008174,SLICL,42,25,60,471.0,28260.0
2020-03-05,2020030501008171,SLICL,42,58,50,471.0,23550.0
2020-03-05,2020030501008165,SLICL,42,53,90,471.0,42390.0
2020-03-05,2020030501008150,SLICL,42,42,200,471.0,94200.0
2020-03-05,2020030501008131,SLICL,42,21,100,471.0,47100.0
2020-03-05,2020030501008531,SMATA,34,53,20,695.0,13900.0
2020-03-05,2020030501008530,SMATA,34,53,50,696.0,34800.0
2020-03-05,2020030501008529,SMATA,25,53,30,696.0,20880.0
2020-03-05,2020030501008528,SMATA,46,53,50,697.0,34850.0
2020-03-05,2020030501008144,SMFBS,34,6,330,970.0,320100.0
2020-03-05,2020030501008507,SPARS,42,22,50,781.0,39050.0
2020-03-05,2020030501008506,SPARS,4,22,10,782.0,7820.0
2020-03-05,2020030501008034,SPARS,4,55,10,782.0,7820.0
2020-03-05,2020030501008509,SPDL,41,45,30,100.0,3000.0
2020-03-05,2020030501008290,SRBL,1,21,200,261.0,52200.0
2020-03-05,2020030501008268,SRBL,1,46,50,261.0,13050.0
2020-03-05,2020030501008417,TMDBL,51,57,10,197.0,1970.0
2020-03-05,2020030501008328,UIC,42,56,98,375.0,36750.0
2020-03-05,2020030501008126,UPPER,33,33,50,237.0,11850.0
2020-03-05,2020030501008297,WOMI,49,58,100,1000.0,100000.0
2020-03-05,2020030501007967,ADBL,38,49,258,412.0,106296.0
2020-03-05,2020030501007966,ADBL,38,51,182,411.0,74802.0
2020-03-05,2020030501007965,ADBL,38,19,60,410.0,24600.0
2020-03-05,2020030501008010,AKJCL,58,6,10,53.0,530.0
2020-03-05,2020030501007866,AKJCL,59,45,10,52.0,520.0
2020-03-05,2020030501007804,AKJCL,59,11,10,52.0,520.0
2020-03-05,2020030501007732,AKPL,51,22,84,126.0,10584.0
2020-03-05,2020030501007731,AKPL,52,22,17,126.0,2142.0
2020-03-05,2020030501007604,AKPL,52,45,100,126.0,12600.0
2020-03-05,2020030501007603,AKPL,10,45,400,126.0,50400.0
2020-03-05,2020030501007558,AKPL,52,33,20,126.0,2520.0
2020-03-05,2020030501007829,ALBSL,55,58,60,690.0,41400.0
2020-03-05,2020030501007695,ALBSL,55,22,40,690.0,27600.0
2020-03-05,2020030501007992,ALICL,57,47,66,585.0,38610.0
2020-03-05,2020030501007990,ALICL,57,41,320,585.0,187200.0
2020-03-05,2020030501007931,ALICL,57,35,100,596.0,59600.0
2020-03-05,2020030501007834,ALICL,45,35,400,596.0,238400.0
2020-03-05,2020030501007833,ALICL,45,49,100,596.0,59600.0
2020-03-05,2020030501007694,ALICL,57,14,562,595.0,334390.0
2020-03-05,2020030501007663,ALICL,57,52,42,590.0,24780.0
2020-03-05,2020030501007662,ALICL,57,49,74,590.0,43660.0
2020-03-05,2020030501007600,ALICL,57,49,26,590.0,15340.0
2020-03-05,2020030501007599,ALICL,57,46,874,589.0,514786.0
2020-03-05,2020030501007598,ALICL,57,21,100,585.0,58500.0
2020-03-05,2020030501007869,API,36,39,1000,131.0,131000.0
2020-03-05,2020030501007832,API,37,39,40,131.0,5240.0
2020-03-05,2020030501007775,API,21,16,1000,131.0,131000.0
2020-03-05,2020030501007587,BFC,45,45,50,110.0,5500.0
2020-03-05,2020030501007549,BFC,45,45,50,108.0,5400.0
2020-03-05,2020030501008002,BOKL,53,50,50,248.0,12400.0
2020-03-05,2020030501007968,BOKL,25,50,364,249.0,90636.0
2020-03-05,2020030501007928,BOKL,38,50,100,249.0,24900.0
2020-03-05,2020030501007927,BOKL,38,1,100,248.0,24800.0
2020-03-05,2020030501007923,BPCL,53,26,11,361.0,3971.0
2020-03-05,2020030501008004,CBBL,58,41,118,1030.0,121540.0
2020-03-05,2020030501007995,CBBL,58,50,100,1030.0,103000.0
2020-03-05,2020030501007559,CBBL,38,35,40,1040.0,41600.0
2020-03-05,2020030501007554,CBBL,34,35,12,1040.0,12480.0
2020-03-05,2020030501007664,CBBL,58,35,207,1040.0,215280.0
2020-03-05,2020030501007762,CBL,51,22,201,148.0,29748.0
2020-03-05,2020030501007585,CBL,51,38,273,148.0,40404.0
2020-03-05,2020030501007794,CCBL,14,35,980,186.0,182280.0
2020-03-05,2020030501007793,CCBL,11,35,20,186.0,3720.0
2020-03-05,2020030501007742,CCBL,57,49,10,187.0,1870.0
2020-03-05,2020030501007586,CCBL,49,35,14,186.0,2604.0
2020-03-05,2020030501007979,CHCL,10,35,70,412.0,28840.0
2020-03-05,2020030501007856,CHCL,14,51,177,410.0,72570.0
2020-03-05,2020030501007855,CHCL,14,6,20,410.0,8200.0
2020-03-05,2020030501007630,CHCL,56,35,160,410.0,65600.0
2020-03-05,2020030501007629,CHCL,17,35,500,410.0,205000.0
2020-03-05,2020030501007628,CHCL,47,35,64,410.0,26240.0
2020-03-05,2020030501007983,CIT,38,7,200,2670.0,534000.0
2020-03-05,2020030501007982,CIT,48,7,100,2670.0,267000.0
2020-03-05,2020030501007900,CIT,54,35,50,2680.0,134000.0
2020-03-05,2020030501007868,CIT,21,17,100,2680.0,268000.0
2020-03-05,2020030501007867,CIT,11,17,100,2682.0,268200.0
2020-03-05,2020030501007744,CMF1,43,58,1000,9.47,9470.0
2020-03-05,2020030501008006,CZBIL,34,33,10,203.0,2030.0
2020-03-05,2020030501008005,CZBIL,1,16,500,204.0,102000.0
2020-03-05,2020030501007890,CZBIL,17,21,500,204.0,102000.0
2020-03-05,2020030501007889,CZBIL,45,21,100,204.0,20400.0
2020-03-05,2020030501007853,CZBIL,36,35,457,205.0,93685.0
2020-03-05,2020030501007852,CZBIL,36,29,103,205.0,21115.0
2020-03-05,2020030501007536,CZBIL,32,45,500,203.0,101500.0
2020-03-05,2020030501007535,CZBIL,49,45,500,203.0,101500.0
2020-03-05,2020030501007534,CZBIL,13,45,2000,203.0,406000.0
2020-03-05,2020030501007533,CZBIL,34,45,100,203.0,20300.0
2020-03-05,2020030501007532,CZBIL,42,45,100,203.0,20300.0
2020-03-05,2020030501007713,CZBIL,57,45,100,204.0,20400.0
2020-03-05,2020030501007541,CZBIL,49,45,190,202.0,38380.0
2020-03-05,2020030501007540,CZBIL,29,45,1000,202.0,202000.0
2020-03-05,2020030501007539,CZBIL,38,45,200,202.0,40400.0
2020-03-05,2020030501007538,CZBIL,1,45,500,202.0,101000.0
2020-03-05,2020030501007537,CZBIL,49,45,1000,202.0,202000.0
2020-03-05,2020030501007814,DDBL,5,13,10,868.0,8680.0
2020-03-05,2020030501007716,DDBL,5,51,10,867.0,8670.0
2020-03-05,2020030501007700,DDBL,13,56,100,865.0,86500.0
2020-03-05,2020030501007699,DDBL,13,51,10,865.0,8650.0
2020-03-05,2020030501007698,DDBL,13,25,100,864.0,86400.0
2020-03-05,2020030501007896,EBL,34,13,100,754.0,75400.0
2020-03-05,2020030501007895,EBL,34,42,100,754.0,75400.0
2020-03-05,2020030501007894,EBL,34,42,35,754.0,26390.0
2020-03-05,2020030501007893,EBL,34,41,21,753.0,15813.0
2020-03-05,2020030501007801,EBL,57,41,10,753.0,7530.0
2020-03-05,2020030501007870,EIC,28,56,220,406.0,89320.0
2020-03-05,2020030501007796,EIC,58,39,149,407.0,60643.0
2020-03-05,2020030501007578,EIC,21,39,153,407.0,62271.0
2020-03-05,2020030501007565,EIC,28,17,250,406.0,101500.0
2020-03-05,2020030501007721,FOWAD,42,18,14,1485.0,20790.0
2020-03-05,2020030501007661,FOWAD,4,22,200,1480.0,296000.0
2020-03-05,2020030501007583,FOWAD,49,32,100,1460.0,146000.0
2020-03-05,2020030501007582,FOWAD,49,34,50,1459.0,72950.0
2020-03-05,2020030501007581,FOWAD,49,14,100,1459.0,145900.0
2020-03-05,2020030501007580,FOWAD,49,6,27,1458.0,39366.0
2020-03-05,2020030501008025,GBBL,42,4,182,245.0,44590.0
2020-03-05,2020030501008024,GBBL,42,17,2500,245.0,612500.0
2020-03-05,2020030501007875,GBBL,37,14,500,244.0,122000.0
2020-03-05,2020030501007874,GBBL,37,45,400,243.0,97200.0
2020-03-05,2020030501007767,GBBL,58,35,439,242.0,106238.0
2020-03-05,2020030501007766,GBBL,52,35,200,242.0,48400.0
2020-03-05,2020030501007765,GBBL,58,35,70,242.0,16940.0
2020-03-05,2020030501007684,GBBL,58,48,297,243.0,72171.0
2020-03-05,2020030501007683,GBBL,58,13,203,243.0,49329.0
2020-03-05,2020030501007850,GBIME,42,35,169,288.0,48672.0
2020-03-05,2020030501007849,GBIME,42,54,31,288.0,8928.0
2020-03-05,2020030501007823,GBIME,25,54,149,288.0,42912.0
2020-03-05,2020030501007822,GBIME,25,1,210,288.0,60480.0
2020-03-05,2020030501007821,GBIME,25,14,100,288.0,28800.0
2020-03-05,2020030501007751,GBIME,34,43,1332,286.0,380952.0
2020-03-05,2020030501007675,GBIME,17,26,303,287.0,86961.0
2020-03-05,2020030501007653,GBIME,17,51,846,287.0,242802.0
2020-03-05,2020030501007622,GBIME,17,32,200,287.0,57400.0
2020-03-05,2020030501007557,GBIME,17,34,58,287.0,16646.0
2020-03-05,2020030501007556,GBIME,13,34,200,288.0,57600.0
2020-03-05,2020030501007555,GBIME,42,34,142,288.0,40896.0
2020-03-05,2020030501007750,GBIME,45,43,568,287.0,163016.0
2020-03-05,2020030501007701,GBIME,59,32,500,288.0,144000.0
2020-03-05,2020030501007692,GBIME,45,11,432,287.0,123984.0
2020-03-05,2020030501007691,GBIME,34,11,68,287.0,19516.0
2020-03-05,2020030501007690,GBIME,34,26,32,287.0,9184.0
2020-03-05,2020030501007689,GBIME,17,26,419,287.0,120253.0
2020-03-05,2020030501007971,GBLBS,11,38,15,488.0,7320.0
2020-03-05,2020030501007851,GBLBS,11,11,15,488.0,7320.0
2020-03-05,2020030501007847,GBLBS,11,50,65,488.0,31720.0
2020-03-05,2020030501007846,GBLBS,51,50,35,488.0,17080.0
2020-03-05,2020030501007805,GBLBS,51,38,15,488.0,7320.0
2020-03-05,2020030501007682,GBLBS,51,38,15,488.0,7320.0
2020-03-05,2020030501007679,GBLBS,29,28,100,490.0,49000.0
2020-03-05,2020030501007571,GBLBS,51,38,15,488.0,7320.0
2020-03-05,2020030501007552,GBLBS,41,28,55,490.0,26950.0
2020-03-05,2020030501007714,GGBSL,45,38,10,740.0,7400.0
2020-03-05,2020030501007865,GLBSL,43,39,50,617.0,30850.0
2020-03-05,2020030501007864,GLBSL,39,39,11,617.0,6787.0
2020-03-05,2020030501007843,GLBSL,40,39,200,621.0,124200.0
2020-03-05,2020030501007842,GLBSL,45,39,10,621.0,6210.0
2020-03-05,2020030501007715,GLBSL,58,42,200,629.0,125800.0
2020-03-05,2020030501007704,GLBSL,32,42,100,629.0,62900.0
2020-03-05,2020030501007998,GLICL,52,35,1000,489.0,489000.0
2020-03-05,2020030501007972,GLICL,56,33,100,489.0,48900.0
2020-03-05,2020030501007936,GLICL,36,35,100,489.0,48900.0
2020-03-05,2020030501007932,GLICL,46,32,50,489.0,24450.0
2020-03-05,2020030501007826,GLICL,46,41,45,489.0,22005.0
2020-03-05,2020030501007803,GLICL,36,41,30,489.0,14670.0
2020-03-05,2020030501007623,GLICL,45,56,90,489.0,44010.0
2020-03-05,2020030501007802,GLICL,36,34,170,489.0,83130.0
2020-03-05,2020030501007734,GLICL,45,34,30,489.0,14670.0
2020-03-05,2020030501007733,GLICL,45,59,70,489.0,34230.0
2020-03-05,2020030501007707,GLICL,53,59,30,489.0,14670.0
2020-03-05,2020030501007706,GLICL,53,8,60,489.0,29340.0
2020-03-05,2020030501007705,GLICL,53,56,10,489.0,4890.0
2020-03-05,2020030501007755,GMFBS,14,38,10,770.0,7700.0
2020-03-05,2020030501007729,GMFBS,36,42,110,769.0,84590.0
2020-03-05,2020030501007728,GMFBS,45,42,100,769.0,76900.0
2020-03-05,2020030501007727,GMFBS,43,42,10,770.0,7700.0
2020-03-05,2020030501007726,GMFBS,43,56,10,770.0,7700.0
2020-03-05,2020030501007702,GMFBS,43,56,10,770.0,7700.0
2020-03-05,2020030501007685,GMFBS,43,56,10,770.0,7700.0
2020-03-05,2020030501007612,GMFBS,43,56,10,770.0,7700.0
2020-03-05,2020030501007863,GRDBL,40,39,50,121.0,6050.0
2020-03-05,2020030501007994,HBL,44,25,82,603.0,49446.0
2020-03-05,2020030501007943,HDL,39,48,200,1631.0,326200.0
2020-03-05,2020030501007899,HDL,3,26,15,1632.0,24480.0
2020-03-05,2020030501007813,HDL,48,48,100,1640.0,164000.0
2020-03-05,2020030501007678,HDL,39,29,50,1640.0,82000.0
2020-03-05,2020030501007677,HDL,39,36,100,1640.0,164000.0
2020-03-05,2020030501007676,HDL,39,49,130,1640.0,213200.0
2020-03-05,2020030501007670,HDL,35,49,70,1640.0,114800.0
2020-03-05,2020030501007669,HDL,35,46,10,1640.0,16400.0
2020-03-05,2020030501007668,HDL,35,6,20,1640.0,32800.0
2020-03-05,2020030501007930,HIDCL,29,14,16,137.0,2192.0
2020-03-05,2020030501007712,HIDCL,35,6,122,138.0,16836.0
2020-03-05,2020030501007632,HIDCL,35,6,159,138.0,21942.0
2020-03-05,2020030501007777,HPPL,52,22,10,145.0,1450.0
2020-03-05,2020030501007811,ICFC,53,19,800,186.0,148800.0
2020-03-05,2020030501007810,ICFC,53,10,1000,186.0,186000.0
2020-03-05,2020030501007809,ICFC,53,4,200,186.0,37200.0
2020-03-05,2020030501008022,ILBS,36,33,10,734.0,7340.0
2020-03-05,2020030501008007,ILBS,53,19,100,735.0,73500.0
2020-03-05,2020030501007935,ILBS,36,26,10,734.0,7340.0
2020-03-05,2020030501007917,ILBS,41,38,10,740.0,7400.0
2020-03-05,2020030501007614,KBL,13,51,200,210.0,42000.0
2020-03-05,2020030501007613,KBL,43,51,154,210.0,32340.0
2020-03-05,2020030501007568,KBL,43,51,11,210.0,2310.0
2020-03-05,2020030501008019,KMCDB,16,6,10,866.0,8660.0
2020-03-05,2020030501007960,KMCDB,34,59,10,865.0,8650.0
2020-03-05,2020030501007929,KMCDB,34,59,10,865.0,8650.0
2020-03-05,2020030501007916,KMCDB,40,59,10,865.0,8650.0
2020-03-05,2020030501007860,KMCDB,40,59,10,865.0,8650.0
2020-03-05,2020030501007616,KMCDB,40,38,10,865.0,8650.0
2020-03-05,2020030501007937,KPCL,11,11,10,106.0,1060.0
2020-03-05,2020030501007824,KPCL,11,56,10,106.0,1060.0
2020-03-05,2020030501007659,KSBBL,10,17,300,165.0,49500.0
2020-03-05,2020030501007658,KSBBL,46,17,1000,165.0,165000.0
2020-03-05,2020030501007657,KSBBL,45,17,200,165.0,33000.0
2020-03-05,2020030501007656,KSBBL,45,17,100,165.0,16500.0
2020-03-05,2020030501007655,KSBBL,10,17,372,165.0,61380.0
2020-03-05,2020030501007654,KSBBL,36,17,301,166.0,49966.0
2020-03-05,2020030501007754,LBL,13,1,500,230.0,115000.0
2020-03-05,2020030501007725,LBL,13,29,100,229.0,22900.0
2020-03-05,2020030501007724,LBL,13,11,450,229.0,103050.0
2020-03-05,2020030501007723,LBL,13,49,400,229.0,91600.0
2020-03-05,2020030501007812,LGIL,45,45,200,494.0,98800.0
2020-03-05,2020030501008026,MBL,1,50,300,248.0,74400.0
2020-03-05,2020030501007597,MBL,57,11,500,246.0,123000.0
2020-03-05,2020030501007548,MBL,34,57,634,249.0,157866.0
2020-03-05,2020030501007547,MBL,34,56,200,249.0,49800.0
2020-03-05,2020030501007546,MBL,34,41,25,249.0,6225.0
2020-03-05,2020030501007545,MBL,34,57,1050,249.0,261450.0
2020-03-05,2020030501007544,MBL,34,49,500,248.0,124000.0
2020-03-05,2020030501007543,MBL,34,47,105,248.0,26040.0
2020-03-05,2020030501007542,MBL,34,50,186,248.0,46128.0
2020-03-05,2020030501007973,MEGA,39,14,27,228.0,6156.0
2020-03-05,2020030501007660,MEGA,36,55,431,228.0,98268.0
2020-03-05,2020030501007605,MEGA,57,55,249,228.0,56772.0
2020-03-05,2020030501007719,MERO,41,49,492,635.0,312420.0
2020-03-05,2020030501007636,MERO,19,49,84,627.0,52668.0
2020-03-05,2020030501007624,MERO,58,38,43,624.0,26832.0
2020-03-05,2020030501007588,MERO,45,49,10,632.0,6320.0
2020-03-05,2020030501007591,MERO,25,49,516,627.0,323532.0
2020-03-05,2020030501007590,MERO,17,49,26,628.0,16328.0
2020-03-05,2020030501007589,MERO,33,49,50,630.0,31500.0
2020-03-05,2020030501007857,MLBL,21,51,10,221.0,2210.0
2020-03-05,2020030501007748,MLBL,21,13,37,221.0,8177.0
2020-03-05,2020030501007747,MLBL,21,13,10,221.0,2210.0
2020-03-05,2020030501007962,MNBBL,59,45,20,338.0,6760.0
2020-03-05,2020030501007800,MNBBL,38,21,250,335.0,83750.0
2020-03-05,2020030501007799,MNBBL,38,51,31,335.0,10385.0
2020-03-05,2020030501007764,MNBBL,13,51,159,335.0,53265.0
2020-03-05,2020030501007763,MNBBL,13,57,841,334.0,280894.0
2020-03-05,2020030501007745,MNBBL,53,11,100,333.0,33300.0
2020-03-05,2020030501007718,MNBBL,41,11,100,333.0,33300.0
2020-03-05,2020030501007566,MNBBL,56,19,4700,332.0,1560400.0
2020-03-05,2020030501007550,MNBBL,8,6,164,331.0,54284.0
2020-03-05,2020030501008008,MPFL,32,13,158,128.0,20224.0
2020-03-05,2020030501007911,NABIL,45,16,178,831.0,147918.0
2020-03-05,2020030501007910,NABIL,45,16,72,835.0,60120.0
2020-03-05,2020030501007901,NABIL,45,49,328,835.0,273880.0
2020-03-05,2020030501007862,NABIL,45,6,50,831.0,41550.0
2020-03-05,2020030501007839,NABIL,22,49,114,835.0,95190.0
2020-03-05,2020030501007838,NABIL,48,49,75,835.0,62625.0
2020-03-05,2020030501007610,NABIL,22,47,12,840.0,10080.0
2020-03-05,2020030501007609,NABIL,22,59,12,840.0,10080.0
2020-03-05,2020030501007608,NABIL,22,38,14,840.0,11760.0
2020-03-05,2020030501007577,NABIL,33,19,30,839.0,25170.0
2020-03-05,2020030501007837,NABIL,45,49,30,836.0,25080.0
2020-03-05,2020030501007836,NABIL,48,49,13,837.0,10881.0
2020-03-05,2020030501007835,NABIL,33,49,40,839.0,33560.0
2020-03-05,2020030501007649,NABIL,22,42,100,840.0,84000.0
2020-03-05,2020030501007642,NABIL,22,13,286,840.0,240240.0
2020-03-05,2020030501007611,NABIL,22,13,14,840.0,11760.0
2020-03-05,2020030501007996,NADEP,34,34,23,675.0,15525.0
2020-03-05,2020030501007877,NADEP,34,29,10,675.0,6750.0
2020-03-05,2020030501007876,NADEP,34,26,10,675.0,6750.0
2020-03-05,2020030501007752,NADEP,43,38,11,662.0,7282.0
2020-03-05,2020030501007892,NBB,55,49,100,226.0,22600.0
2020-03-05,2020030501007997,NBL,13,49,1434,286.0,410124.0
2020-03-05,2020030501007986,NBL,38,49,500,286.0,143000.0
2020-03-05,2020030501007667,NBL,7,49,50,286.0,14300.0
2020-03-05,2020030501008027,NCCB,59,57,450,201.0,90450.0
2020-03-05,2020030501007985,NCCB,55,57,50,201.0,10050.0
2020-03-05,2020030501007918,NCCB,34,43,75,200.0,15000.0
2020-03-05,2020030501007841,NCCB,36,29,133,201.0,26733.0
2020-03-05,2020030501007840,NCCB,36,33,1206,201.0,242406.0
2020-03-05,2020030501007757,NCCB,19,33,100,201.0,20100.0
2020-03-05,2020030501007710,NCCB,17,33,400,201.0,80400.0
2020-03-05,2020030501007709,NCCB,44,33,3294,201.0,662094.0
2020-03-05,2020030501007570,NCCB,44,58,500,201.0,100500.0
2020-03-05,2020030501007880,NIB,11,51,44,418.0,18392.0
2020-03-05,2020030501007681,NIB,45,14,56,419.0,23464.0
2020-03-05,2020030501007680,NIB,58,14,52,420.0,21840.0
2020-03-05,2020030501007942,NICA,45,16,422,575.0,242650.0
2020-03-05,2020030501007941,NICA,33,16,78,575.0,44850.0
2020-03-05,2020030501007925,NICA,57,28,10,576.0,5760.0
2020-03-05,2020030501007884,NICA,33,7,22,575.0,12650.0
2020-03-05,2020030501007753,NICA,33,32,100,575.0,57500.0
2020-03-05,2020030501007735,NICA,25,17,51,577.0,29427.0
2020-03-05,2020030501007621,NICA,14,35,150,576.0,86400.0
2020-03-05,2020030501007773,NICGF,43,58,1000,9.6,9600.0
2020-03-05,2020030501008003,NICL,38,32,130,463.0,60190.0
2020-03-05,2020030501007984,NICL,38,52,20,462.0,9240.0
2020-03-05,2020030501007909,NICL,52,52,229,462.0,105798.0
2020-03-05,2020030501007908,NICL,52,51,41,461.0,18901.0
2020-03-05,2020030501007593,NICL,5,32,470,461.0,216670.0
2020-03-05,2020030501007579,NICL,13,6,500,460.0,230000.0
2020-03-05,2020030501007907,NICL,52,32,530,461.0,244330.0
2020-03-05,2020030501007906,NICL,52,32,400,460.0,184000.0
2020-03-05,2020030501007848,NICL,52,32,100,460.0,46000.0
2020-03-05,2020030501007645,NICL,52,52,200,458.0,91600.0
2020-03-05,2020030501007644,NICL,29,52,50,458.0,22900.0
2020-03-05,2020030501007940,NLBBL,1,50,50,740.0,37000.0
2020-03-05,2020030501007647,NLBBL,44,5,30,750.0,22500.0
2020-03-05,2020030501007646,NLBBL,44,29,20,748.0,14960.0
2020-03-05,2020030501008020,NLIC,37,39,28,1245.0,34860.0
2020-03-05,2020030501007999,NLIC,58,39,100,1245.0,124500.0
2020-03-05,2020030501007987,NLIC,58,52,300,1240.0,372000.0
2020-03-05,2020030501007915,NLIC,58,49,1174,1240.0,1455760.0
2020-03-05,2020030501007914,NLIC,43,49,100,1241.0,124100.0
2020-03-05,2020030501007913,NLIC,58,49,500,1241.0,620500.0
2020-03-05,2020030501007652,NLIC,39,49,1000,1244.0,1244000.0
2020-03-05,2020030501007651,NLIC,35,49,10,1244.0,12440.0
2020-03-05,2020030501007650,NLIC,38,49,12,1244.0,14928.0
2020-03-05,2020030501007615,NLIC,29,55,50,1245.0,62250.0
2020-03-05,2020030501007574,NLIC,40,42,120,1245.0,149400.0
2020-03-05,2020030501007758,NLIC,17,22,30,1244.0,37320.0
2020-03-05,2020030501007743,NLIC,40,32,180,1245.0,224100.0
2020-03-05,2020030501007720,NLIC,10,32,200,1245.0,249000.0
2020-03-05,2020030501007697,NLIC,59,55,50,1245.0,62250.0
2020-03-05,2020030501007688,NLIC,42,55,200,1245.0,249000.0
2020-03-05,2020030501007686,NLIC,50,55,200,1245.0,249000.0
2020-03-05,2020030501007782,NLIC,48,49,100,1242.0,124200.0
2020-03-05,2020030501007781,NLIC,17,49,50,1243.0,62150.0
2020-03-05,2020030501007780,NLIC,57,49,500,1243.0,621500.0
2020-03-05,2020030501007779,NLIC,55,49,28,1243.0,34804.0
2020-03-05,2020030501007778,NLIC,1,49,30,1244.0,37320.0
2020-03-05,2020030501007759,NLIC,1,22,26,1244.0,32344.0
2020-03-05,2020030501007788,NLIC,47,49,100,1240.0,124000.0
2020-03-05,2020030501007787,NLIC,11,49,30,1240.0,37200.0
2020-03-05,2020030501007786,NLIC,56,49,100,1240.0,124000.0
2020-03-05,2020030501007785,NLIC,58,49,500,1240.0,620000.0
2020-03-05,2020030501007784,NLIC,8,49,58,1240.0,71920.0
2020-03-05,2020030501007783,NLIC,52,49,200,1241.0,248200.0
2020-03-05,2020030501007912,NLIC,1,49,20,1241.0,24820.0
2020-03-05,2020030501007831,NLIC,26,44,22,1245.0,27390.0
2020-03-05,2020030501007830,NLIC,26,32,222,1245.0,276390.0
2020-03-05,2020030501007791,NLIC,58,49,2706,1240.0,3355440.0
2020-03-05,2020030501007790,NLIC,34,49,78,1240.0,96720.0
2020-03-05,2020030501007789,NLIC,29,49,20,1240.0,24800.0
2020-03-05,2020030501007674,NLICL,36,14,332,710.0,235720.0
2020-03-05,2020030501007673,NLICL,26,14,300,710.0,213000.0
2020-03-05,2020030501007672,NLICL,51,14,50,715.0,35750.0
2020-03-05,2020030501007671,NLICL,25,14,18,716.0,12888.0
2020-03-05,2020030501007561,NLICL,25,34,232,716.0,166112.0
2020-03-05,2020030501008017,NMB,34,16,500,462.0,231000.0
2020-03-05,2020030501008016,NMB,25,16,100,462.0,46200.0
2020-03-05,2020030501008015,NMB,58,16,25,462.0,11550.0
2020-03-05,2020030501008014,NMB,43,16,746,462.0,344652.0
2020-03-05,2020030501008013,NMB,25,28,488,463.0,225944.0
2020-03-05,2020030501008012,NMB,25,58,253,463.0,117139.0
2020-03-05,2020030501007573,NMB,14,6,100,464.0,46400.0
2020-03-05,2020030501007572,NMB,14,14,100,464.0,46400.0
2020-03-05,2020030501007564,NMB,14,14,900,464.0,417600.0
2020-03-05,2020030501007563,NMB,14,22,100,464.0,46400.0
2020-03-05,2020030501007634,NMB,39,25,42,464.0,19488.0
2020-03-05,2020030501007633,NMB,14,25,58,464.0,26912.0
2020-03-05,2020030501007617,NMB,49,49,5000,463.0,2315000.0
2020-03-05,2020030501007607,NMB,14,14,500,464.0,232000.0
2020-03-05,2020030501007606,NMB,44,42,200,465.0,93000.0
2020-03-05,2020030501007584,NMB,14,40,100,464.0,46400.0
2020-03-05,2020030501007665,NMB,26,59,74,463.0,34262.0
2020-03-05,2020030501007648,NMB,41,42,500,465.0,232500.0
2020-03-05,2020030501007639,NMB,26,4,105,463.0,48615.0
2020-03-05,2020030501007638,NMB,45,4,1537,463.0,711631.0
2020-03-05,2020030501007637,NMB,39,4,358,464.0,166112.0
2020-03-05,2020030501007635,NMB,39,22,100,464.0,46400.0
2020-03-05,2020030501008011,NMB,25,1,59,463.0,27317.0
2020-03-05,2020030501007959,NMB,43,26,12,462.0,5544.0
2020-03-05,2020030501007926,NMB,53,1,41,463.0,18983.0
2020-03-05,2020030501007888,NMB,53,41,159,463.0,73617.0
2020-03-05,2020030501007887,NMB,14,41,100,463.0,46300.0
2020-03-05,2020030501007886,NMB,26,41,121,463.0,56023.0
2020-03-05,2020030501007945,NMFBS,38,16,90,1645.0,148050.0
2020-03-05,2020030501007885,NSEWA,43,56,10,665.0,6650.0
2020-03-05,2020030501007816,NSEWA,43,38,10,665.0,6650.0
2020-03-05,2020030501007797,NSEWA,43,56,10,665.0,6650.0
2020-03-05,2020030501008001,NUBL,45,42,25,995.0,24875.0
2020-03-05,2020030501008000,NUBL,45,51,40,995.0,39800.0
2020-03-05,2020030501007958,PCBL,22,5,200,300.0,60000.0
2020-03-05,2020030501007957,PCBL,52,5,100,300.0,30000.0
2020-03-05,2020030501007956,PCBL,11,5,50,300.0,15000.0
2020-03-05,2020030501007955,PCBL,54,5,501,300.0,150300.0
2020-03-05,2020030501007769,PCBL,54,50,499,300.0,149700.0
2020-03-05,2020030501007730,PCBL,57,29,100,300.0,30000.0
2020-03-05,2020030501007595,PFL,45,48,36,163.0,5868.0
2020-03-05,2020030501008018,PIC,44,14,207,601.0,124407.0
2020-03-05,2020030501007989,PIC,5,33,39,602.0,23478.0
2020-03-05,2020030501007988,PIC,10,33,200,602.0,120400.0
2020-03-05,2020030501007964,PIC,5,26,11,602.0,6622.0
2020-03-05,2020030501007594,PIC,5,57,100,602.0,60200.0
2020-03-05,2020030501007592,PPCL,49,1,10,117.0,1170.0
2020-03-05,2020030501008031,PRVU,1,33,100,255.0,25500.0
2020-03-05,2020030501008030,PRVU,57,33,50,255.0,12750.0
2020-03-05,2020030501008029,PRVU,58,33,2000,255.0,510000.0
2020-03-05,2020030501008028,PRVU,58,33,2671,255.0,681105.0
2020-03-05,2020030501007963,PRVU,58,6,281,255.0,71655.0
2020-03-05,2020030501007951,PRVU,34,33,2000,256.0,512000.0
2020-03-05,2020030501007950,PRVU,17,33,200,256.0,51200.0
2020-03-05,2020030501007949,PRVU,38,33,500,256.0,128000.0
2020-03-05,2020030501007948,PRVU,34,33,292,256.0,74752.0
2020-03-05,2020030501007944,PRVU,38,33,200,257.0,51400.0
2020-03-05,2020030501007774,RADHI,13,52,40,166.0,6640.0
2020-03-05,2020030501007882,RBCLPO,18,6,10,8802.0,88020.0
2020-03-05,2020030501007881,RBCLPO,49,6,10,8802.0,88020.0
2020-03-05,2020030501007954,RHPC,34,17,325,84.0,27300.0
2020-03-05,2020030501007953,RHPC,4,17,1575,84.0,132300.0
2020-03-05,2020030501007952,RHPC,34,17,100,84.0,8400.0
2020-03-05,2020030501007939,RHPC,6,17,575,85.0,48875.0
2020-03-05,2020030501007938,RHPC,58,17,648,85.0,55080.0
2020-03-05,2020030501007905,RHPL,34,45,10,161.0,1610.0
2020-03-05,2020030501007904,RHPL,34,51,40,161.0,6440.0
2020-03-05,2020030501007903,RHPL,34,36,50,161.0,8050.0
2020-03-05,2020030501007902,RHPL,34,32,70,161.0,11270.0
2020-03-05,2020030501007756,RHPL,6,29,10,160.0,1600.0
2020-03-05,2020030501007717,RHPL,6,36,70,160.0,11200.0
2020-03-05,2020030501007640,RHPL,1,34,20,161.0,3220.0
2020-03-05,2020030501008023,RMDC,42,6,300,693.0,207900.0
2020-03-05,2020030501007897,RRHP,7,56,10,97.0,970.0
2020-03-05,2020030501007924,RSDC,36,38,89,490.0,43610.0
2020-03-05,2020030501007845,RSDC,36,38,89,490.0,43610.0
2020-03-05,2020030501007722,RSDC,59,7,300,494.0,148200.0
2020-03-05,2020030501008021,SABSL,10,21,22,793.0,17446.0
2020-03-05,2020030501007817,SABSL,42,42,11,780.0,8580.0
2020-03-05,2020030501007760,SABSL,29,36,11,780.0,8580.0
2020-03-05,2020030501007569,SABSL,22,28,10,780.0,7800.0
2020-03-05,2020030501007981,SANIMA,3,58,360,365.0,131400.0
2020-03-05,2020030501007980,SANIMA,45,58,190,365.0,69350.0
2020-03-05,2020030501007961,SANIMA,34,50,50,366.0,18300.0
2020-03-05,2020030501007575,SAPDBL,57,14,1000,141.0,141000.0
2020-03-05,2020030501008009,SBI,14,29,75,484.0,36300.0
2020-03-05,2020030501007969,SBI,34,49,50,481.0,24050.0
2020-03-05,2020030501007768,SBI,45,29,25,484.0,12100.0
2020-03-05,2020030501007737,SBI,45,17,199,484.0,96316.0
2020-03-05,2020030501007736,SBI,42,17,301,484.0,145684.0
2020-03-05,2020030501007854,SBL,35,50,90,328.0,29520.0
2020-03-05,2020030501007798,SBL,45,13,129,329.0,42441.0
2020-03-05,2020030501007631,SBL,35,52,10,328.0,3280.0
2020-03-05,2020030501007562,SBL,38,45,500,330.0,165000.0
2020-03-05,2020030501007946,SCB,49,38,30,696.0,20880.0
2020-03-05,2020030501007891,SCB,49,51,20,696.0,13920.0
2020-03-05,2020030501007861,SCB,49,39,20,696.0,13920.0
2020-03-05,2020030501007738,SCB,49,22,20,694.0,13880.0
2020-03-05,2020030501007696,SCB,37,11,50,695.0,34750.0
2020-03-05,2020030501007693,SCB,57,55,200,692.0,138400.0
2020-03-05,2020030501007553,SCB,41,38,60,690.0,41400.0
2020-03-05,2020030501007859,SCB,49,38,55,696.0,38280.0
2020-03-05,2020030501007746,SCB,49,34,10,696.0,6960.0
2020-03-05,2020030501007741,SCB,49,13,94,696.0,65424.0
2020-03-05,2020030501007740,SCB,49,13,94,696.0,65424.0
2020-03-05,2020030501007739,SCB,49,11,150,695.0,104250.0
2020-03-05,2020030501007627,SDESI,45,58,10,928.0,9280.0
2020-03-05,2020030501007626,SDESI,45,14,200,928.0,185600.0
2020-03-05,2020030501007625,SDESI,45,38,27,928.0,25056.0
2020-03-05,2020030501007596,SDESI,45,42,27,920.0,24840.0
2020-03-05,2020030501007922,SHIVM,45,43,100,601.0,60100.0
2020-03-05,2020030501007921,SHIVM,17,48,430,600.0,258000.0
2020-03-05,2020030501007920,SHIVM,40,48,200,600.0,120000.0
2020-03-05,2020030501007919,SHIVM,41,48,300,600.0,180000.0
2020-03-05,2020030501007883,SHIVM,7,43,90,601.0,54090.0
2020-03-05,2020030501007879,SHIVM,7,47,10,601.0,6010.0
2020-03-05,2020030501007878,SHIVM,43,47,50,601.0,30050.0
2020-03-05,2020030501007873,SHIVM,45,48,37,603.0,22311.0
2020-03-05,2020030501007872,SHIVM,45,42,10,603.0,6030.0
2020-03-05,2020030501007871,SHIVM,45,55,25,603.0,15075.0
2020-03-05,2020030501007820,SHPC,38,28,26,225.0,5850.0
2020-03-05,2020030501007819,SHPC,38,28,237,225.0,53325.0
2020-03-05,2020030501007818,SHPC,38,53,200,224.0,44800.0
2020-03-05,2020030501007807,SHPC,38,22,528,223.0,117744.0
2020-03-05,2020030501007620,SICL,54,10,707,980.0,692860.0
2020-03-05,2020030501007619,SICL,42,10,50,980.0,49000.0
2020-03-05,2020030501007618,SICL,43,10,243,980.0,238140.0
2020-03-05,2020030501007792,SJCL,6,29,10,153.0,1530.0
2020-03-05,2020030501007641,SJCL,6,14,100,153.0,15300.0
2020-03-05,2020030501007970,SLBBL,58,17,10,875.0,8750.0
2020-03-05,2020030501007844,SLBBL,58,49,159,880.0,139920.0
2020-03-05,2020030501007993,SMATA,32,55,50,694.0,34700.0
2020-03-05,2020030501007975,SMATA,45,55,40,706.0,28240.0
2020-03-05,2020030501007974,SMATA,7,55,10,707.0,7070.0
2020-03-05,2020030501007815,SMATA,11,45,50,708.0,35400.0
2020-03-05,2020030501007703,SMATA,7,14,10,707.0,7070.0
2020-03-05,2020030501007991,SMB,34,51,10,965.0,9650.0
2020-03-05,2020030501007978,SMB,34,39,10,963.0,9630.0
2020-03-05,2020030501007977,SMB,34,45,10,956.0,9560.0
2020-03-05,2020030501007976,SMB,34,42,55,955.0,52525.0
2020-03-05,2020030501007947,SMB,34,34,50,945.0,47250.0
2020-03-05,2020030501007643,SMB,32,51,20,945.0,18900.0
2020-03-05,2020030501007825,SMB,57,34,30,927.0,27810.0
2020-03-05,2020030501007749,SMB,32,42,10,945.0,9450.0
2020-03-05,2020030501007858,SMFBS,34,55,170,970.0,164900.0
2020-03-05,2020030501007828,SMFBS,57,55,40,971.0,38840.0
2020-03-05,2020030501007827,SMFBS,34,55,20,972.0,19440.0
2020-03-05,2020030501007795,SMFBS,38,55,100,972.0,97200.0
2020-03-05,2020030501007776,SMFBS,25,38,10,975.0,9750.0
2020-03-05,2020030501007772,SMFBS,36,55,100,979.0,97900.0
2020-03-05,2020030501007761,SMFBS,36,55,100,980.0,98000.0
2020-03-05,2020030501007711,SMFBS,45,56,10,990.0,9900.0
2020-03-05,2020030501007551,SMFBS,20,56,10,990.0,9900.0
2020-03-05,2020030501007934,SRBL,1,42,141,261.0,36801.0
2020-03-05,2020030501007933,SRBL,1,13,56,261.0,14616.0
2020-03-05,2020030501007898,SRBL,34,55,957,260.0,248820.0
2020-03-05,2020030501007808,SRBL,10,13,50,261.0,13050.0
2020-03-05,2020030501007771,SRBL,57,13,59,261.0,15399.0
2020-03-05,2020030501007770,SRBL,57,35,441,261.0,115101.0
2020-03-05,2020030501007708,TMDBL,47,14,500,194.0,97000.0
2020-03-05,2020030501007687,TMDBL,55,14,200,194.0,38800.0
2020-03-05,2020030501007576,TMDBL,53,35,292,192.0,56064.0
2020-03-05,2020030501007567,TMDBL,53,14,100,191.0,19100.0
2020-03-05,2020030501007560,TMDBL,53,14,390,190.0,74100.0
2020-03-05,2020030501007666,UMHL,51,48,50,109.0,5450.0
2020-03-05,2020030501007806,UPPER,55,29,10,238.0,2380.0
2020-03-05,2020030501007602,UPPER,37,52,10,239.0,2390.0
2020-03-05,2020030501007601,UPPER,37,13,40,238.0,9520.0
2020-03-05,2020030501007308,ADBL,36,49,57,412.0,23484.0
2020-03-05,2020030501007307,ADBL,36,56,110,412.0,45320.0
2020-03-05,2020030501007306,ADBL,36,49,200,412.0,82400.0
2020-03-05,2020030501007305,ADBL,36,45,22,412.0,9064.0
2020-03-05,2020030501007304,ADBL,36,55,111,411.0,45621.0
2020-03-05,2020030501007243,ADBL,6,29,40,411.0,16440.0
2020-03-05,2020030501007402,ALBSL,18,46,46,690.0,31740.0
2020-03-05,2020030501007396,ALBSL,18,52,10,690.0,6900.0
2020-03-05,2020030501007342,ALBSL,18,40,11,690.0,7590.0
2020-03-05,2020030501007114,ALBSL,57,45,50,699.0,34950.0
2020-03-05,2020030501007500,ALICL,55,6,30,580.0,17400.0
2020-03-05,2020030501007112,ALICL,52,33,1000,586.0,586000.0
2020-03-05,2020030501007111,ALICL,52,50,110,580.0,63800.0
2020-03-05,2020030501007080,ALICL,52,50,190,580.0,110200.0
2020-03-05,2020030501007079,ALICL,52,7,250,578.0,144500.0
2020-03-05,2020030501007078,ALICL,52,48,60,578.0,34680.0
2020-03-05,2020030501007041,ALICL,52,48,500,578.0,289000.0
2020-03-05,2020030501007360,API,39,36,18,130.0,2340.0
2020-03-05,2020030501007250,BBC,37,51,50,1758.0,87900.0
2020-03-05,2020030501007464,BFC,45,45,50,106.0,5300.0
2020-03-05,2020030501007411,BFC,45,48,50,104.0,5200.0
2020-03-05,2020030501007391,BFC,45,45,10,103.0,1030.0
2020-03-05,2020030501007101,BOKL,17,55,100,247.0,24700.0
2020-03-05,2020030501007456,BPCL,53,21,20,361.0,7220.0
2020-03-05,2020030501007276,BPCL,44,43,11,365.0,4015.0
2020-03-05,2020030501007275,BPCL,44,45,99,365.0,36135.0
2020-03-05,2020030501007514,CBBL,13,57,118,1045.0,123310.0
2020-03-05,2020030501007373,CBBL,35,17,91,1042.0,94822.0
2020-03-05,2020030501007351,CBBL,13,47,100,1041.0,104100.0
2020-03-05,2020030501007299,CBBL,34,22,25,1040.0,26000.0
2020-03-05,2020030501007298,CBBL,34,47,13,1040.0,13520.0
2020-03-05,2020030501007502,CBL,51,17,953,148.0,141044.0
2020-03-05,2020030501007468,CBL,58,49,1526,149.0,227374.0
2020-03-05,2020030501007392,CBL,58,59,230,149.0,34270.0
2020-03-05,2020030501007389,CBL,58,13,244,149.0,36356.0
2020-03-05,2020030501007245,CBL,51,13,244,148.0,36112.0
2020-03-05,2020030501007103,CCBL,26,50,200,186.0,37200.0
2020-03-05,2020030501007281,CCBL,36,50,1300,186.0,241800.0
2020-03-05,2020030501007120,CCBL,58,35,2000,185.0,370000.0
2020-03-05,2020030501007100,CFCL,38,48,200,135.0,27000.0
2020-03-05,2020030501007424,CIT,14,7,81,2699.0,218619.0
2020-03-05,2020030501007423,CIT,14,41,50,2698.0,134900.0
2020-03-05,2020030501007422,CIT,14,39,19,2695.0,51205.0
2020-03-05,2020030501007531,CZBIL,36,45,300,203.0,60900.0
2020-03-05,2020030501007530,CZBIL,25,45,200,203.0,40600.0
2020-03-05,2020030501007529,CZBIL,33,45,200,203.0,40600.0
2020-03-05,2020030501007528,CZBIL,1,45,110,203.0,22330.0
2020-03-05,2020030501007527,CZBIL,6,45,300,204.0,61200.0
2020-03-05,2020030501007526,CZBIL,51,45,2400,204.0,489600.0
2020-03-05,2020030501007525,CZBIL,29,45,200,205.0,41000.0
2020-03-05,2020030501007524,CZBIL,26,45,200,205.0,41000.0
2020-03-05,2020030501007446,DDBL,49,35,500,860.0,430000.0
2020-03-05,2020030501007367,DDBL,55,51,300,854.0,256200.0
2020-03-05,2020030501007366,DDBL,55,55,100,852.0,85200.0
2020-03-05,2020030501007087,DDBL,13,35,181,850.0,153850.0
2020-03-05,2020030501007040,DDBL,13,35,19,850.0,16150.0
2020-03-05,2020030501007034,DDBL,13,57,181,850.0,153850.0
2020-03-05,2020030501007479,EBL,57,42,165,754.0,124410.0
2020-03-05,2020030501007478,EBL,57,32,135,754.0,101790.0
2020-03-05,2020030501007448,EBL,50,6,70,743.0,52010.0
2020-03-05,2020030501007436,EBL,50,59,60,743.0,44580.0
2020-03-05,2020030501007038,EBL,48,25,30,752.0,22560.0
2020-03-05,2020030501007106,EBL,58,45,100,750.0,75000.0
2020-03-05,2020030501007059,EBL,40,45,10,750.0,7500.0
2020-03-05,2020030501007043,EBL,11,45,50,750.0,37500.0
2020-03-05,2020030501007039,EBL,48,51,60,752.0,45120.0
2020-03-05,2020030501007314,EBL,44,45,3080,753.0,2319240.0
2020-03-05,2020030501007301,EBL,41,45,200,753.0,150600.0
2020-03-05,2020030501007196,EBL,28,45,100,753.0,75300.0
2020-03-05,2020030501007144,EBL,52,45,100,753.0,75300.0
2020-03-05,2020030501007130,EBL,26,45,40,750.0,30000.0
2020-03-05,2020030501007331,EBL,50,49,338,743.0,251134.0
2020-03-05,2020030501007330,EBL,58,49,100,747.0,74700.0
2020-03-05,2020030501007329,EBL,42,49,200,750.0,150000.0
2020-03-05,2020030501007328,EBL,26,49,25,750.0,18750.0
2020-03-05,2020030501007325,EBL,26,25,35,750.0,26250.0
2020-03-05,2020030501007277,EIC,4,35,100,401.0,40100.0
2020-03-05,2020030501007058,EIC,21,59,100,400.0,40000.0
2020-03-05,2020030501007256,FMDBL,57,55,20,496.0,9920.0
2020-03-05,2020030501007200,FMDBL,52,55,158,487.0,76946.0
2020-03-05,2020030501007182,FMDBL,44,55,100,490.0,49000.0
2020-03-05,2020030501007181,FMDBL,57,55,100,490.0,49000.0
2020-03-05,2020030501007164,FMDBL,52,55,200,491.0,98200.0
2020-03-05,2020030501007096,FMDBL,41,55,215,496.0,106640.0
2020-03-05,2020030501007465,FOWAD,26,49,411,1457.0,598827.0
2020-03-05,2020030501007361,FOWAD,49,45,50,1457.0,72850.0
2020-03-05,2020030501007499,GBBL,58,51,155,242.0,37510.0
2020-03-05,2020030501007320,GBBL,58,13,117,242.0,28314.0
2020-03-05,2020030501007319,GBBL,14,13,75,242.0,18150.0
2020-03-05,2020030501007318,GBBL,29,13,50,242.0,12100.0
2020-03-05,2020030501007317,GBBL,19,13,100,242.0,24200.0
2020-03-05,2020030501007218,GBBL,17,48,200,243.0,48600.0
2020-03-05,2020030501007166,GBBL,17,4,300,243.0,72900.0
2020-03-05,2020030501007129,GBBL,32,4,700,243.0,170100.0
2020-03-05,2020030501007128,GBBL,32,4,300,243.0,72900.0
2020-03-05,2020030501007469,GBIME,42,21,20,288.0,5760.0
2020-03-05,2020030501007413,GBIME,42,59,68,288.0,19584.0
2020-03-05,2020030501007265,GBIME,42,22,70,288.0,20160.0
2020-03-05,2020030501007099,GBIME,58,6,200,289.0,57800.0
2020-03-05,2020030501007283,GBLBS,29,48,81,495.0,40095.0
2020-03-05,2020030501007282,GBLBS,29,38,19,494.0,9386.0
2020-03-05,2020030501007249,GBLBS,52,38,10,494.0,4940.0
2020-03-05,2020030501007248,GBLBS,52,57,100,494.0,49400.0
2020-03-05,2020030501007247,GBLBS,52,45,100,494.0,49400.0
2020-03-05,2020030501007246,GBLBS,52,51,90,493.0,44370.0
2020-03-05,2020030501007169,GBLBS,41,34,30,490.0,14700.0
2020-03-05,2020030501007168,GBLBS,41,33,50,490.0,24500.0
2020-03-05,2020030501007167,GBLBS,41,57,165,489.0,80685.0
2020-03-05,2020030501007057,GILB,49,42,200,1340.0,268000.0
2020-03-05,2020030501007056,GILB,49,36,230,1340.0,308200.0
2020-03-05,2020030501007055,GILB,49,49,11,1339.0,14729.0
2020-03-05,2020030501007054,GILB,49,6,100,1339.0,133900.0
2020-03-05,2020030501007053,GILB,49,26,100,1339.0,133900.0
2020-03-05,2020030501007052,GILB,49,6,100,1338.0,133800.0
2020-03-05,2020030501007051,GILB,49,33,30,1338.0,40140.0
2020-03-05,2020030501007279,GLBSL,36,51,19,641.0,12179.0
2020-03-05,2020030501007278,GLBSL,36,48,118,640.0,75520.0
2020-03-05,2020030501007517,GLICL,26,25,401,488.0,195688.0
2020-03-05,2020030501007516,GLICL,26,40,55,488.0,26840.0
2020-03-05,2020030501007326,GLICL,45,48,10,486.0,4860.0
2020-03-05,2020030501007157,GLICL,6,35,1000,485.0,485000.0
2020-03-05,2020030501007125,GLICL,49,32,50,485.0,24250.0
2020-03-05,2020030501007124,GLICL,49,41,58,485.0,28130.0
2020-03-05,2020030501007098,GLICL,25,41,52,485.0,25220.0
2020-03-05,2020030501007097,GLICL,25,7,48,485.0,23280.0
2020-03-05,2020030501007068,GLICL,35,7,180,485.0,87300.0
2020-03-05,2020030501007067,GLICL,35,38,20,484.0,9680.0
2020-03-05,2020030501007046,GLICL,33,38,50,484.0,24200.0
2020-03-05,2020030501007374,GMFBS,28,40,10,767.0,7670.0
2020-03-05,2020030501007118,GMFBS,28,36,10,782.0,7820.0
2020-03-05,2020030501007346,HBL,33,26,800,600.0,480000.0
2020-03-05,2020030501007345,HBL,33,26,100,600.0,60000.0
2020-03-05,2020030501007344,HBL,13,26,100,605.0,60500.0
2020-03-05,2020030501007431,HDL,39,38,50,1640.0,82000.0
2020-03-05,2020030501007430,HDL,39,56,50,1640.0,82000.0
2020-03-05,2020030501007419,HDL,26,56,50,1640.0,82000.0
2020-03-05,2020030501007221,HDL,45,42,400,1635.0,654000.0
2020-03-05,2020030501007220,HDL,45,42,80,1635.0,130800.0
2020-03-05,2020030501007414,HIDCL,35,45,19,138.0,2622.0
2020-03-05,2020030501007177,HIDCL,42,57,1100,138.0,151800.0
2020-03-05,2020030501007176,HIDCL,42,14,202,138.0,27876.0
2020-03-05,2020030501007175,HIDCL,42,58,61,138.0,8418.0
2020-03-05,2020030501007174,HIDCL,42,46,61,138.0,8418.0
2020-03-05,2020030501007173,HIDCL,42,37,79,138.0,10902.0
2020-03-05,2020030501007145,HIDCL,53,11,600,137.0,82200.0
2020-03-05,2020030501007136,HIDCL,17,36,37,136.0,5032.0
2020-03-05,2020030501007047,HIDCL,10,11,500,137.0,68500.0
2020-03-05,2020030501007350,HPPL,52,55,120,145.0,17400.0
2020-03-05,2020030501007284,HURJA,59,6,20,106.0,2120.0
2020-03-05,2020030501007309,ILBS,10,39,19,748.0,14212.0
2020-03-05,2020030501007148,ILBS,41,33,10,735.0,7350.0
2020-03-05,2020030501007115,ILBS,53,51,10,725.0,7250.0
2020-03-05,2020030501007077,ILBS,53,37,10,725.0,7250.0
2020-03-05,2020030501007204,JBBL,40,7,150,190.0,28500.0
2020-03-05,2020030501007203,JBBL,40,6,100,190.0,19000.0
2020-03-05,2020030501007202,JBBL,40,10,2000,190.0,380000.0
2020-03-05,2020030501007406,JSLBB,49,41,10,1540.0,15400.0
2020-03-05,2020030501007405,JSLBB,49,50,50,1535.0,76750.0
2020-03-05,2020030501007404,JSLBB,49,46,32,1535.0,49120.0
2020-03-05,2020030501007403,JSLBB,49,35,34,1534.0,52156.0
2020-03-05,2020030501007371,JSLBB,49,56,20,1520.0,30400.0
2020-03-05,2020030501007341,JSLBB,49,51,50,1519.0,75950.0
2020-03-05,2020030501007109,JSLBB,49,1,30,1500.0,45000.0
2020-03-05,2020030501007108,JSLBB,49,58,50,1499.0,74950.0
2020-03-05,2020030501007107,JSLBB,49,16,10,1499.0,14990.0
2020-03-05,2020030501007340,JSLBB,49,49,10,1518.0,15180.0
2020-03-05,2020030501007339,JSLBB,49,50,50,1515.0,75750.0
2020-03-05,2020030501007338,JSLBB,49,26,30,1510.0,45300.0
2020-03-05,2020030501007337,JSLBB,11,5,25,1509.0,37725.0
2020-03-05,2020030501007460,KMCDB,40,6,70,865.0,60550.0
2020-03-05,2020030501007443,KMCDB,59,6,30,869.0,26070.0
2020-03-05,2020030501007074,KMCDB,18,46,21,870.0,18270.0
2020-03-05,2020030501007073,KMCDB,18,21,10,870.0,8700.0
2020-03-05,2020030501007072,KMCDB,18,43,10,870.0,8700.0
2020-03-05,2020030501007071,KMCDB,18,33,10,870.0,8700.0
2020-03-05,2020030501007210,KMCDB,59,6,10,880.0,8800.0
2020-03-05,2020030501007209,KMCDB,59,32,14,880.0,12320.0
2020-03-05,2020030501007208,KMCDB,59,56,10,880.0,8800.0
2020-03-05,2020030501007207,KMCDB,59,1,10,870.0,8700.0
2020-03-05,2020030501007206,KMCDB,59,46,10,869.0,8690.0
2020-03-05,2020030501007205,KMCDB,59,1,10,869.0,8690.0
2020-03-05,2020030501007303,KMCDB,34,56,10,869.0,8690.0
2020-03-05,2020030501007238,KMCDB,34,40,10,882.0,8820.0
2020-03-05,2020030501007212,KMCDB,59,40,76,882.0,67032.0
2020-03-05,2020030501007211,KMCDB,59,51,60,882.0,52920.0
2020-03-05,2020030501007151,KPCL,11,36,10,105.0,1050.0
2020-03-05,2020030501007110,KPCL,11,50,10,105.0,1050.0
2020-03-05,2020030501007359,LBBL,25,48,130,194.0,25220.0
2020-03-05,2020030501007358,LBBL,25,48,50,194.0,9700.0
2020-03-05,2020030501007357,LBBL,25,56,124,194.0,24056.0
2020-03-05,2020030501007163,LBBL,33,48,50,194.0,9700.0
2020-03-05,2020030501007050,LGIL,48,50,300,493.0,147900.0
2020-03-05,2020030501007390,LLBS,26,57,123,1048.0,128904.0
2020-03-05,2020030501007242,LLBS,26,42,50,1030.0,51500.0
2020-03-05,2020030501007092,LLBS,57,44,27,1040.0,28080.0
2020-03-05,2020030501007091,LLBS,57,44,15,1040.0,15600.0
2020-03-05,2020030501007418,MBL,22,50,53,248.0,13144.0
2020-03-05,2020030501007417,MBL,22,50,47,248.0,11656.0
2020-03-05,2020030501007294,MDB,45,17,169,449.0,75881.0
2020-03-05,2020030501007293,MDB,45,17,133,449.0,59717.0
2020-03-05,2020030501007512,MEGA,50,55,20,228.0,4560.0
2020-03-05,2020030501007400,MEGA,7,45,450,231.0,103950.0
2020-03-05,2020030501007399,MEGA,7,49,158,230.0,36340.0
2020-03-05,2020030501007398,MEGA,7,10,583,229.0,133507.0
2020-03-05,2020030501007230,MEGA,43,13,113,230.0,25990.0
2020-03-05,2020030501007229,MEGA,43,46,132,230.0,30360.0
2020-03-05,2020030501007228,MEGA,43,13,113,230.0,25990.0
2020-03-05,2020030501007227,MEGA,43,38,1000,230.0,230000.0
2020-03-05,2020030501007226,MEGA,43,6,100,230.0,23000.0
2020-03-05,2020030501007274,MEGA,57,13,13,229.0,2977.0
2020-03-05,2020030501007273,MEGA,1,13,96,229.0,21984.0
2020-03-05,2020030501007234,MEGA,45,49,100,230.0,23000.0
2020-03-05,2020030501007233,MEGA,43,49,242,230.0,55660.0
2020-03-05,2020030501007232,MEGA,43,36,100,230.0,23000.0
2020-03-05,2020030501007231,MEGA,43,7,200,230.0,46000.0
2020-03-05,2020030501007354,MEGA,21,10,200,229.0,45800.0
2020-03-05,2020030501007353,MEGA,17,10,200,229.0,45800.0
2020-03-05,2020030501007352,MEGA,57,10,417,229.0,95493.0
2020-03-05,2020030501007397,MEGA,7,13,109,228.0,24852.0
2020-03-05,2020030501007365,MEGA,10,10,700,228.0,159600.0
2020-03-05,2020030501007364,MEGA,36,10,500,228.0,114000.0
2020-03-05,2020030501007363,MEGA,49,10,200,228.0,45600.0
2020-03-05,2020030501007362,MEGA,47,10,100,228.0,22800.0
2020-03-05,2020030501007355,MEGA,29,10,100,229.0,22900.0
2020-03-05,2020030501007466,MEGAPO,20,52,4000,101.0,404000.0
2020-03-05,2020030501007437,MERO,1,6,43,635.0,27305.0
2020-03-05,2020030501007428,MERO,28,26,25,640.0,16000.0
2020-03-05,2020030501007427,MERO,28,25,75,640.0,48000.0
2020-03-05,2020030501007394,MERO,14,55,43,639.0,27477.0
2020-03-05,2020030501007297,MFIL,43,47,10,293.0,2930.0
2020-03-05,2020030501007497,MLBL,40,14,500,217.0,108500.0
2020-03-05,2020030501007496,MLBL,21,14,10,219.0,2190.0
2020-03-05,2020030501007495,MLBL,38,14,95,219.0,20805.0
2020-03-05,2020030501007515,MNBBL,6,19,300,332.0,99600.0
2020-03-05,2020030501007508,MNBBL,8,59,124,331.0,41044.0
2020-03-05,2020030501007199,MNBBL,51,36,76,330.0,25080.0
2020-03-05,2020030501007156,MNBBL,51,19,159,330.0,52470.0
2020-03-05,2020030501007506,MSMBS,46,41,22,745.0,16390.0
2020-03-05,2020030501007131,MSMBS,46,42,11,741.0,8151.0
2020-03-05,2020030501007429,NABIL,58,19,100,839.0,83900.0
2020-03-05,2020030501007295,NABIL,26,36,128,838.0,107264.0
2020-03-05,2020030501007285,NABIL,48,32,25,835.0,20875.0
2020-03-05,2020030501007244,NABIL,26,19,100,839.0,83900.0
2020-03-05,2020030501007219,NABIL,25,19,100,839.0,83900.0
2020-03-05,2020030501007467,NADEP,43,40,23,662.0,15226.0
2020-03-05,2020030501007180,NADEP,36,38,90,665.0,59850.0
2020-03-05,2020030501007162,NADEP,45,38,100,665.0,66500.0
2020-03-05,2020030501007477,NBB,16,49,100,226.0,22600.0
2020-03-05,2020030501007435,NBB,13,40,13,224.0,2912.0
2020-03-05,2020030501007426,NBB,58,41,500,225.0,112500.0
2020-03-05,2020030501007425,NBB,58,22,320,225.0,72000.0
2020-03-05,2020030501007240,NBB,1,4,349,225.0,78525.0
2020-03-05,2020030501007239,NBB,49,4,10,225.0,2250.0
2020-03-05,2020030501007172,NBB,49,35,161,225.0,36225.0
2020-03-05,2020030501007171,NBB,49,45,400,225.0,90000.0
2020-03-05,2020030501007170,NBB,49,33,429,225.0,96525.0
2020-03-05,2020030501007155,NBL,57,49,16,286.0,4576.0
2020-03-05,2020030501007154,NBL,57,47,50,286.0,14300.0
2020-03-05,2020030501007153,NBL,57,6,100,286.0,28600.0
2020-03-05,2020030501007152,NBL,57,13,34,285.0,9690.0
2020-03-05,2020030501007042,NBL,45,13,200,285.0,57000.0
2020-03-05,2020030501007501,NCCB,44,21,20,201.0,4020.0
2020-03-05,2020030501007395,NCCB,44,59,186,201.0,37386.0
2020-03-05,2020030501007324,NCCB,44,35,1000,201.0,201000.0
2020-03-05,2020030501007296,NIB,45,36,44,419.0,18436.0
2020-03-05,2020030501007215,NIB,28,11,118,421.0,49678.0
2020-03-05,2020030501007137,NIB,11,50,75,418.0,31350.0
2020-03-05,2020030501007048,NIB,57,11,80,421.0,33680.0
2020-03-05,2020030501007445,NIBPO,16,50,981,355.0,348255.0
2020-03-05,2020030501007444,NIBPO,6,50,19,356.0,6764.0
2020-03-05,2020030501007401,NICA,33,32,400,575.0,230000.0
2020-03-05,2020030501007217,NICA,44,17,300,577.0,173100.0
2020-03-05,2020030501007178,NICA,34,36,10,575.0,5750.0
2020-03-05,2020030501007066,NICA,34,32,300,575.0,172500.0
2020-03-05,2020030501007065,NICA,34,28,40,575.0,23000.0
2020-03-05,2020030501007064,NICA,34,8,500,575.0,287500.0
2020-03-05,2020030501007063,NICA,34,56,300,575.0,172500.0
2020-03-05,2020030501007062,NICA,34,47,100,575.0,57500.0
2020-03-05,2020030501007061,NICA,34,46,50,574.0,28700.0
2020-03-05,2020030501007060,NICA,34,6,500,574.0,287000.0
2020-03-05,2020030501007037,NICA,57,28,200,573.0,114600.0
2020-03-05,2020030501007036,NICA,57,14,363,573.0,207999.0
2020-03-05,2020030501007370,NICL,52,52,100,462.0,46200.0
2020-03-05,2020030501007336,NICL,52,48,100,461.0,46100.0
2020-03-05,2020030501007201,NICL,47,32,1000,461.0,461000.0
2020-03-05,2020030501007150,NICL,5,33,1000,460.0,460000.0
2020-03-05,2020030501007035,NICL,33,52,600,460.0,276000.0
2020-03-05,2020030501007385,NIL,5,59,70,575.0,40250.0
2020-03-05,2020030501007384,NIL,43,59,500,575.0,287500.0
2020-03-05,2020030501007383,NIL,58,59,100,575.0,57500.0
2020-03-05,2020030501007382,NIL,44,59,30,575.0,17250.0
2020-03-05,2020030501007381,NIL,46,59,200,576.0,115200.0
2020-03-05,2020030501007380,NIL,46,59,200,576.0,115200.0
2020-03-05,2020030501007379,NIL,46,59,100,577.0,57700.0
2020-03-05,2020030501007260,NLBBL,57,33,50,749.0,37450.0
2020-03-05,2020030501007259,NLBBL,57,5,200,749.0,149800.0
2020-03-05,2020030501007258,NLBBL,57,42,200,745.0,149000.0
2020-03-05,2020030501007257,NLBBL,57,45,50,745.0,37250.0
2020-03-05,2020030501007126,NLG,34,5,12,640.0,7680.0
2020-03-05,2020030501007476,NLIC,41,32,368,1248.0,459264.0
2020-03-05,2020030501007475,NLIC,41,56,10,1248.0,12480.0
2020-03-05,2020030501007474,NLIC,41,56,50,1248.0,62400.0
2020-03-05,2020030501007473,NLIC,41,22,100,1247.0,124700.0
2020-03-05,2020030501007472,NLIC,41,13,86,1247.0,107242.0
2020-03-05,2020030501007471,NLIC,41,13,86,1246.0,107156.0
2020-03-05,2020030501007075,NLIC,48,42,100,1245.0,124500.0
2020-03-05,2020030501007286,NLIC,49,49,233,1246.0,290318.0
2020-03-05,2020030501007142,NLIC,49,32,267,1246.0,332682.0
2020-03-05,2020030501007113,NLIC,51,32,55,1246.0,68530.0
2020-03-05,2020030501007104,NLIC,39,32,500,1246.0,623000.0
2020-03-05,2020030501007082,NLIC,42,32,78,1246.0,97188.0
2020-03-05,2020030501007081,NLIC,42,35,22,1245.0,27390.0
2020-03-05,2020030501007421,NLIC,47,32,100,1245.0,124500.0
2020-03-05,2020030501007420,NLIC,51,32,50,1245.0,62250.0
2020-03-05,2020030501007393,NLIC,55,49,50,1247.0,62350.0
2020-03-05,2020030501007289,NLIC,49,49,500,1245.0,622500.0
2020-03-05,2020030501007288,NLIC,39,49,461,1246.0,574406.0
2020-03-05,2020030501007287,NLIC,1,49,24,1246.0,29904.0
2020-03-05,2020030501007310,NLICL,25,21,100,716.0,71600.0
2020-03-05,2020030501007255,NLICL,25,10,500,716.0,358000.0
2020-03-05,2020030501007254,NLICL,25,4,150,716.0,107400.0
2020-03-05,2020030501007191,NLICL,36,41,400,715.0,286000.0
2020-03-05,2020030501007190,NLICL,36,49,100,715.0,71500.0
2020-03-05,2020030501007189,NLICL,36,53,100,714.0,71400.0
2020-03-05,2020030501007188,NLICL,36,13,50,714.0,35700.0
2020-03-05,2020030501007187,NLICL,35,17,400,712.0,284800.0
2020-03-05,2020030501007186,NLICL,35,16,100,710.0,71000.0
2020-03-05,2020030501007519,NMB,45,59,63,463.0,29169.0
2020-03-05,2020030501007498,NMB,45,39,100,463.0,46300.0
2020-03-05,2020030501007459,NMB,45,36,50,463.0,23150.0
2020-03-05,2020030501007312,NMB,36,6,200,464.0,92800.0
2020-03-05,2020030501007311,NMB,8,6,500,464.0,232000.0
2020-03-05,2020030501007213,NMB,51,6,74,464.0,34336.0
2020-03-05,2020030501007134,NMB,41,4,432,464.0,200448.0
2020-03-05,2020030501007195,NMB,42,6,926,464.0,429664.0
2020-03-05,2020030501007194,NMB,42,34,450,464.0,208800.0
2020-03-05,2020030501007193,NMB,42,5,512,464.0,237568.0
2020-03-05,2020030501007192,NMB,42,42,912,464.0,423168.0
2020-03-05,2020030501007184,NMB,6,42,20,464.0,9280.0
2020-03-05,2020030501007135,NMB,41,42,68,464.0,31552.0
2020-03-05,2020030501007290,NMBMF,51,6,50,800.0,40000.0
2020-03-05,2020030501007480,NTC,28,6,320,658.0,210560.0
2020-03-05,2020030501007463,NTC,28,1,50,655.0,32750.0
2020-03-05,2020030501007410,NUBL,38,29,30,990.0,29700.0
2020-03-05,2020030501007409,NUBL,38,47,100,990.0,99000.0
2020-03-05,2020030501007408,NUBL,38,21,100,990.0,99000.0
2020-03-05,2020030501007407,NUBL,38,47,40,990.0,39600.0
2020-03-05,2020030501007102,NUBL,34,6,100,981.0,98100.0
2020-03-05,2020030501007321,OHL,57,36,10,442.0,4420.0
2020-03-05,2020030501007453,PCBL,1,50,161,302.0,48622.0
2020-03-05,2020030501007452,PCBL,1,52,39,302.0,11778.0
2020-03-05,2020030501007332,PCBL,21,13,171,301.0,51471.0
2020-03-05,2020030501007292,PCBL,34,52,108,302.0,32616.0
2020-03-05,2020030501007291,PCBL,34,47,192,302.0,57984.0
2020-03-05,2020030501007090,PCBL,57,11,300,301.0,90300.0
2020-03-05,2020030501007089,PCBL,57,14,500,301.0,150500.0
2020-03-05,2020030501007088,PCBL,57,47,100,300.0,30000.0
2020-03-05,2020030501007470,PFL,45,32,1180,163.0,192340.0
2020-03-05,2020030501007147,PLIC,29,45,10,590.0,5900.0
2020-03-05,2020030501007033,PMHPL,6,44,10,83.0,830.0
2020-03-05,2020030501007449,PPCL,49,14,370,117.0,43290.0
2020-03-05,2020030501007442,PPCL,45,14,500,118.0,59000.0
2020-03-05,2020030501007441,PPCL,39,14,90,118.0,10620.0
2020-03-05,2020030501007440,PPCL,6,14,90,119.0,10710.0
2020-03-05,2020030501007439,PPCL,45,14,60,120.0,7200.0
2020-03-05,2020030501007505,PRIN,22,22,100,441.0,44100.0
2020-03-05,2020030501007504,PRIN,56,22,50,441.0,22050.0
2020-03-05,2020030501007503,PRIN,35,22,50,442.0,22100.0
2020-03-05,2020030501007507,PRVU,34,51,50,256.0,12800.0
2020-03-05,2020030501007369,PRVU,34,6,1450,256.0,371200.0
2020-03-05,2020030501007368,PRVU,34,51,50,256.0,12800.0
2020-03-05,2020030501007313,PRVU,34,53,12,256.0,3072.0
2020-03-05,2020030501007149,PRVU,41,33,500,257.0,128500.0
2020-03-05,2020030501007094,PRVU,26,33,200,257.0,51400.0
2020-03-05,2020030501007513,RHPL,22,34,30,161.0,4830.0
2020-03-05,2020030501007416,RHPL,13,34,15,161.0,2415.0
2020-03-05,2020030501007415,RHPL,13,56,85,161.0,13685.0
2020-03-05,2020030501007322,RHPL,6,56,40,160.0,6400.0
2020-03-05,2020030501007280,RHPL,50,1,500,160.0,80000.0
2020-03-05,2020030501007138,RHPL,50,33,40,160.0,6400.0
2020-03-05,2020030501007083,RHPL,50,1,20,160.0,3200.0
2020-03-05,2020030501007049,RHPL,50,44,10,160.0,1600.0
2020-03-05,2020030501007520,RSDC,36,38,89,490.0,43610.0
2020-03-05,2020030501007434,RSDC,28,7,13,494.0,6422.0
2020-03-05,2020030501007433,RSDC,28,36,87,492.0,42804.0
2020-03-05,2020030501007375,RSDC,22,36,63,492.0,30996.0
2020-03-05,2020030501007300,RSDC,34,17,140,492.0,68880.0
2020-03-05,2020030501007133,RSDC,38,6,500,490.0,245000.0
2020-03-05,2020030501007132,RSDC,38,51,471,490.0,230790.0
2020-03-05,2020030501007086,RSDC,34,11,200,488.0,97600.0
2020-03-05,2020030501007343,SABSL,7,56,11,769.0,8459.0
2020-03-05,2020030501007045,SABSL,7,47,13,769.0,9997.0
2020-03-05,2020030501007044,SABSL,7,22,10,769.0,7690.0
2020-03-05,2020030501007216,SADBL,58,45,10,174.0,1740.0
2020-03-05,2020030501007263,SANIMA,13,57,200,366.0,73200.0
2020-03-05,2020030501007262,SANIMA,13,50,800,366.0,292800.0
2020-03-05,2020030501007183,SANIMA,57,50,200,366.0,73200.0
2020-03-05,2020030501007518,SBI,14,45,32,485.0,15520.0
2020-03-05,2020030501007412,SBI,45,45,50,485.0,24250.0
2020-03-05,2020030501007225,SBI,11,45,18,485.0,8730.0
2020-03-05,2020030501007224,SBI,11,1,100,485.0,48500.0
2020-03-05,2020030501007223,SBI,11,28,100,485.0,48500.0
2020-03-05,2020030501007222,SBI,11,51,282,485.0,136770.0
2020-03-05,2020030501007143,SBI,42,11,200,484.0,96800.0
2020-03-05,2020030501007141,SCB,44,22,10,697.0,6970.0
2020-03-05,2020030501007140,SCB,44,42,10,690.0,6900.0
2020-03-05,2020030501007494,SDESI,25,34,80,910.0,72800.0
2020-03-05,2020030501007462,SDESI,34,34,10,910.0,9100.0
2020-03-05,2020030501007461,SDESI,19,34,10,918.0,9180.0
2020-03-05,2020030501007253,SDESI,36,42,11,900.0,9900.0
2020-03-05,2020030501007158,SHINE,40,41,100,297.0,29700.0
2020-03-05,2020030501007323,SHINE,26,48,10,298.0,2980.0
2020-03-05,2020030501007251,SHIVM,1,48,100,604.0,60400.0
2020-03-05,2020030501007214,SHIVM,37,14,500,598.0,299000.0
2020-03-05,2020030501007165,SHIVM,37,1,250,600.0,150000.0
2020-03-05,2020030501007376,SHPC,44,45,2000,221.0,442000.0
2020-03-05,2020030501007117,SHPC,26,28,86,225.0,19350.0
2020-03-05,2020030501007116,SHPC,26,42,14,225.0,3150.0
2020-03-05,2020030501007069,SHPC,34,42,82,223.0,18286.0
2020-03-05,2020030501007511,SICL,43,10,257,980.0,251860.0
2020-03-05,2020030501007510,SICL,51,10,100,980.0,98000.0
2020-03-05,2020030501007509,SICL,43,10,13,980.0,12740.0
2020-03-05,2020030501007160,SICL,50,10,100,975.0,97500.0
2020-03-05,2020030501007159,SICL,26,10,49,980.0,48020.0
2020-03-05,2020030501007123,SICL,26,6,100,980.0,98000.0
2020-03-05,2020030501007085,SICL,50,10,900,975.0,877500.0
2020-03-05,2020030501007084,SICL,59,10,100,975.0,97500.0
2020-03-05,2020030501007032,SICL,36,10,630,975.0,614250.0
2020-03-05,2020030501007356,SICL,43,10,287,980.0,281260.0
2020-03-05,2020030501007161,SICL,58,10,851,975.0,829725.0
2020-03-05,2020030501007447,SIL,59,45,10,571.0,5710.0
2020-03-05,2020030501007451,SINDU,1,33,10,132.0,1320.0
2020-03-05,2020030501007450,SINDU,1,41,50,132.0,6600.0
2020-03-05,2020030501007327,SINDU,26,49,905,131.0,118555.0
2020-03-05,2020030501007455,SJCL,22,45,10,154.0,1540.0
2020-03-05,2020030501007454,SJCL,6,56,10,153.0,1530.0
2020-03-05,2020030501007093,SJCL,59,44,10,152.0,1520.0
2020-03-05,2020030501007335,SJCL,6,55,20,153.0,3060.0
2020-03-05,2020030501007334,SJCL,6,1,10,153.0,1530.0
2020-03-05,2020030501007333,SJCL,6,1,10,153.0,1530.0
2020-03-05,2020030501007349,SKBBL,57,45,600,1127.0,676200.0
2020-03-05,2020030501007348,SKBBL,57,26,19,1125.0,21375.0
2020-03-05,2020030501007347,SKBBL,57,56,100,1125.0,112500.0
2020-03-05,2020030501007236,SKBBL,38,29,100,1122.0,112200.0
2020-03-05,2020030501007235,SKBBL,38,48,311,1122.0,348942.0
2020-03-05,2020030501007076,SKBBL,7,42,100,1105.0,110500.0
2020-03-05,2020030501007269,SLBBL,58,52,200,879.0,175800.0
2020-03-05,2020030501007268,SLBBL,58,17,500,878.0,439000.0
2020-03-05,2020030501007267,SLBBL,58,49,220,877.0,192940.0
2020-03-05,2020030501007266,SLBBL,58,38,211,877.0,185047.0
2020-03-05,2020030501007438,SLBBL,58,46,100,880.0,88000.0
2020-03-05,2020030501007272,SLBBL,58,22,500,880.0,440000.0
2020-03-05,2020030501007271,SLBBL,58,48,100,880.0,88000.0
2020-03-05,2020030501007270,SLBBL,58,49,10,880.0,8800.0
2020-03-05,2020030501007070,SLBSL,52,58,10,820.0,8200.0
2020-03-05,2020030501007523,SLICL,13,28,200,471.0,94200.0
2020-03-05,2020030501007522,SLICL,55,28,100,472.0,47200.0
2020-03-05,2020030501007521,SLICL,13,28,200,472.0,94400.0
2020-03-05,2020030501007458,SMATA,7,58,30,707.0,21210.0
2020-03-05,2020030501007457,SMATA,25,58,20,707.0,14140.0
2020-03-05,2020030501007386,SMB,32,51,10,945.0,9450.0
2020-03-05,2020030501007372,SMB,32,56,10,945.0,9450.0
2020-03-05,2020030501007127,SMB,32,46,10,945.0,9450.0
2020-03-05,2020030501007119,SMB,32,57,40,945.0,37800.0
2020-03-05,2020030501007432,SMFBS,34,51,10,999.0,9990.0
2020-03-05,2020030501007237,SMFBS,25,1,10,990.0,9900.0
2020-03-05,2020030501007264,SRBL,57,45,370,261.0,96570.0
2020-03-05,2020030501007139,SRBL,34,35,50,260.0,13000.0
2020-03-05,2020030501007122,SRBL,34,42,204,260.0,53040.0
2020-03-05,2020030501007121,SRBL,50,42,200,260.0,52000.0
2020-03-05,2020030501007388,TMDBL,39,14,100,190.0,19000.0
2020-03-05,2020030501007387,TMDBL,39,14,100,190.0,19000.0
2020-03-05,2020030501007316,UIC,42,45,200,375.0,75000.0
2020-03-05,2020030501007315,UIC,42,55,102,375.0,38250.0
2020-03-05,2020030501007302,UIC,42,21,100,374.0,37400.0
2020-03-05,2020030501007261,UIC,1,6,200,373.0,74600.0
2020-03-05,2020030501007146,UIC,6,57,25,374.0,9350.0
2020-03-05,2020030501007493,UPPER,55,45,50,238.0,11900.0
2020-03-05,2020030501007492,UPPER,55,17,50,238.0,11900.0
2020-03-05,2020030501007491,UPPER,55,45,40,238.0,9520.0
2020-03-05,2020030501007490,UPPER,55,35,40,238.0,9520.0
2020-03-05,2020030501007489,UPPER,55,44,50,238.0,11900.0
2020-03-05,2020030501007488,UPPER,55,11,50,238.0,11900.0
2020-03-05,2020030501007179,UPPER,6,44,40,235.0,9400.0
2020-03-05,2020030501007105,UPPER,29,44,10,235.0,2350.0
2020-03-05,2020030501007095,UPPER,29,33,40,235.0,9400.0
2020-03-05,2020030501007198,UPPER,57,55,100,236.0,23600.0
2020-03-05,2020030501007197,UPPER,57,1,100,236.0,23600.0
2020-03-05,2020030501007481,UPPER,55,55,290,236.0,68440.0
2020-03-05,2020030501007377,UPPER,6,42,51,235.0,11985.0
2020-03-05,2020030501007487,UPPER,55,13,500,238.0,119000.0
2020-03-05,2020030501007486,UPPER,55,34,50,238.0,11900.0
2020-03-05,2020030501007485,UPPER,55,3,10,238.0,2380.0
2020-03-05,2020030501007484,UPPER,55,32,50,237.0,11850.0
2020-03-05,2020030501007483,UPPER,55,45,400,237.0,94800.0
2020-03-05,2020030501007482,UPPER,55,13,50,236.0,11800.0
2020-03-05,2020030501007378,WOMI,41,10,120,1000.0,120000.0
2020-03-05,2020030501007252,WOMI,43,42,67,1001.0,67067.0
2020-03-05,2020030501007241,WOMI,43,55,125,1010.0,126250.0
2020-03-05,2020030501000003,CBBL,43,53,20,1000.0,20000.0
2020-03-05,2020030501000027,CCBL,51,53,500,184.0,92000.0
2020-03-05,2020030501000023,GBIME,42,34,20,285.0,5700.0
2020-03-05,2020030501000019,GBIME,59,34,10,290.0,2900.0
2020-03-05,2020030501000007,GBLBS,39,45,40,480.0,19200.0
2020-03-05,2020030501000030,GLICL,40,45,50,498.0,24900.0
2020-03-05,2020030501000029,GLICL,40,39,50,498.0,24900.0
2020-03-05,2020030501000020,GLICL,46,48,10,489.0,4890.0
2020-03-05,2020030501000012,GLICL,43,48,50,480.0,24000.0
2020-03-05,2020030501000004,GLICL,43,48,50,475.0,23750.0
2020-03-05,2020030501000005,GMFIL,32,47,10,141.0,1410.0
2020-03-05,2020030501000028,KBL,6,40,500,207.0,103500.0
2020-03-05,2020030501000009,KBL,6,40,1000,207.0,207000.0
2020-03-05,2020030501000002,MBL,10,58,10,255.0,2550.0
2020-03-05,2020030501000008,NBB,49,49,788,229.0,180452.0
2020-03-05,2020030501000017,NBL,50,40,449,284.0,127516.0
2020-03-05,2020030501000016,NBL,14,40,51,284.0,14484.0
2020-03-05,2020030501000018,NICA,34,35,100,570.0,57000.0
2020-03-05,2020030501000010,NICA,57,21,500,577.0,288500.0
2020-03-05,2020030501000001,NICA,43,29,50,588.0,29400.0
2020-03-05,2020030501000026,NLIC,34,34,10000,1245.0,12450000.0
2020-03-05,2020030501000025,NMB,36,41,113,454.0,51302.0
2020-03-05,2020030501000015,NMB,53,53,50,453.0,22650.0
2020-03-05,2020030501000014,NMB,45,53,250,453.0,113250.0
2020-03-05,2020030501000013,NMB,49,53,1000,453.0,453000.0
2020-03-05,2020030501000031,SANIMA,20,58,50,363.0,18150.0
2020-03-05,2020030501000022,SANIMA,20,40,500,363.0,181500.0
2020-03-05,2020030501000006,SBL,11,59,100,323.0,32300.0
2020-03-05,2020030501000024,SHL,34,34,100,177.0,17700.0
2020-03-05,2020030501000021,SLICL,49,53,100,465.0,46500.0
2020-03-05,2020030501000011,SLICL,17,44,10,460.0,4600.0
2020-03-05,2020030501006745,AHPC,52,43,100,100.0,10000.0
2020-03-05,2020030501006825,AKJCL,59,44,10,52.0,520.0
2020-03-05,2020030501006715,AKPL,41,43,68,126.0,8568.0
2020-03-05,2020030501006680,AKPL,10,43,100,126.0,12600.0
2020-03-05,2020030501006979,ALBSL,18,40,11,690.0,7590.0
2020-03-05,2020030501006942,ALBSL,18,36,11,690.0,7590.0
2020-03-05,2020030501006924,ALBSL,18,51,11,690.0,7590.0
2020-03-05,2020030501006777,ALBSL,20,47,11,688.0,7568.0
2020-03-05,2020030501006740,ALBSL,21,44,11,676.0,7436.0
2020-03-05,2020030501007015,ALICL,38,38,107,577.0,61739.0
2020-03-05,2020030501006906,ALICL,57,38,292,577.0,168484.0
2020-03-05,2020030501006874,ALICL,57,51,200,577.0,115400.0
2020-03-05,2020030501006873,ALICL,57,41,100,577.0,57700.0
2020-03-05,2020030501006872,ALICL,57,17,207,576.0,119232.0
2020-03-05,2020030501006871,ALICL,57,57,71,575.0,40825.0
2020-03-05,2020030501006870,ALICL,57,54,80,575.0,46000.0
2020-03-05,2020030501006869,ALICL,57,45,50,575.0,28750.0
2020-03-05,2020030501006807,ALICL,44,22,110,574.0,63140.0
2020-03-05,2020030501006806,ALICL,44,52,25,574.0,14350.0
2020-03-05,2020030501006583,ALICL,41,42,181,570.0,103170.0
2020-03-05,2020030501006595,API,36,1,200,132.0,26400.0
2020-03-05,2020030501006840,BOKL,45,11,500,247.0,123500.0
2020-03-05,2020030501006761,BOKL,19,29,48,247.0,11856.0
2020-03-05,2020030501006692,BOKL,21,50,32,245.0,7840.0
2020-03-05,2020030501006553,BOKL,44,50,438,245.0,107310.0
2020-03-05,2020030501006994,CBL,44,49,1800,149.0,268200.0
2020-03-05,2020030501006932,CBL,44,48,200,149.0,29800.0
2020-03-05,2020030501006886,CBL,44,17,1169,149.0,174181.0
2020-03-05,2020030501006845,CBL,51,11,850,148.0,125800.0
2020-03-05,2020030501006643,CBL,51,42,131,148.0,19388.0
2020-03-05,2020030501007027,CCBL,58,35,122,185.0,22570.0
2020-03-05,2020030501007026,CCBL,58,56,60,185.0,11100.0
2020-03-05,2020030501007025,CCBL,58,55,107,185.0,19795.0
2020-03-05,2020030501007001,CCBL,36,36,97,184.0,17848.0
2020-03-05,2020030501006673,CCBL,39,6,975,184.0,179400.0
2020-03-05,2020030501006669,CCBL,45,42,172,183.0,31476.0
2020-03-05,2020030501006664,CCBL,45,49,61,183.0,11163.0
2020-03-05,2020030501006588,CCBL,1,6,25,184.0,4600.0
2020-03-05,2020030501006587,CCBL,1,47,175,184.0,32200.0
2020-03-05,2020030501007020,CHCL,47,36,26,410.0,10660.0
2020-03-05,2020030501006862,CIT,43,7,100,2689.0,268900.0
2020-03-05,2020030501006570,CIT,13,45,50,2680.0,134000.0
2020-03-05,2020030501007012,CZBIL,29,37,300,206.0,61800.0
2020-03-05,2020030501007011,CZBIL,29,58,63,206.0,12978.0
2020-03-05,2020030501006885,CZBIL,47,58,190,206.0,39140.0
2020-03-05,2020030501006884,CZBIL,47,22,10,206.0,2060.0
2020-03-05,2020030501006883,CZBIL,47,1,300,205.0,61500.0
2020-03-05,2020030501006850,CZBIL,51,44,10,204.0,2040.0
2020-03-05,2020030501006757,CZBIL,51,42,634,204.0,129336.0
2020-03-05,2020030501006731,CZBIL,49,14,500,205.0,102500.0
2020-03-05,2020030501007006,DDBL,13,14,50,850.0,42500.0
2020-03-05,2020030501007005,DDBL,13,34,32,850.0,27200.0
2020-03-05,2020030501006996,DDBL,41,34,68,850.0,57800.0
2020-03-05,2020030501006995,DDBL,41,29,132,850.0,112200.0
2020-03-05,2020030501006772,DDBL,22,29,40,850.0,34000.0
2020-03-05,2020030501006771,DDBL,22,34,60,846.0,50760.0
2020-03-05,2020030501006698,DDBL,44,57,24,840.0,20160.0
2020-03-05,2020030501006645,DDBL,44,57,20,840.0,16800.0
2020-03-05,2020030501006779,DHPL,42,42,10,50.0,500.0
2020-03-05,2020030501006877,EBL,45,5,255,750.0,191250.0
2020-03-05,2020030501006754,EBL,26,50,503,750.0,377250.0
2020-03-05,2020030501006753,EBL,26,58,49,750.0,36750.0
2020-03-05,2020030501006656,EBL,41,57,78,748.0,58344.0
2020-03-05,2020030501006602,EBL,58,57,100,748.0,74800.0
2020-03-05,2020030501006988,EDBL,13,49,150,394.0,59100.0
2020-03-05,2020030501006793,EDBL,34,49,100,394.0,39400.0
2020-03-05,2020030501006928,EIC,52,51,200,402.0,80400.0
2020-03-05,2020030501006867,EIC,57,50,200,400.0,80000.0
2020-03-05,2020030501006866,EIC,57,45,200,400.0,80000.0
2020-03-05,2020030501006847,EIC,57,25,40,398.0,15920.0
2020-03-05,2020030501006843,EIC,28,51,50,396.0,19800.0
2020-03-05,2020030501006788,EIC,52,22,50,398.0,19900.0
2020-03-05,2020030501006554,EIC,37,49,500,397.0,198500.0
2020-03-05,2020030501007031,FMDBL,41,38,100,496.0,49600.0
2020-03-05,2020030501007030,FMDBL,41,6,100,495.0,49500.0
2020-03-05,2020030501007029,FMDBL,41,51,85,494.0,41990.0
2020-03-05,2020030501006846,FMDBL,52,45,50,490.0,24500.0
2020-03-05,2020030501006814,FMDBL,52,34,17,487.0,8279.0
2020-03-05,2020030501006780,FOWAD,26,45,50,1457.0,72850.0
2020-03-05,2020030501006985,GBBL,25,6,11,242.0,2662.0
2020-03-05,2020030501006857,GBBL,25,4,1000,243.0,243000.0
2020-03-05,2020030501006918,GBIME,42,11,700,288.0,201600.0
2020-03-05,2020030501006733,GBIME,17,16,174,287.0,49938.0
2020-03-05,2020030501006732,GBIME,6,16,30,287.0,8610.0
2020-03-05,2020030501006671,GBIME,6,50,470,287.0,134890.0
2020-03-05,2020030501006644,GBIME,43,50,200,287.0,57400.0
2020-03-05,2020030501006585,GBIME,1,50,300,287.0,86100.0
2020-03-05,2020030501006584,GBIME,34,45,90,286.0,25740.0
2020-03-05,2020030501006769,GGBSL,58,44,10,755.0,7550.0
2020-03-05,2020030501006768,GGBSL,58,17,10,755.0,7550.0
2020-03-05,2020030501006907,GILB,36,14,200,1338.0,267600.0
2020-03-05,2020030501006898,GILB,43,44,200,1337.0,267400.0
2020-03-05,2020030501006693,GILB,48,22,21,1335.0,28035.0
2020-03-05,2020030501006608,GILB,36,32,150,1330.0,199500.0
2020-03-05,2020030501006607,GILB,36,19,120,1330.0,159600.0
2020-03-05,2020030501006606,GILB,36,5,39,1330.0,51870.0
2020-03-05,2020030501006605,GILB,36,42,50,1330.0,66500.0
2020-03-05,2020030501006967,GLBSL,36,45,15,629.0,9435.0
2020-03-05,2020030501006966,GLBSL,36,45,15,628.0,9420.0
2020-03-05,2020030501006965,GLBSL,36,51,73,628.0,45844.0
2020-03-05,2020030501006964,GLBSL,36,51,10,625.0,6250.0
2020-03-05,2020030501006953,GLBSL,53,51,10,620.0,6200.0
2020-03-05,2020030501006534,GLBSL,45,44,10,618.0,6180.0
2020-03-05,2020030501006950,GLICL,53,7,122,485.0,59170.0
2020-03-05,2020030501006949,GLICL,53,6,340,485.0,164900.0
2020-03-05,2020030501006948,GLICL,53,22,200,485.0,97000.0
2020-03-05,2020030501006947,GLICL,53,21,20,485.0,9700.0
2020-03-05,2020030501006946,GLICL,53,13,150,485.0,72750.0
2020-03-05,2020030501006945,GLICL,53,51,48,484.0,23232.0
2020-03-05,2020030501006774,GLICL,32,35,1000,483.0,483000.0
2020-03-05,2020030501006736,GLICL,42,41,40,482.0,19280.0
2020-03-05,2020030501006917,GLICL,44,51,40,484.0,19360.0
2020-03-05,2020030501006910,GLICL,42,42,221,483.0,106743.0
2020-03-05,2020030501006856,GLICL,17,51,50,484.0,24200.0
2020-03-05,2020030501006834,GLICL,42,16,50,483.0,24150.0
2020-03-05,2020030501006827,GLICL,55,51,12,484.0,5808.0
2020-03-05,2020030501006826,GLICL,55,41,38,484.0,18392.0
2020-03-05,2020030501006569,HBL,33,14,50,610.0,30500.0
2020-03-05,2020030501006568,HBL,33,45,50,610.0,30500.0
2020-03-05,2020030501006567,HBL,33,26,300,610.0,183000.0
2020-03-05,2020030501006566,HBL,33,28,200,610.0,122000.0
2020-03-05,2020030501006565,HBL,33,7,100,606.0,60600.0
2020-03-05,2020030501006564,HBL,33,49,24,606.0,14544.0
2020-03-05,2020030501006563,HBL,33,49,500,605.0,302500.0
2020-03-05,2020030501006959,HDL,46,48,100,1635.0,163500.0
2020-03-05,2020030501006923,HDL,43,42,50,1635.0,81750.0
2020-03-05,2020030501006849,HDL,53,11,25,1640.0,41000.0
2020-03-05,2020030501006838,HDL,32,11,50,1640.0,82000.0
2020-03-05,2020030501006820,HDL,54,11,25,1640.0,41000.0
2020-03-05,2020030501006819,HDL,54,1,100,1635.0,163500.0
2020-03-05,2020030501006756,HDL,45,6,50,1625.0,81250.0
2020-03-05,2020030501006596,HDL,57,57,100,1621.0,162100.0
2020-03-05,2020030501006796,HDL,57,59,80,1635.0,130800.0
2020-03-05,2020030501006795,HDL,57,55,13,1634.0,21242.0
2020-03-05,2020030501006786,HDL,52,22,50,1630.0,81500.0
2020-03-05,2020030501006785,HDL,44,22,50,1630.0,81500.0
2020-03-05,2020030501006765,HDL,44,6,10,1630.0,16300.0
2020-03-05,2020030501006764,HDL,44,6,40,1625.0,65000.0
2020-03-05,2020030501006993,HGI,57,21,29,406.0,11774.0
2020-03-05,2020030501006848,HGI,57,21,10,406.0,4060.0
2020-03-05,2020030501006831,HGI,57,48,200,406.0,81200.0
2020-03-05,2020030501006739,HGI,57,45,100,406.0,40600.0
2020-03-05,2020030501006738,HGI,57,48,100,404.0,40400.0
2020-03-05,2020030501006737,HGI,57,57,50,404.0,20200.0
2020-03-05,2020030501006709,HGI,57,21,10,403.0,4030.0
2020-03-05,2020030501006701,HGI,57,17,100,403.0,40300.0
2020-03-05,2020030501006700,HGI,57,16,250,402.0,100500.0
2020-03-05,2020030501006699,HGI,57,42,151,401.0,60551.0
2020-03-05,2020030501006672,HGI,46,49,180,400.0,72000.0
2020-03-05,2020030501006955,HIDCL,59,11,100,137.0,13700.0
2020-03-05,2020030501006801,HIDCL,17,42,31,136.0,4216.0
2020-03-05,2020030501006815,HPPL,5,42,10,143.0,1430.0
2020-03-05,2020030501006616,HPPL,41,14,20,145.0,2900.0
2020-03-05,2020030501006615,HPPL,41,54,200,145.0,29000.0
2020-03-05,2020030501006614,HPPL,41,7,20,145.0,2900.0
2020-03-05,2020030501006613,HPPL,41,47,10,145.0,1450.0
2020-03-05,2020030501006612,HPPL,41,42,10,145.0,1450.0
2020-03-05,2020030501006611,HPPL,41,42,20,145.0,2900.0
2020-03-05,2020030501006610,HPPL,41,42,20,145.0,2900.0
2020-03-05,2020030501006609,HPPL,41,7,10,144.0,1440.0
2020-03-05,2020030501006555,HPPL,5,11,10,143.0,1430.0
2020-03-05,2020030501006963,IGI,42,42,80,421.0,33680.0
2020-03-05,2020030501006962,IGI,29,42,20,424.0,8480.0
2020-03-05,2020030501006968,ILBS,53,37,10,725.0,7250.0
2020-03-05,2020030501006804,ILBS,53,10,10,725.0,7250.0
2020-03-05,2020030501006792,ILBS,53,44,10,725.0,7250.0
2020-03-05,2020030501006654,ILBS,45,6,55,735.0,40425.0
2020-03-05,2020030501006653,ILBS,45,28,10,735.0,7350.0
2020-03-05,2020030501006652,ILBS,45,19,10,735.0,7350.0
2020-03-05,2020030501006651,ILBS,45,13,10,735.0,7350.0
2020-03-05,2020030501006650,ILBS,45,14,20,735.0,14700.0
2020-03-05,2020030501006868,JOSHI,36,44,20,61.0,1220.0
2020-03-05,2020030501006571,JOSHI,36,44,20,61.0,1220.0
2020-03-05,2020030501006747,JSLBB,34,55,250,1499.0,374750.0
2020-03-05,2020030501006582,JSLBB,45,55,100,1485.0,148500.0
2020-03-05,2020030501007008,KBL,43,20,1835,210.0,385350.0
2020-03-05,2020030501006929,KBL,48,19,55,209.0,11495.0
2020-03-05,2020030501006714,KBL,39,20,100,210.0,21000.0
2020-03-05,2020030501006575,KBL,6,20,65,210.0,13650.0
2020-03-05,2020030501006841,KKHC,36,42,10,59.0,590.0
2020-03-05,2020030501006550,KKHC,36,34,78,58.0,4524.0
2020-03-05,2020030501006549,KKHC,36,42,10,57.0,570.0
2020-03-05,2020030501006548,KKHC,36,42,10,57.0,570.0
2020-03-05,2020030501006547,KKHC,36,41,16,57.0,912.0
2020-03-05,2020030501006546,KKHC,36,41,16,57.0,912.0
2020-03-05,2020030501006545,KKHC,36,42,10,57.0,570.0
2020-03-05,2020030501006544,KKHC,36,42,10,57.0,570.0
2020-03-05,2020030501006543,KKHC,36,42,10,57.0,570.0
2020-03-05,2020030501007028,KMCDB,53,56,10,870.0,8700.0
2020-03-05,2020030501007021,KMCDB,44,10,50,869.0,43450.0
2020-03-05,2020030501006952,KMCDB,7,22,300,867.0,260100.0
2020-03-05,2020030501006951,KMCDB,7,44,10,864.0,8640.0
2020-03-05,2020030501006861,KMCDB,7,22,10,867.0,8670.0
2020-03-05,2020030501006860,KMCDB,7,54,10,866.0,8660.0
2020-03-05,2020030501006859,KMCDB,7,58,10,865.0,8650.0
2020-03-05,2020030501006798,KMCDB,43,33,10,861.0,8610.0
2020-03-05,2020030501006573,KMCDB,7,52,500,865.0,432500.0
2020-03-05,2020030501006532,KMCDB,58,11,10,860.0,8600.0
2020-03-05,2020030501006933,KPCL,11,44,10,105.0,1050.0
2020-03-05,2020030501006854,KPCL,11,33,10,105.0,1050.0
2020-03-05,2020030501006678,KPCL,11,6,10,105.0,1050.0
2020-03-05,2020030501006593,KPCL,45,44,10,107.0,1070.0
2020-03-05,2020030501006851,LBBL,16,42,65,192.0,12480.0
2020-03-05,2020030501006899,LBL,51,49,100,229.0,22900.0
2020-03-05,2020030501006903,LGIL,48,45,997,493.0,491521.0
2020-03-05,2020030501006686,LGIL,50,48,50,491.0,24550.0
2020-03-05,2020030501006879,LICN,41,16,50,1461.0,73050.0
2020-03-05,2020030501006830,LICN,34,16,200,1461.0,292200.0
2020-03-05,2020030501006829,LICN,1,16,200,1462.0,292400.0
2020-03-05,2020030501006748,LICN,34,35,43,1475.0,63425.0
2020-03-05,2020030501006718,LICN,1,8,14,1482.0,20748.0
2020-03-05,2020030501006704,LICN,1,51,50,1480.0,74000.0
2020-03-05,2020030501006703,LICN,1,46,63,1480.0,93240.0
2020-03-05,2020030501006992,LLBS,57,44,98,1040.0,101920.0
2020-03-05,2020030501006991,LLBS,57,35,27,1038.0,28026.0
2020-03-05,2020030501006990,LLBS,57,54,25,1035.0,25875.0
2020-03-05,2020030501006989,LLBS,57,35,50,1035.0,51750.0
2020-03-05,2020030501006921,LLBS,26,40,10,1030.0,10300.0
2020-03-05,2020030501006920,LLBS,26,40,113,1030.0,116390.0
2020-03-05,2020030501007022,MBL,59,29,200,247.0,49400.0
2020-03-05,2020030501006902,MDB,58,53,99,450.0,44550.0
2020-03-05,2020030501006901,MDB,58,43,702,450.0,315900.0
2020-03-05,2020030501006900,MDB,58,45,117,450.0,52650.0
2020-03-05,2020030501006880,MDB,58,52,1447,449.0,649703.0
2020-03-05,2020030501006617,MDB,28,52,91,449.0,40859.0
2020-03-05,2020030501006916,MEGA,1,19,104,229.0,23816.0
2020-03-05,2020030501006858,MEGA,1,42,73,228.0,16644.0
2020-03-05,2020030501006828,MEGA,36,50,720,229.0,164880.0
2020-03-05,2020030501006812,MEGA,1,26,21,228.0,4788.0
2020-03-05,2020030501006763,MEGA,1,11,900,228.0,205200.0
2020-03-05,2020030501006551,MEGA,10,36,100,229.0,22900.0
2020-03-05,2020030501006762,MEGA,52,11,100,228.0,22800.0
2020-03-05,2020030501006722,MEGA,36,50,84,229.0,19236.0
2020-03-05,2020030501006721,MEGA,36,41,116,229.0,26564.0
2020-03-05,2020030501006597,MEGA,59,36,100,229.0,22900.0
2020-03-05,2020030501006767,MERO,41,29,100,639.0,63900.0
2020-03-05,2020030501006766,MERO,41,50,100,634.0,63400.0
2020-03-05,2020030501006730,MERO,41,13,43,631.0,27133.0
2020-03-05,2020030501007019,MFIL,6,11,400,291.0,116400.0
2020-03-05,2020030501006794,MFIL,49,47,270,293.0,79110.0
2020-03-05,2020030501006657,MFIL,43,47,10,293.0,2930.0
2020-03-05,2020030501006619,MFIL,16,25,127,290.0,36830.0
2020-03-05,2020030501006618,MFIL,16,25,23,291.0,6693.0
2020-03-05,2020030501006882,MLBL,40,42,38,219.0,8322.0
2020-03-05,2020030501006881,MLBL,21,42,90,219.0,19710.0
2020-03-05,2020030501006803,MLBL,38,6,110,223.0,24530.0
2020-03-05,2020030501006797,MLBL,21,45,20,220.0,4400.0
2020-03-05,2020030501006586,MLBL,38,10,98,220.0,21560.0
2020-03-05,2020030501006574,MLBL,38,10,97,220.0,21340.0
2020-03-05,2020030501006717,MLBL,38,10,105,220.0,23100.0
2020-03-05,2020030501006707,MLBL,38,10,104,220.0,22880.0
2020-03-05,2020030501006681,MLBL,38,10,103,220.0,22660.0
2020-03-05,2020030501006674,MLBL,38,10,102,220.0,22440.0
2020-03-05,2020030501006667,MLBL,38,10,100,220.0,22000.0
2020-03-05,2020030501006604,MLBL,38,10,98,220.0,21560.0
2020-03-05,2020030501006755,MLBL,38,45,108,220.0,23760.0
2020-03-05,2020030501006744,MLBL,21,10,100,220.0,22000.0
2020-03-05,2020030501006735,MLBL,38,10,107,220.0,23540.0
2020-03-05,2020030501007013,MNBBL,26,19,100,332.0,33200.0
2020-03-05,2020030501006981,MNBBL,44,19,1000,332.0,332000.0
2020-03-05,2020030501006944,MNBBL,6,19,3000,332.0,996000.0
2020-03-05,2020030501006818,MNBBL,58,19,691,332.0,229412.0
2020-03-05,2020030501006817,MNBBL,58,41,159,332.0,52788.0
2020-03-05,2020030501006775,MNBBL,43,19,50,332.0,16600.0
2020-03-05,2020030501006904,MSMBS,46,42,11,741.0,8151.0
2020-03-05,2020030501006864,NABIL,33,6,100,835.0,83500.0
2020-03-05,2020030501006836,NABIL,45,28,100,835.0,83500.0
2020-03-05,2020030501006685,NABIL,33,39,200,838.0,167600.0
2020-03-05,2020030501006684,NABIL,33,43,156,836.0,130416.0
2020-03-05,2020030501006666,NABIL,34,8,500,835.0,417500.0
2020-03-05,2020030501006665,NABIL,34,16,1000,835.0,835000.0
2020-03-05,2020030501006628,NABIL,34,16,1000,835.0,835000.0
2020-03-05,2020030501006627,NABIL,34,8,500,835.0,417500.0
2020-03-05,2020030501006682,NADEP,34,33,23,660.0,15180.0
2020-03-05,2020030501006670,NADEP,38,44,13,662.0,8606.0
2020-03-05,2020030501006655,NADEP,34,51,50,660.0,33000.0
2020-03-05,2020030501006591,NADEP,44,51,50,660.0,33000.0
2020-03-05,2020030501006984,NBB,34,8,163,223.0,36349.0
2020-03-05,2020030501006983,NBB,47,8,200,223.0,44600.0
2020-03-05,2020030501006982,NBB,49,8,137,223.0,30551.0
2020-03-05,2020030501006778,NBB,47,33,25,225.0,5625.0
2020-03-05,2020030501006691,NBB,5,33,46,225.0,10350.0
2020-03-05,2020030501006690,NBB,5,13,86,225.0,19350.0
2020-03-05,2020030501006689,NBB,5,41,168,225.0,37800.0
2020-03-05,2020030501006986,NBL,57,13,500,285.0,142500.0
2020-03-05,2020030501006876,NBL,21,13,166,285.0,47310.0
2020-03-05,2020030501006875,NBL,21,48,334,285.0,95190.0
2020-03-05,2020030501006675,NBL,58,49,36,284.0,10224.0
2020-03-05,2020030501006974,NCCB,44,57,1000,201.0,201000.0
2020-03-05,2020030501006813,NCCB,44,52,1000,201.0,201000.0
2020-03-05,2020030501006594,NHPC,56,6,300,60.0,18000.0
2020-03-05,2020030501006805,NIB,57,37,100,421.0,42100.0
2020-03-05,2020030501006660,NIB,45,47,66,423.0,27918.0
2020-03-05,2020030501006659,NIB,45,50,170,423.0,71910.0
2020-03-05,2020030501006658,NIB,45,11,250,423.0,105750.0
2020-03-05,2020030501006572,NIB,57,51,70,422.0,29540.0
2020-03-05,2020030501006560,NIB,5,49,500,422.0,211000.0
2020-03-05,2020030501006695,NIBLPF,54,35,3515,8.24,28963.6
2020-03-05,2020030501006694,NIBLPF,38,35,2000,8.3,16600.0
2020-03-05,2020030501006980,NICA,34,57,200,572.0,114400.0
2020-03-05,2020030501006978,NICA,1,57,100,572.0,57200.0
2020-03-05,2020030501006943,NICA,58,57,100,572.0,57200.0
2020-03-05,2020030501006937,NICA,48,33,89,570.0,50730.0
2020-03-05,2020030501006802,NICA,41,50,601,571.0,343171.0
2020-03-05,2020030501006729,NICA,58,17,350,568.0,198800.0
2020-03-05,2020030501006713,NICA,58,28,1000,570.0,570000.0
2020-03-05,2020030501006697,NICA,58,28,100,570.0,57000.0
2020-03-05,2020030501006649,NICA,58,49,292,568.0,165856.0
2020-03-05,2020030501006648,NICA,49,49,200,569.0,113800.0
2020-03-05,2020030501006535,NICA,59,28,50,570.0,28500.0
2020-03-05,2020030501006533,NICA,32,28,200,570.0,114000.0
2020-03-05,2020030501006728,NICA,22,17,150,569.0,85350.0
2020-03-05,2020030501006727,NICA,59,17,500,569.0,284500.0
2020-03-05,2020030501006726,NICA,58,17,1000,570.0,570000.0
2020-03-05,2020030501006725,NICA,58,28,1347,570.0,767790.0
2020-03-05,2020030501006724,NICA,58,28,1142,570.0,650940.0
2020-03-05,2020030501006723,NICA,58,28,401,570.0,228570.0
2020-03-05,2020030501007018,NICL,33,42,100,460.0,46000.0
2020-03-05,2020030501006936,NICL,52,56,200,460.0,92000.0
2020-03-05,2020030501006935,NICL,52,33,500,460.0,230000.0
2020-03-05,2020030501006926,NICL,50,29,100,458.0,45800.0
2020-03-05,2020030501006925,NICL,50,5,107,457.0,48899.0
2020-03-05,2020030501006773,NICL,43,29,200,459.0,91800.0
2020-03-05,2020030501006760,NICL,43,35,100,459.0,45900.0
2020-03-05,2020030501006759,NICL,43,37,200,459.0,91800.0
2020-03-05,2020030501006708,NICL,1,19,100,458.0,45800.0
2020-03-05,2020030501006688,NICL,1,34,165,456.0,75240.0
2020-03-05,2020030501006741,NIL,43,58,13,575.0,7475.0
2020-03-05,2020030501007024,NLIC,38,35,88,1244.0,109472.0
2020-03-05,2020030501007023,NLIC,6,35,111,1244.0,138084.0
2020-03-05,2020030501007014,NLIC,6,7,22,1244.0,27368.0
2020-03-05,2020030501006908,NLIC,11,32,50,1246.0,62300.0
2020-03-05,2020030501006824,NLIC,36,32,900,1245.0,1120500.0
2020-03-05,2020030501006603,NLIC,52,49,50,1249.0,62450.0
2020-03-05,2020030501006540,NLIC,57,16,78,1250.0,97500.0
2020-03-05,2020030501006539,NLIC,57,17,22,1245.0,27390.0
2020-03-05,2020030501006811,NLICL,32,29,100,709.0,70900.0
2020-03-05,2020030501006999,NMB,43,22,150,462.0,69300.0
2020-03-05,2020030501006954,NMB,43,40,50,462.0,23100.0
2020-03-05,2020030501006909,NMB,28,6,74,463.0,34262.0
2020-03-05,2020030501006833,NMB,36,6,200,463.0,92600.0
2020-03-05,2020030501006799,NMB,1,6,200,463.0,92600.0
2020-03-05,2020030501006706,NMB,58,6,526,463.0,243538.0
2020-03-05,2020030501006705,NMB,58,6,200,463.0,92600.0
2020-03-05,2020030501006630,NMB,33,45,500,463.0,231500.0
2020-03-05,2020030501006552,NMB,43,17,42,462.0,19404.0
2020-03-05,2020030501006915,NMBMF,41,41,35,805.0,28175.0
2020-03-05,2020030501006914,NMBMF,41,45,90,805.0,72450.0
2020-03-05,2020030501006913,NMBMF,41,48,15,804.0,12060.0
2020-03-05,2020030501006668,NMFBS,19,58,10,1665.0,16650.0
2020-03-05,2020030501006878,NTC,45,6,50,658.0,32900.0
2020-03-05,2020030501006577,NTC,53,51,10,654.0,6540.0
2020-03-05,2020030501006922,PCBL,1,47,200,300.0,60000.0
2020-03-05,2020030501006787,PCBL,33,56,1347,300.0,404100.0
2020-03-05,2020030501006752,PCBL,6,56,10,300.0,3000.0
2020-03-05,2020030501006751,PCBL,33,56,1300,300.0,390000.0
2020-03-05,2020030501006750,PCBL,32,56,138,301.0,41538.0
2020-03-05,2020030501006711,PCBL,32,46,12,301.0,3612.0
2020-03-05,2020030501006863,PIC,29,33,144,603.0,86832.0
2020-03-05,2020030501006839,PIC,10,33,50,603.0,30150.0
2020-03-05,2020030501006832,PIC,50,33,306,605.0,185130.0
2020-03-05,2020030501006822,PIC,50,45,100,604.0,60400.0
2020-03-05,2020030501006821,PIC,50,33,194,603.0,116982.0
2020-03-05,2020030501006710,PIC,43,33,100,603.0,60300.0
2020-03-05,2020030501006647,PIC,38,33,206,603.0,124218.0
2020-03-05,2020030501006646,PIC,38,33,294,602.0,176988.0
2020-03-05,2020030501006600,PIC,11,33,206,602.0,124012.0
2020-03-05,2020030501006599,PIC,11,58,94,602.0,56588.0
2020-03-05,2020030501006998,PICL,3,14,50,470.0,23500.0
2020-03-05,2020030501006997,PICL,56,14,50,470.0,23500.0
2020-03-05,2020030501006743,PLIC,29,41,90,590.0,53100.0
2020-03-05,2020030501006742,PLIC,29,6,50,590.0,29500.0
2020-03-05,2020030501006934,PRIN,36,38,500,449.0,224500.0
2020-03-05,2020030501006687,PRIN,46,50,252,448.0,112896.0
2020-03-05,2020030501007007,PRVU,59,33,500,257.0,128500.0
2020-03-05,2020030501006976,PRVU,34,16,397,256.0,101632.0
2020-03-05,2020030501006905,PRVU,34,20,1500,256.0,384000.0
2020-03-05,2020030501006855,PRVU,34,18,46,256.0,11776.0
2020-03-05,2020030501006712,PRVU,57,33,104,257.0,26728.0
2020-03-05,2020030501006561,RADHI,11,11,11,163.0,1793.0
2020-03-05,2020030501007002,RHPC,58,42,19,85.0,1615.0
2020-03-05,2020030501006931,RHPC,36,55,50,86.0,4300.0
2020-03-05,2020030501006930,RHPC,26,55,200,86.0,17200.0
2020-03-05,2020030501006746,RHPC,36,49,93,86.0,7998.0
2020-03-05,2020030501006629,RHPL,50,44,10,160.0,1600.0
2020-03-05,2020030501006590,RHPL,50,45,10,160.0,1600.0
2020-03-05,2020030501006677,RRHP,26,44,10,96.0,960.0
2020-03-05,2020030501006576,SABSL,7,57,90,765.0,68850.0
2020-03-05,2020030501006558,SABSL,22,6,200,754.0,150800.0
2020-03-05,2020030501006557,SABSL,22,45,71,754.0,53534.0
2020-03-05,2020030501006537,SABSL,58,21,311,753.0,234183.0
2020-03-05,2020030501006536,SABSL,45,21,150,753.0,112950.0
2020-03-05,2020030501006663,SADBL,58,45,10,172.0,1720.0
2020-03-05,2020030501006626,SADBL,58,45,44,166.0,7304.0
2020-03-05,2020030501006625,SADBL,58,32,200,166.0,33200.0
2020-03-05,2020030501006624,SADBL,58,26,1000,166.0,166000.0
2020-03-05,2020030501006623,SADBL,58,45,50,166.0,8300.0
2020-03-05,2020030501006622,SADBL,58,35,100,166.0,16600.0
2020-03-05,2020030501006621,SADBL,58,46,84,165.0,13860.0
2020-03-05,2020030501006620,SADBL,58,48,500,165.0,82500.0
2020-03-05,2020030501006816,SANIMA,45,6,160,365.0,58400.0
2020-03-05,2020030501006791,SANIMA,45,33,400,365.0,146000.0
2020-03-05,2020030501006790,SANIMA,45,56,50,365.0,18250.0
2020-03-05,2020030501006789,SANIMA,45,50,700,365.0,255500.0
2020-03-05,2020030501006716,SANIMA,45,50,300,365.0,109500.0
2020-03-05,2020030501006696,SANIMA,10,20,400,364.0,145600.0
2020-03-05,2020030501006892,SBL,33,21,506,329.0,166474.0
2020-03-05,2020030501006891,SBL,33,47,20,329.0,6580.0
2020-03-05,2020030501006890,SBL,33,13,166,329.0,54614.0
2020-03-05,2020030501006889,SBL,33,48,329,329.0,108241.0
2020-03-05,2020030501006888,SBL,33,13,134,329.0,44086.0
2020-03-05,2020030501006887,SBL,33,37,305,329.0,100345.0
2020-03-05,2020030501006579,SBL,13,45,150,327.0,49050.0
2020-03-05,2020030501006578,SBL,54,45,10,328.0,3280.0
2020-03-05,2020030501006865,SBL,33,20,1000,328.0,328000.0
2020-03-05,2020030501006810,SBL,13,17,882,326.0,287532.0
2020-03-05,2020030501006809,SBL,51,17,100,326.0,32600.0
2020-03-05,2020030501006808,SBL,19,17,18,326.0,5868.0
2020-03-05,2020030501006581,SBL,19,45,82,326.0,26732.0
2020-03-05,2020030501006580,SBL,6,45,58,326.0,18908.0
2020-03-05,2020030501007017,SCB,45,42,10,690.0,6900.0
2020-03-05,2020030501006912,SCB,49,40,39,697.0,27183.0
2020-03-05,2020030501006911,SCB,49,7,20,697.0,13940.0
2020-03-05,2020030501006783,SCB,54,40,11,697.0,7667.0
2020-03-05,2020030501006782,SCB,54,13,115,697.0,80155.0
2020-03-05,2020030501006781,SCB,54,16,20,696.0,13920.0
2020-03-05,2020030501006556,SCB,42,16,60,696.0,41760.0
2020-03-05,2020030501006562,SCB,54,17,20,695.0,13900.0
2020-03-05,2020030501006559,SCB,54,45,198,695.0,137610.0
2020-03-05,2020030501006784,SHINE,16,48,40,298.0,11920.0
2020-03-05,2020030501006776,SHINE,45,48,100,298.0,29800.0
2020-03-05,2020030501006734,SHINE,16,48,150,298.0,44700.0
2020-03-05,2020030501006642,SHINE,49,48,100,298.0,29800.0
2020-03-05,2020030501006987,SHIVM,52,55,500,601.0,300500.0
2020-03-05,2020030501006977,SHIVM,52,38,30,600.0,18000.0
2020-03-05,2020030501006641,SHIVM,56,32,300,600.0,180000.0
2020-03-05,2020030501006640,SHIVM,56,6,100,600.0,60000.0
2020-03-05,2020030501006639,SHIVM,56,21,50,600.0,30000.0
2020-03-05,2020030501006638,SHIVM,56,6,100,600.0,60000.0
2020-03-05,2020030501006631,SHIVM,56,38,100,599.0,59900.0
2020-03-05,2020030501006592,SHIVM,33,55,20,598.0,11960.0
2020-03-05,2020030501006637,SHIVM,56,51,100,600.0,60000.0
2020-03-05,2020030501006636,SHIVM,56,41,50,600.0,30000.0
2020-03-05,2020030501006635,SHIVM,56,13,100,600.0,60000.0
2020-03-05,2020030501006634,SHIVM,56,13,100,600.0,60000.0
2020-03-05,2020030501006633,SHIVM,56,32,50,600.0,30000.0
2020-03-05,2020030501006632,SHIVM,56,45,200,600.0,120000.0
2020-03-05,2020030501006941,SHPC,44,42,468,223.0,104364.0
2020-03-05,2020030501006940,SHPC,44,25,1000,223.0,223000.0
2020-03-05,2020030501006939,SHPC,44,54,66,222.0,14652.0
2020-03-05,2020030501006938,SHPC,44,26,166,221.0,36686.0
2020-03-05,2020030501006919,SICL,36,45,20,975.0,19500.0
2020-03-05,2020030501006770,SICL,21,1,200,974.0,194800.0
2020-03-05,2020030501006683,SIL,32,44,70,560.0,39200.0
2020-03-05,2020030501006542,SIL,7,44,580,560.0,324800.0
2020-03-05,2020030501006541,SIL,7,37,80,558.0,44640.0
2020-03-05,2020030501006538,SIL,59,37,30,558.0,16740.0
2020-03-05,2020030501006927,SINDU,51,49,95,131.0,12445.0
2020-03-05,2020030501006844,SJCL,59,18,20,152.0,3040.0
2020-03-05,2020030501006702,SJCL,59,44,10,152.0,1520.0
2020-03-05,2020030501006601,SJCL,59,45,10,152.0,1520.0
2020-03-05,2020030501007000,SKBBL,49,42,100,1103.0,110300.0
2020-03-05,2020030501006961,SKBBL,41,56,100,1120.0,112000.0
2020-03-05,2020030501006960,SKBBL,41,34,100,1115.0,111500.0
2020-03-05,2020030501006837,SKBBL,34,28,100,1101.0,110100.0
2020-03-05,2020030501006720,SLBBL,34,55,500,864.0,432000.0
2020-03-05,2020030501006719,SLBBL,44,55,300,865.0,259500.0
2020-03-05,2020030501007003,SLBSL,44,44,10,815.0,8150.0
2020-03-05,2020030501006975,SLBSL,38,25,10,813.0,8130.0
2020-03-05,2020030501007016,SLICL,32,17,53,465.0,24645.0
2020-03-05,2020030501007010,SLICL,32,17,947,465.0,440355.0
2020-03-05,2020030501007009,SLICL,32,50,53,463.0,24539.0
2020-03-05,2020030501006957,SLICL,13,50,447,463.0,206961.0
2020-03-05,2020030501006956,SLICL,13,11,53,463.0,24539.0
2020-03-05,2020030501006897,SLICL,38,25,50,462.0,23100.0
2020-03-05,2020030501006896,SLICL,38,39,1100,462.0,508200.0
2020-03-05,2020030501006895,SLICL,38,32,200,462.0,92400.0
2020-03-05,2020030501006894,SLICL,38,41,50,461.0,23050.0
2020-03-05,2020030501006853,SMB,46,57,10,956.0,9560.0
2020-03-05,2020030501006852,SMB,46,57,40,956.0,38240.0
2020-03-05,2020030501006842,SMFBS,34,45,50,990.0,49500.0
2020-03-05,2020030501006835,SMFBS,57,10,10,971.0,9710.0
2020-03-05,2020030501006589,SPDL,45,17,15,100.0,1500.0
2020-03-05,2020030501006823,SRBL,37,18,16,260.0,4160.0
2020-03-05,2020030501006676,SRBL,35,45,30,261.0,7830.0
2020-03-05,2020030501006598,TMDBL,49,17,112,189.0,21168.0
2020-03-05,2020030501006969,UFL,57,42,37,185.0,6845.0
2020-03-05,2020030501007004,UIC,1,29,200,373.0,74600.0
2020-03-05,2020030501006893,UIC,53,29,100,373.0,37300.0
2020-03-05,2020030501006973,UMHL,34,14,133,107.0,14231.0
2020-03-05,2020030501006972,UMHL,34,7,14,107.0,1498.0
2020-03-05,2020030501006958,UPCL,4,34,150,76.0,11400.0
2020-03-05,2020030501006758,UPCL,4,56,50,76.0,3800.0
2020-03-05,2020030501006662,UPCL,57,55,50,77.0,3850.0
2020-03-05,2020030501006661,UPCL,57,38,30,77.0,2310.0
2020-03-05,2020030501006800,UPPER,7,55,40,236.0,9440.0
2020-03-05,2020030501006749,UPPER,33,44,40,234.0,9360.0
2020-03-05,2020030501006971,WOMI,41,34,80,1000.0,80000.0
2020-03-05,2020030501006970,WOMI,19,34,20,1000.0,20000.0
2020-03-05,2020030501005963,ADBL,34,54,20,410.0,8200.0
2020-03-05,2020030501005962,ADBL,34,34,500,410.0,205000.0
2020-03-05,2020030501005961,ADBL,34,49,80,410.0,32800.0
2020-03-05,2020030501005960,ADBL,34,4,2000,409.0,818000.0
2020-03-05,2020030501005959,ADBL,34,36,47,408.0,19176.0
2020-03-05,2020030501005958,ADBL,34,3,224,408.0,91392.0
2020-03-05,2020030501005559,AKJCL,6,55,20,53.0,1060.0
2020-03-05,2020030501006017,AKPL,58,43,100,126.0,12600.0
2020-03-05,2020030501005741,AKPL,16,33,141,127.0,17907.0
2020-03-05,2020030501005740,AKPL,16,8,359,126.0,45234.0
2020-03-05,2020030501005749,ALBSL,55,45,33,688.0,22704.0
2020-03-05,2020030501005748,ALBSL,55,53,11,680.0,7480.0
2020-03-05,2020030501005747,ALBSL,55,13,11,675.0,7425.0
2020-03-05,2020030501005746,ALBSL,55,7,11,675.0,7425.0
2020-03-05,2020030501005745,ALBSL,55,6,11,675.0,7425.0
2020-03-05,2020030501005564,ALBSL,48,45,11,662.0,7282.0
2020-03-05,2020030501005744,ALBSL,55,13,11,670.0,7370.0
2020-03-05,2020030501005743,ALBSL,55,6,11,670.0,7370.0
2020-03-05,2020030501005742,ALBSL,55,13,11,669.0,7359.0
2020-03-05,2020030501005693,ALBSL,14,51,60,665.0,39900.0
2020-03-05,2020030501005979,ALICL,38,45,500,567.0,283500.0
2020-03-05,2020030501005774,ALICL,32,57,180,566.0,101880.0
2020-03-05,2020030501005812,API,37,6,282,131.0,36942.0
2020-03-05,2020030501005811,API,47,6,71,132.0,9372.0
2020-03-05,2020030501005635,API,6,17,300,133.0,39900.0
2020-03-05,2020030501005768,BARUN,6,48,10,93.0,930.0
2020-03-05,2020030501005583,BFC,25,50,50,103.0,5150.0
2020-03-05,2020030501005714,BOKL,26,4,200,241.0,48200.0
2020-03-05,2020030501005626,BOKL,38,36,1528,240.0,366720.0
2020-03-05,2020030501005625,BOKL,13,36,50,240.0,12000.0
2020-03-05,2020030501005624,BOKL,45,36,50,241.0,12050.0
2020-03-05,2020030501005623,BOKL,6,36,1000,241.0,241000.0
2020-03-05,2020030501005622,BOKL,52,36,79,241.0,19039.0
2020-03-05,2020030501005621,BOKL,32,36,500,241.0,120500.0
2020-03-05,2020030501005620,BOKL,38,36,70,242.0,16940.0
2020-03-05,2020030501005619,BOKL,41,36,50,242.0,12100.0
2020-03-05,2020030501005618,BOKL,6,36,500,242.0,121000.0
2020-03-05,2020030501005617,BOKL,38,36,100,243.0,24300.0
2020-03-05,2020030501005616,BOKL,43,36,73,243.0,17739.0
2020-03-05,2020030501005734,CBBL,13,5,59,1040.0,61360.0
2020-03-05,2020030501005733,CBBL,13,38,86,1040.0,89440.0
2020-03-05,2020030501005732,CBBL,13,28,118,1035.0,122130.0
2020-03-05,2020030501005786,CBL,45,49,1000,148.0,148000.0
2020-03-05,2020030501005785,CBL,34,49,200,148.0,29600.0
2020-03-05,2020030501005784,CBL,34,49,1000,148.0,148000.0
2020-03-05,2020030501005783,CBL,58,49,10000,148.0,1480000.0
2020-03-05,2020030501005782,CBL,43,49,300,148.0,44400.0
2020-03-05,2020030501005781,CBL,41,49,500,149.0,74500.0
2020-03-05,2020030501005598,CBL,56,28,327,149.0,48723.0
2020-03-05,2020030501005675,CCBL,57,37,200,184.0,36800.0
2020-03-05,2020030501005674,CCBL,34,37,200,184.0,36800.0
2020-03-05,2020030501005673,CCBL,1,37,100,184.0,18400.0
2020-03-05,2020030501005577,CCBL,11,42,34,184.0,6256.0
2020-03-05,2020030501005536,CCBL,11,40,15,184.0,2760.0
2020-03-05,2020030501005535,CCBL,57,40,55,184.0,10120.0
2020-03-05,2020030501005819,CFCL,52,35,100,134.0,13400.0
2020-03-05,2020030501005818,CFCL,43,35,250,134.0,33500.0
2020-03-05,2020030501005817,CFCL,42,35,50,134.0,6700.0
2020-03-05,2020030501005816,CFCL,1,35,500,134.0,67000.0
2020-03-05,2020030501005815,CFCL,33,35,500,134.0,67000.0
2020-03-05,2020030501005814,CFCL,43,35,100,134.0,13400.0
2020-03-05,2020030501005813,CFCL,4,35,691,135.0,93285.0
2020-03-05,2020030501005637,CFCL,4,42,309,135.0,41715.0
2020-03-05,2020030501005881,CHCL,47,51,10,410.0,4100.0
2020-03-05,2020030501005773,CIT,54,45,100,2665.0,266500.0
2020-03-05,2020030501006030,CZBIL,51,17,1065,204.0,217260.0
2020-03-05,2020030501006029,CZBIL,32,17,50,204.0,10200.0
2020-03-05,2020030501006028,CZBIL,49,17,385,204.0,78540.0
2020-03-05,2020030501005770,CZBIL,49,51,600,204.0,122400.0
2020-03-05,2020030501005736,CZBIL,49,4,15,204.0,3060.0
2020-03-05,2020030501005735,CZBIL,1,4,285,204.0,58140.0
2020-03-05,2020030501005557,CZBIL,41,42,295,205.0,60475.0
2020-03-05,2020030501005556,CZBIL,36,42,11,205.0,2255.0
2020-03-05,2020030501005669,DDBL,35,35,300,823.0,246900.0
2020-03-05,2020030501005668,DDBL,13,35,500,824.0,412000.0
2020-03-05,2020030501005667,DDBL,45,35,200,824.0,164800.0
2020-03-05,2020030501005666,DDBL,51,35,25,826.0,20650.0
2020-03-05,2020030501005665,DDBL,46,35,21,826.0,17346.0
2020-03-05,2020030501005664,DDBL,39,35,20,829.0,16580.0
2020-03-05,2020030501005629,DDBL,13,35,50,830.0,41500.0
2020-03-05,2020030501005628,DDBL,55,35,85,830.0,70550.0
2020-03-05,2020030501005627,DDBL,7,35,10,840.0,8400.0
2020-03-05,2020030501005555,DDBL,55,45,500,845.0,422500.0
2020-03-05,2020030501005554,DDBL,55,45,230,845.0,194350.0
2020-03-05,2020030501005873,DHPL,6,42,10,51.0,510.0
2020-03-05,2020030501005646,DHPL,6,46,11,51.0,561.0
2020-03-05,2020030501005835,EBL,22,1,100,737.0,73700.0
2020-03-05,2020030501005777,EBL,22,20,250,737.0,184250.0
2020-03-05,2020030501005776,EBL,6,20,50,738.0,36900.0
2020-03-05,2020030501005767,EBL,6,4,50,738.0,36900.0
2020-03-05,2020030501005766,EBL,10,4,50,738.0,36900.0
2020-03-05,2020030501005759,EBL,45,43,146,740.0,108040.0
2020-03-05,2020030501005758,EBL,45,48,304,740.0,224960.0
2020-03-05,2020030501005757,EBL,45,14,50,740.0,37000.0
2020-03-05,2020030501005797,EDBL,43,19,500,394.0,197000.0
2020-03-05,2020030501005763,EDBL,43,38,50,388.0,19400.0
2020-03-05,2020030501005824,EIC,37,47,200,395.0,79000.0
2020-03-05,2020030501005661,EIC,32,21,200,393.0,78600.0
2020-03-05,2020030501005728,FMDBL,52,55,200,481.0,96200.0
2020-03-05,2020030501005695,FMDBL,39,58,31,476.0,14756.0
2020-03-05,2020030501005694,FMDBL,39,58,19,478.0,9082.0
2020-03-05,2020030501005643,FMDBL,50,55,200,480.0,96000.0
2020-03-05,2020030501005608,FMDBL,32,55,500,481.0,240500.0
2020-03-05,2020030501005607,FMDBL,35,55,20,481.0,9620.0
2020-03-05,2020030501005606,FMDBL,36,55,30,481.0,14430.0
2020-03-05,2020030501005724,FOWAD,44,38,50,1435.0,71750.0
2020-03-05,2020030501006013,GBBL,43,42,200,242.0,48400.0
2020-03-05,2020030501005886,GBBL,8,42,85,242.0,20570.0
2020-03-05,2020030501005885,GBBL,8,42,50,242.0,12100.0
2020-03-05,2020030501005716,GBBL,8,48,150,242.0,36300.0
2020-03-05,2020030501006011,GBIME,34,58,500,286.0,143000.0
2020-03-05,2020030501005921,GBIME,34,42,329,286.0,94094.0
2020-03-05,2020030501005775,GBIME,34,4,200,286.0,57200.0
2020-03-05,2020030501005566,GBIME,34,40,97,286.0,27742.0
2020-03-05,2020030501005542,GBIME,34,41,43,286.0,12298.0
2020-03-05,2020030501005899,GBLBS,52,18,165,490.0,80850.0
2020-03-05,2020030501005898,GBLBS,52,56,400,490.0,196000.0
2020-03-05,2020030501005897,GBLBS,52,46,15,490.0,7350.0
2020-03-05,2020030501005896,GBLBS,52,22,15,490.0,7350.0
2020-03-05,2020030501005895,GBLBS,52,52,200,490.0,98000.0
2020-03-05,2020030501005894,GBLBS,52,56,300,490.0,147000.0
2020-03-05,2020030501005794,GBLBS,41,1,10,480.0,4800.0
2020-03-05,2020030501005793,GBLBS,41,41,20,479.0,9580.0
2020-03-05,2020030501005893,GBLBS,52,57,15,490.0,7350.0
2020-03-05,2020030501005833,GBLBS,52,45,100,485.0,48500.0
2020-03-05,2020030501005832,GBLBS,52,48,200,485.0,97000.0
2020-03-05,2020030501005831,GBLBS,52,48,125,485.0,60625.0
2020-03-05,2020030501005796,GBLBS,41,58,190,483.0,91770.0
2020-03-05,2020030501005795,GBLBS,41,13,15,480.0,7200.0
2020-03-05,2020030501005878,GFCL,43,46,1000,157.0,157000.0
2020-03-05,2020030501005934,GLBSL,51,41,10,617.0,6170.0
2020-03-05,2020030501006014,GLICL,45,44,100,484.0,48400.0
2020-03-05,2020030501005973,GLICL,45,39,10,483.0,4830.0
2020-03-05,2020030501005798,GLICL,54,58,50,481.0,24050.0
2020-03-05,2020030501005672,GLICL,51,20,100,480.0,48000.0
2020-03-05,2020030501005671,GLICL,45,20,30,480.0,14400.0
2020-03-05,2020030501005670,GLICL,51,20,67,480.0,32160.0
2020-03-05,2020030501005660,GLICL,51,26,33,480.0,15840.0
2020-03-05,2020030501005659,GLICL,55,26,20,480.0,9600.0
2020-03-05,2020030501005658,GLICL,48,26,34,480.0,16320.0
2020-03-05,2020030501005649,GLICL,48,40,66,480.0,31680.0
2020-03-05,2020030501005648,GLICL,17,40,10,480.0,4800.0
2020-03-05,2020030501005647,GLICL,48,40,24,480.0,11520.0
2020-03-05,2020030501005800,HBL,54,4,20,595.0,11900.0
2020-03-05,2020030501005692,HBL,22,37,160,600.0,96000.0
2020-03-05,2020030501005836,HDL,44,48,100,1620.0,162000.0
2020-03-05,2020030501005792,HDL,26,10,50,1616.0,80800.0
2020-03-05,2020030501005751,HDL,26,10,300,1616.0,484800.0
2020-03-05,2020030501005750,HDL,1,10,50,1617.0,80850.0
2020-03-05,2020030501005710,HDL,29,51,100,1625.0,162500.0
2020-03-05,2020030501005709,HDL,29,38,100,1625.0,162500.0
2020-03-05,2020030501005553,HDL,29,40,100,1624.0,162400.0
2020-03-05,2020030501005552,HDL,29,37,35,1620.0,56700.0
2020-03-05,2020030501005551,HDL,29,21,65,1619.0,105235.0
2020-03-05,2020030501005914,HGI,6,49,30,392.0,11760.0
2020-03-05,2020030501005913,HGI,38,49,70,394.0,27580.0
2020-03-05,2020030501005595,HGI,38,58,30,394.0,11820.0
2020-03-05,2020030501005594,HGI,46,58,470,394.0,185180.0
2020-03-05,2020030501005560,HGI,46,41,50,394.0,19700.0
2020-03-05,2020030501005927,HIDCL,17,42,31,136.0,4216.0
2020-03-05,2020030501005719,HIDCL,17,59,61,136.0,8296.0
2020-03-05,2020030501005718,HIDCL,51,59,25,136.0,3400.0
2020-03-05,2020030501005717,HIDCL,49,59,914,137.0,125218.0
2020-03-05,2020030501005597,HIDCL,49,26,61,137.0,8357.0
2020-03-05,2020030501005572,HIDCL,49,40,25,137.0,3425.0
2020-03-05,2020030501005900,HURJA,59,32,20,104.0,2080.0
2020-03-05,2020030501005772,HURJA,47,46,20,102.0,2040.0
2020-03-05,2020030501005771,HURJA,47,41,20,102.0,2040.0
2020-03-05,2020030501005573,HURJA,39,58,20,101.0,2020.0
2020-03-05,2020030501006020,ILBS,57,48,20,721.0,14420.0
2020-03-05,2020030501005983,ILBS,57,59,10,717.0,7170.0
2020-03-05,2020030501005588,ILBS,57,58,130,717.0,93210.0
2020-03-05,2020030501005576,ILBS,53,45,10,715.0,7150.0
2020-03-05,2020030501005947,KBL,22,29,124,210.0,26040.0
2020-03-05,2020030501005946,KBL,22,58,41,210.0,8610.0
2020-03-05,2020030501005877,KBL,48,14,500,209.0,104500.0
2020-03-05,2020030501005691,KMCDB,10,13,10,855.0,8550.0
2020-03-05,2020030501005678,KMCDB,10,51,10,855.0,8550.0
2020-03-05,2020030501005599,KMCDB,7,51,150,857.0,128550.0
2020-03-05,2020030501005810,KMCDB,59,16,10,865.0,8650.0
2020-03-05,2020030501005780,KMCDB,59,42,10,865.0,8650.0
2020-03-05,2020030501005755,KMCDB,58,48,10,860.0,8600.0
2020-03-05,2020030501005754,KMCDB,58,34,100,860.0,86000.0
2020-03-05,2020030501005753,KMCDB,58,42,10,860.0,8600.0
2020-03-05,2020030501005752,KMCDB,58,17,10,858.0,8580.0
2020-03-05,2020030501006010,KRBL,59,35,200,105.0,21000.0
2020-03-05,2020030501006009,KRBL,17,35,100,105.0,10500.0
2020-03-05,2020030501006008,KRBL,41,35,1000,105.0,105000.0
2020-03-05,2020030501006007,KRBL,1,35,1000,105.0,105000.0
2020-03-05,2020030501006006,KRBL,1,35,500,105.0,52500.0
2020-03-05,2020030501006005,KRBL,34,35,200,105.0,21000.0
2020-03-05,2020030501005998,KRBL,1,35,100,109.0,10900.0
2020-03-05,2020030501006004,KRBL,19,35,100,105.0,10500.0
2020-03-05,2020030501006003,KRBL,35,35,100,106.0,10600.0
2020-03-05,2020030501006002,KRBL,19,35,100,107.0,10700.0
2020-03-05,2020030501006001,KRBL,57,35,500,107.0,53500.0
2020-03-05,2020030501006000,KRBL,37,35,320,107.0,34240.0
2020-03-05,2020030501005999,KRBL,42,35,500,108.0,54000.0
2020-03-05,2020030501006026,KSBBL,10,48,306,165.0,50490.0
2020-03-05,2020030501006025,KSBBL,34,48,229,165.0,37785.0
2020-03-05,2020030501005790,LBBL,16,51,2046,192.0,392832.0
2020-03-05,2020030501005884,LBL,51,44,1657,227.0,376139.0
2020-03-05,2020030501005883,LBL,51,44,500,227.0,113500.0
2020-03-05,2020030501005882,LBL,13,44,193,227.0,43811.0
2020-03-05,2020030501005603,LGIL,8,39,25,491.0,12275.0
2020-03-05,2020030501005602,LGIL,8,58,50,491.0,24550.0
2020-03-05,2020030501005601,LGIL,8,45,20,490.0,9800.0
2020-03-05,2020030501005545,LICN,1,45,50,1470.0,73500.0
2020-03-05,2020030501005581,LLBS,57,42,76,1020.0,77520.0
2020-03-05,2020030501005547,LLBS,36,42,50,1020.0,51000.0
2020-03-05,2020030501005700,MBL,35,13,105,245.0,25725.0
2020-03-05,2020030501005978,MDB,40,17,400,447.0,178800.0
2020-03-05,2020030501005977,MDB,42,17,300,448.0,134400.0
2020-03-05,2020030501005876,MDB,42,56,200,448.0,89600.0
2020-03-05,2020030501005875,MDB,43,56,200,448.0,89600.0
2020-03-05,2020030501006027,MEGA,57,41,100,227.0,22700.0
2020-03-05,2020030501005985,MEGA,57,58,38,227.0,8626.0
2020-03-05,2020030501005568,MEGA,57,22,20,226.0,4520.0
2020-03-05,2020030501005534,MEGA,57,50,297,226.0,67122.0
2020-03-05,2020030501005533,MEGA,56,50,100,226.0,22600.0
2020-03-05,2020030501005532,MEGA,56,50,100,226.0,22600.0
2020-03-05,2020030501005680,MEGA,57,50,90,227.0,20430.0
2020-03-05,2020030501005656,MEGA,14,50,1000,227.0,227000.0
2020-03-05,2020030501005582,MEGA,57,40,11,226.0,2486.0
2020-03-05,2020030501005579,MEGA,34,50,500,227.0,113500.0
2020-03-05,2020030501005942,MERO,21,58,106,619.0,65614.0
2020-03-05,2020030501005839,MERO,21,4,68,619.0,42092.0
2020-03-05,2020030501005838,MERO,56,4,20,620.0,12400.0
2020-03-05,2020030501005837,MERO,19,4,28,620.0,17360.0
2020-03-05,2020030501005787,MERO,19,38,22,620.0,13640.0
2020-03-05,2020030501005567,MERO,1,14,20,630.0,12600.0
2020-03-05,2020030501005980,MFIL,43,38,10,294.0,2940.0
2020-03-05,2020030501005953,MFIL,1,38,1000,293.0,293000.0
2020-03-05,2020030501005844,MFIL,1,8,110,293.0,32230.0
2020-03-05,2020030501005843,MFIL,1,51,100,293.0,29300.0
2020-03-05,2020030501005825,MFIL,1,51,200,293.0,58600.0
2020-03-05,2020030501005940,MLBL,49,10,32,219.0,7008.0
2020-03-05,2020030501005847,MNBBL,34,26,2824,330.0,931920.0
2020-03-05,2020030501005846,MNBBL,34,48,240,329.0,78960.0
2020-03-05,2020030501005778,MNBBL,34,48,500,328.0,164000.0
2020-03-05,2020030501005769,MNBBL,34,21,400,328.0,131200.0
2020-03-05,2020030501005586,MNBBL,29,19,72,326.0,23472.0
2020-03-05,2020030501005585,MNBBL,53,19,500,326.0,163000.0
2020-03-05,2020030501005584,MNBBL,34,19,78,326.0,25428.0
2020-03-05,2020030501005571,MNBBL,22,19,200,327.0,65400.0
2020-03-05,2020030501005570,MNBBL,16,19,2000,327.0,654000.0
2020-03-05,2020030501005948,MPFL,45,38,13,128.0,1664.0
2020-03-05,2020030501005972,MSMBS,17,42,22,740.0,16280.0
2020-03-05,2020030501005575,MSMBS,17,42,11,740.0,8140.0
2020-03-05,2020030501005984,NABIL,14,55,38,825.0,31350.0
2020-03-05,2020030501005952,NABIL,46,50,42,822.0,34524.0
2020-03-05,2020030501005951,NABIL,44,50,70,822.0,57540.0
2020-03-05,2020030501005863,NABIL,34,4,21,821.0,17241.0
2020-03-05,2020030501005862,NABIL,6,4,50,822.0,41100.0
2020-03-05,2020030501005861,NABIL,38,4,34,822.0,27948.0
2020-03-05,2020030501005711,NABIL,38,44,12,822.0,9864.0
2020-03-05,2020030501005613,NABIL,38,25,54,822.0,44388.0
2020-03-05,2020030501005612,NABIL,14,25,69,822.0,56718.0
2020-03-05,2020030501005540,NABIL,14,11,500,822.0,411000.0
2020-03-05,2020030501005858,NBB,45,40,300,225.0,67500.0
2020-03-05,2020030501005803,NBB,49,20,73,223.0,16279.0
2020-03-05,2020030501005802,NBB,55,20,25,223.0,5575.0
2020-03-05,2020030501005801,NBB,58,20,402,223.0,89646.0
2020-03-05,2020030501005715,NBB,58,28,33,223.0,7359.0
2020-03-05,2020030501005945,NBL,58,33,9575,284.0,2719300.0
2020-03-05,2020030501005929,NBL,58,46,50,284.0,14200.0
2020-03-05,2020030501005867,NBL,16,49,2000,284.0,568000.0
2020-03-05,2020030501005866,NBL,45,49,1200,284.0,340800.0
2020-03-05,2020030501005655,NBL,45,53,1800,284.0,511200.0
2020-03-05,2020030501005654,NBL,50,53,2500,284.0,710000.0
2020-03-05,2020030501005653,NBL,56,53,50,284.0,14200.0
2020-03-05,2020030501005652,NBL,8,53,400,284.0,113600.0
2020-03-05,2020030501005641,NBL,6,48,106,285.0,30210.0
2020-03-05,2020030501005640,NBL,6,50,94,285.0,26790.0
2020-03-05,2020030501005593,NBL,8,50,100,284.0,28400.0
2020-03-05,2020030501005957,NCCB,17,14,1000,199.0,199000.0
2020-03-05,2020030501005943,NCCB,58,37,500,200.0,100000.0
2020-03-05,2020030501005938,NCCB,17,14,1000,199.0,199000.0
2020-03-05,2020030501005937,NCCB,56,14,1000,199.0,199000.0
2020-03-05,2020030501005590,NCCB,56,38,1591,200.0,318200.0
2020-03-05,2020030501005589,NCCB,56,38,409,200.0,81800.0
2020-03-05,2020030501005562,NCCB,56,50,333,200.0,66600.0
2020-03-05,2020030501005558,NCCB,56,38,500,200.0,100000.0
2020-03-05,2020030501005543,NCCB,56,39,600,200.0,120000.0
2020-03-05,2020030501005941,NEF,54,44,5000,8.57,42850.0
2020-03-05,2020030501005856,NIB,11,50,57,418.0,23826.0
2020-03-05,2020030501005855,NIB,29,50,235,418.0,98230.0
2020-03-05,2020030501005731,NIB,16,37,313,417.0,130521.0
2020-03-05,2020030501005730,NIB,45,37,187,418.0,78166.0
2020-03-05,2020030501006018,NICA,33,41,210,571.0,119910.0
2020-03-05,2020030501005966,NICA,44,10,231,569.0,131439.0
2020-03-05,2020030501005965,NICA,56,10,769,570.0,438330.0
2020-03-05,2020030501005872,NICA,56,38,1000,570.0,570000.0
2020-03-05,2020030501005849,NICA,56,14,231,570.0,131670.0
2020-03-05,2020030501005848,NICA,34,5,500,568.0,284000.0
2020-03-05,2020030501005699,NICA,57,39,62,570.0,35340.0
2020-03-05,2020030501005698,NICA,53,39,10,571.0,5710.0
2020-03-05,2020030501005697,NICA,22,39,28,571.0,15988.0
2020-03-05,2020030501005651,NICA,22,28,20,571.0,11420.0
2020-03-05,2020030501005650,NICA,1,28,50,572.0,28600.0
2020-03-05,2020030501005841,NICA,48,37,100,569.0,56900.0
2020-03-05,2020030501005840,NICA,33,37,100,569.0,56900.0
2020-03-05,2020030501005788,NICA,33,17,100,569.0,56900.0
2020-03-05,2020030501005723,NICA,48,14,25,570.0,14250.0
2020-03-05,2020030501005722,NICA,57,14,144,570.0,82080.0
2020-03-05,2020030501005721,NICA,6,14,100,571.0,57100.0
2020-03-05,2020030501005918,NICL,52,33,46,450.0,20700.0
2020-03-05,2020030501005708,NICL,4,33,1000,449.0,449000.0
2020-03-05,2020030501005707,NICL,26,33,411,449.0,184539.0
2020-03-05,2020030501005834,NIL,59,45,10,586.0,5860.0
2020-03-05,2020030501005561,NIL,10,35,162,575.0,93150.0
2020-03-05,2020030501005994,NLBBL,44,48,50,735.0,36750.0
2020-03-05,2020030501005993,NLBBL,44,13,200,735.0,147000.0
2020-03-05,2020030501005992,NLBBL,44,11,100,735.0,73500.0
2020-03-05,2020030501005991,NLBBL,44,48,70,735.0,51450.0
2020-03-05,2020030501005990,NLBBL,44,49,154,735.0,113190.0
2020-03-05,2020030501005989,NLBBL,44,37,50,735.0,36750.0
2020-03-05,2020030501005720,NLG,41,44,100,635.0,63500.0
2020-03-05,2020030501005936,NLIC,44,39,30,1244.0,37320.0
2020-03-05,2020030501005888,NLIC,44,4,30,1244.0,37320.0
2020-03-05,2020030501005870,NLIC,49,55,105,1245.0,130725.0
2020-03-05,2020030501005869,NLIC,49,49,16,1245.0,19920.0
2020-03-05,2020030501005868,NLIC,49,45,79,1245.0,98355.0
2020-03-05,2020030501005827,NLIC,45,45,10,1245.0,12450.0
2020-03-05,2020030501005644,NLIC,57,37,50,1243.0,62150.0
2020-03-05,2020030501005642,NLIC,57,7,22,1243.0,27346.0
2020-03-05,2020030501005544,NLIC,8,17,22,1240.0,27280.0
2020-03-05,2020030501005826,NLIC,45,48,12,1245.0,14940.0
2020-03-05,2020030501005807,NLIC,44,8,200,1244.0,248800.0
2020-03-05,2020030501005806,NLIC,44,29,188,1244.0,233872.0
2020-03-05,2020030501005696,NLIC,57,29,200,1244.0,248800.0
2020-03-05,2020030501005687,NLIC,55,55,162,1243.0,201366.0
2020-03-05,2020030501005686,NLIC,57,55,28,1243.0,34804.0
2020-03-05,2020030501006024,NLICL,36,11,230,696.0,160080.0
2020-03-05,2020030501006023,NLICL,55,11,19,696.0,13224.0
2020-03-05,2020030501006022,NLICL,6,11,100,697.0,69700.0
2020-03-05,2020030501005933,NLICL,6,53,100,700.0,70000.0
2020-03-05,2020030501005920,NLICL,55,4,281,696.0,195576.0
2020-03-05,2020030501005919,NLICL,7,4,19,696.0,13224.0
2020-03-05,2020030501005865,NLICL,7,28,465,696.0,323640.0
2020-03-05,2020030501005765,NLICL,7,20,16,696.0,11136.0
2020-03-05,2020030501005764,NLICL,29,20,100,697.0,69700.0
2020-03-05,2020030501005970,NMB,34,6,120,457.0,54840.0
2020-03-05,2020030501005912,NMB,34,42,240,460.0,110400.0
2020-03-05,2020030501005911,NMB,34,37,375,460.0,172500.0
2020-03-05,2020030501005910,NMB,34,41,100,460.0,46000.0
2020-03-05,2020030501005909,NMB,34,57,100,460.0,46000.0
2020-03-05,2020030501005908,NMB,34,6,500,460.0,230000.0
2020-03-05,2020030501005657,NMB,49,49,5000,457.0,2285000.0
2020-03-05,2020030501005600,NMB,47,56,30,458.0,13740.0
2020-03-05,2020030501005565,NMB,34,21,200,457.0,91400.0
2020-03-05,2020030501005537,NMB,34,26,1000,457.0,457000.0
2020-03-05,2020030501005890,NMB,34,5,365,457.0,166805.0
2020-03-05,2020030501005889,NMB,47,5,135,458.0,61830.0
2020-03-05,2020030501005823,NMB,47,50,200,458.0,91600.0
2020-03-05,2020030501005789,NMB,33,14,200,459.0,91800.0
2020-03-05,2020030501005681,NMB,47,28,35,458.0,16030.0
2020-03-05,2020030501005676,NMB,47,53,100,458.0,45800.0
2020-03-05,2020030501005907,NMB,34,45,2000,460.0,920000.0
2020-03-05,2020030501005906,NMB,34,57,150,460.0,69000.0
2020-03-05,2020030501005905,NMB,34,13,132,460.0,60720.0
2020-03-05,2020030501005904,NMB,34,54,450,459.0,206550.0
2020-03-05,2020030501005903,NMB,34,58,53,459.0,24327.0
2020-03-05,2020030501005902,NMB,34,14,200,459.0,91800.0
2020-03-05,2020030501005928,NMFBS,33,58,20,1636.0,32720.0
2020-03-05,2020030501006019,PCBL,50,37,150,301.0,45150.0
2020-03-05,2020030501005975,PCBL,49,29,450,300.0,135000.0
2020-03-05,2020030501005935,PCBL,14,29,50,300.0,15000.0
2020-03-05,2020030501005804,PCBL,5,37,50,301.0,15050.0
2020-03-05,2020030501005630,PCBL,42,39,20,300.0,6000.0
2020-03-05,2020030501005541,PCBL,49,39,180,300.0,54000.0
2020-03-05,2020030501005944,PIC,39,48,20,605.0,12100.0
2020-03-05,2020030501005931,PIC,39,36,62,605.0,37510.0
2020-03-05,2020030501005930,PIC,38,36,138,605.0,83490.0
2020-03-05,2020030501005563,PIC,44,39,10,613.0,6130.0
2020-03-05,2020030501005968,PLIC,13,13,167,585.0,97695.0
2020-03-05,2020030501005967,PLIC,13,29,62,585.0,36270.0
2020-03-05,2020030501005925,PLIC,57,21,100,580.0,58000.0
2020-03-05,2020030501005702,PLIC,38,53,100,579.0,57900.0
2020-03-05,2020030501005939,PMHPL,6,38,10,83.0,830.0
2020-03-05,2020030501005974,PRIN,21,26,31,445.0,13795.0
2020-03-05,2020030501005901,PRIN,45,6,95,445.0,42275.0
2020-03-05,2020030501005860,PRIN,21,37,100,443.0,44300.0
2020-03-05,2020030501005971,PRVU,34,58,200,254.0,50800.0
2020-03-05,2020030501005887,PRVU,34,58,200,254.0,50800.0
2020-03-05,2020030501005690,PRVU,34,53,100,254.0,25400.0
2020-03-05,2020030501006012,RHPL,50,26,40,160.0,6400.0
2020-03-05,2020030501005926,RHPL,50,38,40,160.0,6400.0
2020-03-05,2020030501005842,RHPL,50,16,10,160.0,1600.0
2020-03-05,2020030501005737,RHPL,50,38,40,160.0,6400.0
2020-03-05,2020030501005682,RHPL,33,56,50,161.0,8050.0
2020-03-05,2020030501005578,RHPL,50,7,30,160.0,4800.0
2020-03-05,2020030501005548,RHPL,50,26,40,160.0,6400.0
2020-03-05,2020030501006021,RRHP,26,26,10,96.0,960.0
2020-03-05,2020030501005615,RRHP,26,26,10,96.0,960.0
2020-03-05,2020030501005892,RSDC,58,20,15,481.0,7215.0
2020-03-05,2020030501005679,RSDC,36,42,500,482.0,241000.0
2020-03-05,2020030501005760,SABSL,36,48,11,736.0,8096.0
2020-03-05,2020030501005956,SANIMA,38,50,125,362.0,45250.0
2020-03-05,2020030501005932,SANIMA,56,4,100,361.0,36100.0
2020-03-05,2020030501005791,SANIMA,38,50,50,362.0,18100.0
2020-03-05,2020030501005689,SANIMA,14,50,1335,362.0,483270.0
2020-03-05,2020030501005997,SBI,50,34,100,485.0,48500.0
2020-03-05,2020030501005996,SBI,50,58,19,485.0,9215.0
2020-03-05,2020030501005995,SBI,50,43,18,484.0,8712.0
2020-03-05,2020030501005976,SBI,14,43,37,484.0,17908.0
2020-03-05,2020030501005864,SBI,14,10,900,484.0,435600.0
2020-03-05,2020030501005805,SBI,13,58,82,485.0,39770.0
2020-03-05,2020030501005799,SBI,14,49,493,484.0,238612.0
2020-03-05,2020030501005725,SBI,14,52,100,484.0,48400.0
2020-03-05,2020030501005631,SBI,14,53,100,484.0,48400.0
2020-03-05,2020030501005955,SBL,6,6,242,326.0,78892.0
2020-03-05,2020030501005954,SBL,33,6,84,326.0,27384.0
2020-03-05,2020030501005739,SBL,33,10,416,326.0,135616.0
2020-03-05,2020030501005738,SBL,35,10,84,326.0,27384.0
2020-03-05,2020030501005645,SBL,35,49,100,326.0,32600.0
2020-03-05,2020030501005550,SBL,35,51,88,326.0,28688.0
2020-03-05,2020030501005969,SCB,14,20,20,685.0,13700.0
2020-03-05,2020030501005922,SCB,14,20,20,685.0,13700.0
2020-03-05,2020030501005915,SCB,14,21,20,685.0,13700.0
2020-03-05,2020030501005857,SCB,14,1,100,685.0,68500.0
2020-03-05,2020030501005854,SCB,33,45,50,690.0,34500.0
2020-03-05,2020030501005853,SCB,33,33,150,690.0,103500.0
2020-03-05,2020030501005762,SCB,14,6,70,686.0,48020.0
2020-03-05,2020030501005761,SCB,14,54,127,686.0,87122.0
2020-03-05,2020030501005729,SCB,29,42,100,685.0,68500.0
2020-03-05,2020030501005727,SCB,14,17,10,685.0,6850.0
2020-03-05,2020030501005726,SCB,35,17,130,685.0,89050.0
2020-03-05,2020030501005569,SCB,35,17,20,685.0,13700.0
2020-03-05,2020030501005852,SCB,33,58,900,690.0,621000.0
2020-03-05,2020030501005851,SCB,33,35,80,687.0,54960.0
2020-03-05,2020030501005850,SCB,33,55,420,687.0,288540.0
2020-03-05,2020030501005845,SCB,14,20,20,685.0,13700.0
2020-03-05,2020030501005820,SCB,14,17,63,685.0,43155.0
2020-03-05,2020030501005779,SCB,14,21,20,685.0,13700.0
2020-03-05,2020030501005688,SDESI,45,29,10,910.0,9100.0
2020-03-05,2020030501005982,SHIVM,14,35,80,598.0,47840.0
2020-03-05,2020030501005981,SHIVM,14,16,10,598.0,5980.0
2020-03-05,2020030501005611,SHIVM,57,53,44,593.0,26092.0
2020-03-05,2020030501005610,SHIVM,1,53,424,593.0,251432.0
2020-03-05,2020030501005609,SHIVM,4,53,500,594.0,297000.0
2020-03-05,2020030501005546,SHIVM,1,58,50,593.0,29650.0
2020-03-05,2020030501005871,SHL,34,55,400,178.0,71200.0
2020-03-05,2020030501005917,SICL,34,6,180,964.0,173520.0
2020-03-05,2020030501005916,SICL,3,6,20,965.0,19300.0
2020-03-05,2020030501005756,SICL,34,49,25,964.0,24100.0
2020-03-05,2020030501006016,SJCL,59,26,20,152.0,3040.0
2020-03-05,2020030501005964,SJCL,59,38,20,152.0,3040.0
2020-03-05,2020030501005891,SJCL,26,16,20,152.0,3040.0
2020-03-05,2020030501005874,SJCL,41,14,190,153.0,29070.0
2020-03-05,2020030501005574,SJCL,41,26,20,153.0,3060.0
2020-03-05,2020030501005685,SJCL,41,38,20,153.0,3060.0
2020-03-05,2020030501005604,SJCL,41,7,20,153.0,3060.0
2020-03-05,2020030501005549,SKBBL,13,52,29,1100.0,31900.0
2020-03-05,2020030501005580,SLBSL,34,19,10,829.0,8290.0
2020-03-05,2020030501006031,SLICL,13,35,200,455.0,91000.0
2020-03-05,2020030501005923,SLICL,13,29,500,456.0,228000.0
2020-03-05,2020030501005880,SLICL,13,45,500,455.0,227500.0
2020-03-05,2020030501005879,SLICL,13,35,100,455.0,45500.0
2020-03-05,2020030501005596,SMFBS,34,22,150,971.0,145650.0
2020-03-05,2020030501005587,SPDL,47,17,15,99.0,1485.0
2020-03-05,2020030501006015,SRBL,37,20,110,260.0,28600.0
2020-03-05,2020030501005830,SRBL,14,48,40,260.0,10400.0
2020-03-05,2020030501005829,SRBL,14,13,41,260.0,10660.0
2020-03-05,2020030501005828,SRBL,14,43,81,260.0,21060.0
2020-03-05,2020030501005713,SRBL,25,43,29,260.0,7540.0
2020-03-05,2020030501005712,SRBL,25,18,21,260.0,5460.0
2020-03-05,2020030501005634,SRBL,14,40,290,259.0,75110.0
2020-03-05,2020030501005924,STC,40,35,160,2598.0,415680.0
2020-03-05,2020030501005633,TMDBL,56,17,12,188.0,2256.0
2020-03-05,2020030501005632,TMDBL,37,17,100,188.0,18800.0
2020-03-05,2020030501005614,UIC,34,39,68,367.0,24956.0
2020-03-05,2020030501005987,UMHL,39,34,174,106.0,18444.0
2020-03-05,2020030501005986,UMHL,46,34,226,106.0,23956.0
2020-03-05,2020030501005639,UMHL,46,7,14,106.0,1484.0
2020-03-05,2020030501005822,UPCL,39,38,20,77.0,1540.0
2020-03-05,2020030501005821,UPCL,39,32,70,77.0,5390.0
2020-03-05,2020030501005638,UPCL,4,26,50,76.0,3800.0
2020-03-05,2020030501005988,UPPER,49,26,40,235.0,9400.0
2020-03-05,2020030501005859,UPPER,49,45,40,235.0,9400.0
2020-03-05,2020030501005809,UPPER,49,49,206,235.0,48410.0
2020-03-05,2020030501005808,UPPER,42,49,594,235.0,139590.0
2020-03-05,2020030501005706,UPPER,42,10,356,235.0,83660.0
2020-03-05,2020030501005705,UPPER,4,10,500,235.0,117500.0
2020-03-05,2020030501005704,UPPER,13,10,50,235.0,11750.0
2020-03-05,2020030501005703,UPPER,4,10,94,235.0,22090.0
2020-03-05,2020030501005701,UPPER,4,48,30,235.0,7050.0
2020-03-05,2020030501005662,UPPER,4,7,50,235.0,11750.0
2020-03-05,2020030501005539,UPPER,4,49,121,235.0,28435.0
2020-03-05,2020030501005538,UPPER,4,26,40,235.0,9400.0
2020-03-05,2020030501005677,VLBS,13,21,200,980.0,196000.0
2020-03-05,2020030501005605,VLBS,13,51,30,975.0,29250.0
2020-03-05,2020030501005950,WOMI,49,4,46,981.0,45126.0
2020-03-05,2020030501005949,WOMI,57,4,10,982.0,9820.0
2020-03-05,2020030501005684,WOMI,41,21,50,980.0,49000.0
2020-03-05,2020030501005683,WOMI,49,21,130,980.0,127400.0
2020-03-05,2020030501005663,WOMI,44,21,50,990.0,49500.0
2020-03-05,2020030501005636,WOMI,41,18,159,1009.0,160431.0
2020-03-05,2020030501005592,WOMI,41,33,200,1000.0,200000.0
2020-03-05,2020030501005591,WOMI,41,29,83,995.0,82585.0
2020-03-05,2020030501006481,ADBL,36,16,199,404.0,80396.0
2020-03-05,2020030501006480,ADBL,6,16,50,404.0,20200.0
2020-03-05,2020030501006479,ADBL,17,16,150,405.0,60750.0
2020-03-05,2020030501006478,ADBL,58,16,51,410.0,20910.0
2020-03-05,2020030501006464,ADBL,10,45,128,412.0,52736.0
2020-03-05,2020030501006188,ADBL,58,6,49,410.0,20090.0
2020-03-05,2020030501006187,ADBL,14,6,50,410.0,20500.0
2020-03-05,2020030501006186,ADBL,34,6,79,410.0,32390.0
2020-03-05,2020030501006065,ADBL,34,46,50,410.0,20500.0
2020-03-05,2020030501006463,ADBL,10,25,72,412.0,29664.0
2020-03-05,2020030501006410,AKJCL,59,44,20,52.0,1040.0
2020-03-05,2020030501006212,AKJCL,6,6,10,53.0,530.0
2020-03-05,2020030501006277,ALICL,32,16,800,566.0,452800.0
2020-03-05,2020030501006378,API,58,6,279,130.0,36270.0
2020-03-05,2020030501006377,API,42,6,11,130.0,1430.0
2020-03-05,2020030501006376,API,40,6,200,130.0,26000.0
2020-03-05,2020030501006375,API,29,6,100,130.0,13000.0
2020-03-05,2020030501006374,API,13,6,57,130.0,7410.0
2020-03-05,2020030501006204,BFC,57,41,1900,101.0,191900.0
2020-03-05,2020030501006203,BFC,40,41,50,101.0,5050.0
2020-03-05,2020030501006202,BFC,40,41,50,102.0,5100.0
2020-03-05,2020030501006347,BOKL,35,50,30,245.0,7350.0
2020-03-05,2020030501006346,BOKL,50,50,500,245.0,122500.0
2020-03-05,2020030501006264,BOKL,33,50,1000,246.0,246000.0
2020-03-05,2020030501006242,BOKL,33,52,100,245.0,24500.0
2020-03-05,2020030501006241,BOKL,33,45,547,245.0,134015.0
2020-03-05,2020030501006240,BOKL,33,10,2120,245.0,519400.0
2020-03-05,2020030501006239,BOKL,33,14,300,244.0,73200.0
2020-03-05,2020030501006111,BOKL,44,53,62,241.0,14942.0
2020-03-05,2020030501006418,BPCL,42,33,120,360.0,43200.0
2020-03-05,2020030501006265,BPCL,6,33,100,360.0,36000.0
2020-03-05,2020030501006101,BPCL,49,33,200,360.0,72000.0
2020-03-05,2020030501006056,BPCL,53,33,80,360.0,28800.0
2020-03-05,2020030501006434,CBBL,37,49,100,1040.0,104000.0
2020-03-05,2020030501006433,CBBL,37,21,100,1040.0,104000.0
2020-03-05,2020030501006435,CBL,45,17,200,149.0,29800.0
2020-03-05,2020030501006301,CBL,45,17,131,149.0,19519.0
2020-03-05,2020030501006267,CBL,1,17,400,149.0,59600.0
2020-03-05,2020030501006133,CBL,36,35,389,148.0,57572.0
2020-03-05,2020030501006132,CBL,3,35,30,148.0,4440.0
2020-03-05,2020030501006131,CBL,49,35,1481,148.0,219188.0
2020-03-05,2020030501006107,CBL,13,17,100,149.0,14900.0
2020-03-05,2020030501006057,CBL,49,17,19,148.0,2812.0
2020-03-05,2020030501006454,CCBL,51,47,200,184.0,36800.0
2020-03-05,2020030501006453,CCBL,21,47,175,184.0,32200.0
2020-03-05,2020030501006452,CCBL,57,47,450,184.0,82800.0
2020-03-05,2020030501006387,CCBL,36,49,500,185.0,92500.0
2020-03-05,2020030501006236,CCBL,26,50,500,186.0,93000.0
2020-03-05,2020030501006130,CCBL,57,25,150,184.0,27600.0
2020-03-05,2020030501006093,CCBL,57,49,200,184.0,36800.0
2020-03-05,2020030501006062,CCBL,36,56,366,185.0,67710.0
2020-03-05,2020030501006516,CHCL,44,29,115,415.0,47725.0
2020-03-05,2020030501006515,CHCL,44,45,40,415.0,16600.0
2020-03-05,2020030501006428,CIT,52,45,230,2680.0,616400.0
2020-03-05,2020030501006427,CIT,52,44,20,2679.0,53580.0
2020-03-05,2020030501006381,CIT,52,43,40,2670.0,106800.0
2020-03-05,2020030501006213,CIT,55,43,10,2670.0,26700.0
2020-03-05,2020030501006477,CZBIL,51,44,10,204.0,2040.0
2020-03-05,2020030501006431,CZBIL,51,16,450,204.0,91800.0
2020-03-05,2020030501006411,CZBIL,47,14,500,205.0,102500.0
2020-03-05,2020030501006402,CZBIL,51,55,320,204.0,65280.0
2020-03-05,2020030501006078,CZBIL,51,22,61,204.0,12444.0
2020-03-05,2020030501006043,CZBIL,51,40,50,204.0,10200.0
2020-03-05,2020030501006414,DDBL,34,47,50,835.0,41750.0
2020-03-05,2020030501006413,DDBL,34,48,100,835.0,83500.0
2020-03-05,2020030501006412,DDBL,34,51,80,830.0,66400.0
2020-03-05,2020030501006329,DDBL,17,21,200,825.0,165000.0
2020-03-05,2020030501006328,DDBL,32,21,80,825.0,66000.0
2020-03-05,2020030501006327,DDBL,25,21,14,826.0,11564.0
2020-03-05,2020030501006174,DDBL,43,35,50,826.0,41300.0
2020-03-05,2020030501006173,DDBL,51,35,100,826.0,82600.0
2020-03-05,2020030501006050,DDBL,32,45,20,825.0,16500.0
2020-03-05,2020030501006361,EBL,57,37,50,745.0,37250.0
2020-03-05,2020030501006165,EBL,46,53,133,738.0,98154.0
2020-03-05,2020030501006164,EBL,46,53,100,740.0,74000.0
2020-03-05,2020030501006123,EBL,33,49,350,741.0,259350.0
2020-03-05,2020030501006122,EBL,33,43,54,740.0,39960.0
2020-03-05,2020030501006400,EIC,21,51,147,395.0,58065.0
2020-03-05,2020030501006355,EIC,1,51,200,395.0,79000.0
2020-03-05,2020030501006175,EIC,38,51,66,395.0,26070.0
2020-03-05,2020030501006089,EIC,38,47,134,395.0,52930.0
2020-03-05,2020030501006451,FMDBL,33,48,52,485.0,25220.0
2020-03-05,2020030501006260,FMDBL,49,34,100,487.0,48700.0
2020-03-05,2020030501006257,FMDBL,26,55,100,480.0,48000.0
2020-03-05,2020030501006256,FMDBL,1,55,300,481.0,144300.0
2020-03-05,2020030501006255,FMDBL,3,55,50,482.0,24100.0
2020-03-05,2020030501006426,FOWAD,19,35,19,1450.0,27550.0
2020-03-05,2020030501006382,FOWAD,26,51,15,1445.0,21675.0
2020-03-05,2020030501006281,FOWAD,45,6,25,1436.0,35900.0
2020-03-05,2020030501006197,FOWAD,49,11,19,1432.0,27208.0
2020-03-05,2020030501006080,FOWAD,43,55,81,1432.0,115992.0
2020-03-05,2020030501006048,FOWAD,44,55,50,1435.0,71750.0
2020-03-05,2020030501006271,GBBL,21,14,10,242.0,2420.0
2020-03-05,2020030501006270,GBBL,21,42,70,242.0,16940.0
2020-03-05,2020030501006227,GBBL,57,42,200,242.0,48400.0
2020-03-05,2020030501006462,GBIME,34,17,30,286.0,8580.0
2020-03-05,2020030501006292,GBIME,34,39,938,286.0,268268.0
2020-03-05,2020030501006291,GBIME,6,39,62,287.0,17794.0
2020-03-05,2020030501006252,GBIME,6,34,270,288.0,77760.0
2020-03-05,2020030501006251,GBIME,6,38,45,288.0,12960.0
2020-03-05,2020030501006250,GBIME,6,59,511,288.0,147168.0
2020-03-05,2020030501006036,GBIME,21,37,200,287.0,57400.0
2020-03-05,2020030501006249,GBIME,6,51,340,288.0,97920.0
2020-03-05,2020030501006248,GBIME,6,57,500,288.0,144000.0
2020-03-05,2020030501006247,GBIME,6,34,400,288.0,115200.0
2020-03-05,2020030501006246,GBIME,6,41,172,287.0,49364.0
2020-03-05,2020030501006245,GBIME,6,41,300,287.0,86100.0
2020-03-05,2020030501006244,GBIME,6,37,300,287.0,86100.0
2020-03-05,2020030501006196,GBLBS,52,11,15,485.0,7275.0
2020-03-05,2020030501006166,GBLBS,52,48,150,485.0,72750.0
2020-03-05,2020030501006079,GBLBS,52,45,15,485.0,7275.0
2020-03-05,2020030501006352,GLICL,28,44,10,481.0,4810.0
2020-03-05,2020030501006350,GLICL,26,41,50,483.0,24150.0
2020-03-05,2020030501006185,GLICL,53,6,120,480.0,57600.0
2020-03-05,2020030501006184,GLICL,38,6,10,480.0,4800.0
2020-03-05,2020030501006183,GLICL,59,6,100,480.0,48000.0
2020-03-05,2020030501006182,GLICL,7,6,10,480.0,4800.0
2020-03-05,2020030501006181,GLICL,37,6,100,481.0,48100.0
2020-03-05,2020030501006180,GLICL,38,6,10,481.0,4810.0
2020-03-05,2020030501006179,GLICL,54,6,50,481.0,24050.0
2020-03-05,2020030501006039,GLICL,45,41,62,484.0,30008.0
2020-03-05,2020030501006038,GLICL,45,44,28,484.0,13552.0
2020-03-05,2020030501006438,GMFBS,28,54,10,782.0,7820.0
2020-03-05,2020030501006437,GMFBS,28,34,10,781.0,7810.0
2020-03-05,2020030501006436,GMFBS,28,51,90,781.0,70290.0
2020-03-05,2020030501006353,GMFBS,19,51,25,781.0,19525.0
2020-03-05,2020030501006230,GMFBS,28,51,10,766.0,7660.0
2020-03-05,2020030501006495,GMFIL,45,25,190,139.0,26410.0
2020-03-05,2020030501006263,GMFIL,32,25,10,139.0,1390.0
2020-03-05,2020030501006208,GRDBL,40,49,524,119.0,62356.0
2020-03-05,2020030501006416,HBL,6,8,500,600.0,300000.0
2020-03-05,2020030501006415,HBL,6,37,40,600.0,24000.0
2020-03-05,2020030501006502,HDL,57,57,100,1621.0,162100.0
2020-03-05,2020030501006298,HDL,52,5,10,1625.0,16250.0
2020-03-05,2020030501006297,HDL,52,11,80,1625.0,130000.0
2020-03-05,2020030501006296,HDL,52,51,20,1625.0,32500.0
2020-03-05,2020030501006064,HDL,14,10,80,1615.0,129200.0
2020-03-05,2020030501006063,HDL,32,10,20,1616.0,32320.0
2020-03-05,2020030501006523,HGI,36,49,420,400.0,168000.0
2020-03-05,2020030501006522,HGI,36,45,50,400.0,20000.0
2020-03-05,2020030501006521,HGI,36,58,100,400.0,40000.0
2020-03-05,2020030501006520,HGI,36,45,700,400.0,280000.0
2020-03-05,2020030501006519,HGI,36,56,285,399.0,113715.0
2020-03-05,2020030501006518,HGI,36,58,145,398.0,57710.0
2020-03-05,2020030501006262,HGI,59,51,500,397.0,198500.0
2020-03-05,2020030501006090,HGI,17,21,10,394.0,3940.0
2020-03-05,2020030501006100,HIDCL,17,45,61,136.0,8296.0
2020-03-05,2020030501006333,HPPL,5,11,10,143.0,1430.0
2020-03-05,2020030501006219,HPPL,5,58,120,143.0,17160.0
2020-03-05,2020030501006112,HPPL,1,42,10,142.0,1420.0
2020-03-05,2020030501006106,HPPL,1,11,10,142.0,1420.0
2020-03-05,2020030501006510,ILBS,35,44,10,730.0,7300.0
2020-03-05,2020030501006312,ILBS,57,52,10,730.0,7300.0
2020-03-05,2020030501006311,ILBS,57,40,10,729.0,7290.0
2020-03-05,2020030501006289,ILBS,57,25,20,717.0,14340.0
2020-03-05,2020030501006216,ILBS,57,11,10,717.0,7170.0
2020-03-05,2020030501006160,ILBS,57,17,10,717.0,7170.0
2020-03-05,2020030501006189,JBBL,58,17,89,188.0,16732.0
2020-03-05,2020030501006140,JBBL,58,42,58,188.0,10904.0
2020-03-05,2020030501006444,JOSHI,36,4,20,61.0,1220.0
2020-03-05,2020030501006443,JOSHI,36,4,20,61.0,1220.0
2020-03-05,2020030501006442,JOSHI,36,4,20,61.0,1220.0
2020-03-05,2020030501006441,JOSHI,36,4,20,61.0,1220.0
2020-03-05,2020030501006397,JOSHI,36,44,20,60.0,1200.0
2020-03-05,2020030501006396,JOSHI,36,55,20,60.0,1200.0
2020-03-05,2020030501006395,JOSHI,36,32,20,60.0,1200.0
2020-03-05,2020030501006394,JOSHI,36,44,20,60.0,1200.0
2020-03-05,2020030501006159,KBL,6,48,235,210.0,49350.0
2020-03-05,2020030501006148,KBL,48,42,124,209.0,25916.0
2020-03-05,2020030501006503,KMCDB,7,52,500,865.0,432500.0
2020-03-05,2020030501006385,KMCDB,7,42,21,865.0,18165.0
2020-03-05,2020030501006384,KMCDB,7,47,45,865.0,38925.0
2020-03-05,2020030501006383,KMCDB,7,38,146,865.0,126290.0
2020-03-05,2020030501006330,KMCDB,58,1,10,860.0,8600.0
2020-03-05,2020030501006280,KMCDB,45,38,50,865.0,43250.0
2020-03-05,2020030501006215,KPCL,45,55,10,107.0,1070.0
2020-03-05,2020030501006146,KPCL,11,44,10,105.0,1050.0
2020-03-05,2020030501006309,KRBL,51,45,200,105.0,21000.0
2020-03-05,2020030501006201,KSBBL,10,17,63,165.0,10395.0
2020-03-05,2020030501006195,KSBBL,10,42,259,165.0,42735.0
2020-03-05,2020030501006222,LBBL,16,42,28,192.0,5376.0
2020-03-05,2020030501006082,LBBL,25,46,20,194.0,3880.0
2020-03-05,2020030501006081,LBBL,25,55,100,193.0,19300.0
2020-03-05,2020030501006051,LBBL,16,41,117,192.0,22464.0
2020-03-05,2020030501006228,LBL,1,57,200,226.0,45200.0
2020-03-05,2020030501006096,LBL,29,44,1900,230.0,437000.0
2020-03-05,2020030501006095,LBL,29,5,1000,229.0,229000.0
2020-03-05,2020030501006094,LBL,29,50,682,228.0,155496.0
2020-03-05,2020030501006035,LBL,55,50,500,228.0,114000.0
2020-03-05,2020030501006154,LICN,34,45,40,1475.0,59000.0
2020-03-05,2020030501006153,LICN,34,41,67,1474.0,98758.0
2020-03-05,2020030501006467,LLBS,57,49,25,1020.0,25500.0
2020-03-05,2020030501006253,LLBS,57,42,27,1020.0,27540.0
2020-03-05,2020030501006460,MBL,54,50,57,248.0,14136.0
2020-03-05,2020030501006459,MBL,54,14,100,247.0,24700.0
2020-03-05,2020030501006406,MDB,28,16,409,449.0,183641.0
2020-03-05,2020030501006210,MDB,47,55,92,447.0,41124.0
2020-03-05,2020030501006209,MDB,40,55,100,447.0,44700.0
2020-03-05,2020030501006450,MEGA,52,53,300,228.0,68400.0
2020-03-05,2020030501006386,MEGA,32,25,500,228.0,114000.0
2020-03-05,2020030501006269,MEGA,57,42,123,227.0,27921.0
2020-03-05,2020030501006190,MEGA,57,53,400,227.0,90800.0
2020-03-05,2020030501006194,MERO,25,48,187,621.0,116127.0
2020-03-05,2020030501006193,MERO,41,48,100,622.0,62200.0
2020-03-05,2020030501006141,MERO,57,41,85,625.0,53125.0
2020-03-05,2020030501006349,MERO,45,50,43,622.0,26746.0
2020-03-05,2020030501006334,MFIL,43,38,10,294.0,2940.0
2020-03-05,2020030501006286,MFIL,16,45,977,291.0,284307.0
2020-03-05,2020030501006285,MFIL,34,45,1623,291.0,472293.0
2020-03-05,2020030501006284,MFIL,25,45,100,292.0,29200.0
2020-03-05,2020030501006163,MFIL,43,38,10,294.0,2940.0
2020-03-05,2020030501006054,MFIL,25,47,200,292.0,58400.0
2020-03-05,2020030501006053,MFIL,25,47,300,292.0,87600.0
2020-03-05,2020030501006040,MFIL,25,47,500,292.0,146000.0
2020-03-05,2020030501006525,MLBL,21,58,156,219.0,34164.0
2020-03-05,2020030501006514,MLBL,38,58,90,219.0,19710.0
2020-03-05,2020030501006496,MLBL,38,58,90,219.0,19710.0
2020-03-05,2020030501006492,MLBL,21,58,10,219.0,2190.0
2020-03-05,2020030501006491,MLBL,21,58,10,219.0,2190.0
2020-03-05,2020030501006490,MLBL,21,58,10,219.0,2190.0
2020-03-05,2020030501006134,MLBL,38,10,70,220.0,15400.0
2020-03-05,2020030501006238,MLBL,38,10,72,220.0,15840.0
2020-03-05,2020030501006221,MLBL,38,10,77,220.0,16940.0
2020-03-05,2020030501006177,MLBL,38,10,72,220.0,15840.0
2020-03-05,2020030501006348,MLBL,38,10,85,220.0,18700.0
2020-03-05,2020030501006335,MLBL,38,10,84,220.0,18480.0
2020-03-05,2020030501006315,MLBL,38,10,11,220.0,2420.0
2020-03-05,2020030501006314,MLBL,38,42,69,219.0,15111.0
2020-03-05,2020030501006275,MLBL,38,10,80,220.0,17600.0
2020-03-05,2020030501006261,MLBL,38,10,78,220.0,17160.0
2020-03-05,2020030501006489,MLBL,49,58,34,219.0,7446.0
2020-03-05,2020030501006456,MLBL,38,10,89,220.0,19580.0
2020-03-05,2020030501006429,MLBL,38,10,88,220.0,19360.0
2020-03-05,2020030501006399,MLBL,38,10,88,220.0,19360.0
2020-03-05,2020030501006354,MLBL,38,10,87,220.0,19140.0
2020-03-05,2020030501006332,MNBBL,49,1,74,328.0,24272.0
2020-03-05,2020030501006331,MNBBL,34,1,100,328.0,32800.0
2020-03-05,2020030501006283,MNBBL,39,1,150,330.0,49500.0
2020-03-05,2020030501006282,MNBBL,56,1,758,330.0,250140.0
2020-03-05,2020030501006125,MNBBL,56,42,242,330.0,79860.0
2020-03-05,2020030501006042,MNBBL,34,53,1000,331.0,331000.0
2020-03-05,2020030501006124,MNBBL,51,42,58,330.0,19140.0
2020-03-05,2020030501006071,MNBBL,51,45,42,330.0,13860.0
2020-03-05,2020030501006070,MNBBL,34,45,36,330.0,11880.0
2020-03-05,2020030501006509,MPFL,32,21,965,127.0,122555.0
2020-03-05,2020030501006313,MSMBS,17,42,11,740.0,8140.0
2020-03-05,2020030501006505,NABIL,44,53,100,835.0,83500.0
2020-03-05,2020030501006357,NABIL,34,16,2135,835.0,1782725.0
2020-03-05,2020030501006356,NABIL,34,13,100,834.0,83400.0
2020-03-05,2020030501006317,NABIL,34,5,348,833.0,289884.0
2020-03-05,2020030501006316,NABIL,34,33,25,833.0,20825.0
2020-03-05,2020030501006290,NABIL,34,28,200,832.0,166400.0
2020-03-05,2020030501006059,NABIL,33,50,160,826.0,132160.0
2020-03-05,2020030501006052,NABIL,45,55,62,825.0,51150.0
2020-03-05,2020030501006044,NABIL,57,55,100,825.0,82500.0
2020-03-05,2020030501006139,NABIL,10,53,32,822.0,26304.0
2020-03-05,2020030501006138,NABIL,46,53,70,822.0,57540.0
2020-03-05,2020030501006137,NABIL,33,53,23,829.0,19067.0
2020-03-05,2020030501006075,NABIL,33,29,50,830.0,41500.0
2020-03-05,2020030501006074,NABIL,33,49,13,830.0,10790.0
2020-03-05,2020030501006060,NABIL,33,39,217,829.0,179893.0
2020-03-05,2020030501006308,NADEP,36,59,23,654.0,15042.0
2020-03-05,2020030501006279,NADEP,49,22,80,655.0,52400.0
2020-03-05,2020030501006258,NADEP,36,11,23,654.0,15042.0
2020-03-05,2020030501006217,NADEP,46,22,200,655.0,131000.0
2020-03-05,2020030501006178,NADEP,36,25,23,654.0,15042.0
2020-03-05,2020030501006232,NBB,49,42,290,223.0,64670.0
2020-03-05,2020030501006231,NBB,6,42,170,224.0,38080.0
2020-03-05,2020030501006129,NBL,53,48,50,285.0,14250.0
2020-03-05,2020030501006517,NCCB,29,29,1,200.0,200.0
2020-03-05,2020030501006493,NCCB,58,45,166,200.0,33200.0
2020-03-05,2020030501006158,NCCB,58,7,1000,201.0,201000.0
2020-03-05,2020030501006157,NCCB,58,32,1000,201.0,201000.0
2020-03-05,2020030501006156,NCCB,58,54,32,201.0,6432.0
2020-03-05,2020030501006155,NCCB,58,32,100,201.0,20100.0
2020-03-05,2020030501006135,NCCB,58,35,575,200.0,115000.0
2020-03-05,2020030501006084,NCCB,8,38,500,199.0,99500.0
2020-03-05,2020030501006083,NCCB,17,38,500,199.0,99500.0
2020-03-05,2020030501006508,NIB,45,38,100,422.0,42200.0
2020-03-05,2020030501006507,NIB,45,38,200,421.0,84200.0
2020-03-05,2020030501006506,NIB,45,59,100,421.0,42100.0
2020-03-05,2020030501006486,NIB,58,13,500,420.0,210000.0
2020-03-05,2020030501006485,NIB,58,55,200,420.0,84000.0
2020-03-05,2020030501006484,NIB,58,7,44,420.0,18480.0
2020-03-05,2020030501006483,NIB,58,44,200,420.0,84000.0
2020-03-05,2020030501006482,NIB,58,44,500,420.0,210000.0
2020-03-05,2020030501006474,NIB,57,10,846,419.0,354474.0
2020-03-05,2020030501006473,NIB,25,10,100,419.0,41900.0
2020-03-05,2020030501006472,NIB,45,10,50,419.0,20950.0
2020-03-05,2020030501006471,NIB,22,10,100,419.0,41900.0
2020-03-05,2020030501006494,NIBPO,13,34,250,355.0,88750.0
2020-03-05,2020030501006199,NIBPO,39,53,270,350.0,94500.0
2020-03-05,2020030501006198,NIBPO,52,53,30,350.0,10500.0
2020-03-05,2020030501006425,NICA,6,28,100,570.0,57000.0
2020-03-05,2020030501006365,NICA,58,16,205,568.0,116440.0
2020-03-05,2020030501006364,NICA,48,16,25,568.0,14200.0
2020-03-05,2020030501006363,NICA,34,16,20,568.0,11360.0
2020-03-05,2020030501006362,NICA,28,16,200,569.0,113800.0
2020-03-05,2020030501006300,NICA,36,57,500,569.0,284500.0
2020-03-05,2020030501006045,NICA,44,14,269,569.0,153061.0
2020-03-05,2020030501006259,NICA,34,37,350,568.0,198800.0
2020-03-05,2020030501006225,NICA,34,38,1930,568.0,1096240.0
2020-03-05,2020030501006224,NICA,7,38,70,569.0,39830.0
2020-03-05,2020030501006152,NICA,6,28,100,570.0,57000.0
2020-03-05,2020030501006047,NICA,45,28,469,570.0,267330.0
2020-03-05,2020030501006046,NICA,45,14,31,569.0,17639.0
2020-03-05,2020030501006465,NICL,58,33,854,450.0,384300.0
2020-03-05,2020030501006461,NICL,25,33,100,450.0,45000.0
2020-03-05,2020030501006392,NICL,53,33,46,450.0,20700.0
2020-03-05,2020030501006391,NICL,53,33,254,450.0,114300.0
2020-03-05,2020030501006360,NICL,33,33,200,450.0,90000.0
2020-03-05,2020030501006233,NICL,25,33,500,449.0,224500.0
2020-03-05,2020030501006176,NICL,57,33,500,449.0,224500.0
2020-03-05,2020030501006073,NICL,13,57,100,448.0,44800.0
2020-03-05,2020030501006049,NICL,13,26,35,448.0,15680.0
2020-03-05,2020030501006077,NIL,44,57,30,585.0,17550.0
2020-03-05,2020030501006358,NLG,41,5,188,640.0,120320.0
2020-03-05,2020030501006318,NLG,41,41,12,639.0,7668.0
2020-03-05,2020030501006513,NLIC,6,16,45,1244.0,55980.0
2020-03-05,2020030501006512,NLIC,16,16,15,1245.0,18675.0
2020-03-05,2020030501006468,NLIC,43,49,500,1249.0,624500.0
2020-03-05,2020030501006390,NLIC,6,11,22,1244.0,27368.0
2020-03-05,2020030501006323,NLIC,21,13,22,1250.0,27500.0
2020-03-05,2020030501006322,NLIC,21,45,17,1250.0,21250.0
2020-03-05,2020030501006068,NLIC,44,50,30,1244.0,37320.0
2020-03-05,2020030501006041,NLIC,44,11,22,1244.0,27368.0
2020-03-05,2020030501006115,NLIC,51,55,395,1245.0,491775.0
2020-03-05,2020030501006102,NLIC,38,17,40,1244.0,49760.0
2020-03-05,2020030501006086,NLIC,38,50,117,1244.0,145548.0
2020-03-05,2020030501006085,NLIC,43,50,233,1244.0,289852.0
2020-03-05,2020030501006072,NLIC,43,17,22,1244.0,27368.0
2020-03-05,2020030501006069,NLIC,43,50,345,1244.0,429180.0
2020-03-05,2020030501006226,NLIC,51,17,22,1245.0,27390.0
2020-03-05,2020030501006172,NLIC,52,33,300,1250.0,375000.0
2020-03-05,2020030501006151,NLIC,38,33,100,1250.0,125000.0
2020-03-05,2020030501006150,NLIC,38,34,100,1250.0,125000.0
2020-03-05,2020030501006149,NLIC,38,37,100,1250.0,125000.0
2020-03-05,2020030501006116,NLIC,51,47,30,1245.0,37350.0
2020-03-05,2020030501006321,NLIC,21,17,22,1250.0,27500.0
2020-03-05,2020030501006320,NLIC,21,25,10,1250.0,12500.0
2020-03-05,2020030501006319,NLIC,21,39,22,1250.0,27500.0
2020-03-05,2020030501006295,NLIC,21,33,100,1250.0,125000.0
2020-03-05,2020030501006294,NLIC,52,49,200,1245.0,249000.0
2020-03-05,2020030501006293,NLIC,51,49,53,1245.0,65985.0
2020-03-05,2020030501006401,NLICL,43,42,100,709.0,70900.0
2020-03-05,2020030501006326,NLICL,13,32,70,700.0,49000.0
2020-03-05,2020030501006325,NLICL,35,32,30,705.0,21150.0
2020-03-05,2020030501006304,NLICL,40,45,18,705.0,12690.0
2020-03-05,2020030501006303,NLICL,40,54,40,705.0,28200.0
2020-03-05,2020030501006302,NLICL,40,10,101,705.0,71205.0
2020-03-05,2020030501006529,NMB,35,4,100,464.0,46400.0
2020-03-05,2020030501006344,NMB,57,20,500,461.0,230500.0
2020-03-05,2020030501006341,NMB,33,4,2000,464.0,928000.0
2020-03-05,2020030501006254,NMB,58,17,42,460.0,19320.0
2020-03-05,2020030501006200,NMB,58,39,200,460.0,92000.0
2020-03-05,2020030501006147,NMB,58,55,32,460.0,14720.0
2020-03-05,2020030501006110,NMB,37,56,60,460.0,27600.0
2020-03-05,2020030501006109,NMB,37,42,160,460.0,73600.0
2020-03-05,2020030501006097,NMB,14,17,42,458.0,19236.0
2020-03-05,2020030501006061,NMB,14,48,100,458.0,45800.0
2020-03-05,2020030501006037,NMB,34,32,400,457.0,182800.0
2020-03-05,2020030501006528,NTC,53,4,130,654.0,85020.0
2020-03-05,2020030501006527,NTC,28,4,20,654.0,13080.0
2020-03-05,2020030501006211,NTC,22,51,10,646.0,6460.0
2020-03-05,2020030501006339,OHL,42,6,11,441.0,4851.0
2020-03-05,2020030501006338,OHL,10,6,1000,441.0,441000.0
2020-03-05,2020030501006337,OHL,58,6,70,442.0,30940.0
2020-03-05,2020030501006336,OHL,19,6,50,442.0,22100.0
2020-03-05,2020030501006526,PCBL,33,45,200,300.0,60000.0
2020-03-05,2020030501006407,PCBL,33,36,500,300.0,150000.0
2020-03-05,2020030501006379,PCBL,33,36,2000,300.0,600000.0
2020-03-05,2020030501006220,PCBL,22,53,100,299.0,29900.0
2020-03-05,2020030501006218,PCBL,1,36,400,300.0,120000.0
2020-03-05,2020030501006092,PCBL,49,36,550,300.0,165000.0
2020-03-05,2020030501006091,PCBL,50,36,50,301.0,15050.0
2020-03-05,2020030501006121,PFL,45,32,300,163.0,48900.0
2020-03-05,2020030501006120,PFL,45,14,339,163.0,55257.0
2020-03-05,2020030501006488,PIC,52,58,257,602.0,154714.0
2020-03-05,2020030501006487,PIC,19,58,49,602.0,29498.0
2020-03-05,2020030501006380,PIC,19,11,20,602.0,12040.0
2020-03-05,2020030501006342,PIC,19,42,11,602.0,6622.0
2020-03-05,2020030501006278,PIC,19,17,20,602.0,12040.0
2020-03-05,2020030501006229,PIC,19,11,100,602.0,60200.0
2020-03-05,2020030501006170,PIC,44,45,30,601.0,18030.0
2020-03-05,2020030501006169,PIC,29,45,200,601.0,120200.0
2020-03-05,2020030501006168,PIC,11,45,100,603.0,60300.0
2020-03-05,2020030501006167,PIC,39,45,90,605.0,54450.0
2020-03-05,2020030501006128,PIC,39,51,28,605.0,16940.0
2020-03-05,2020030501006274,PICL,28,48,130,469.0,60970.0
2020-03-05,2020030501006273,PICL,29,48,10,470.0,4700.0
2020-03-05,2020030501006272,PICL,29,48,10,470.0,4700.0
2020-03-05,2020030501006214,PLIC,37,48,225,581.0,130725.0
2020-03-05,2020030501006143,PLIC,32,48,600,582.0,349200.0
2020-03-05,2020030501006058,PLIC,37,48,500,581.0,290500.0
2020-03-05,2020030501006205,PMHPL,6,44,10,83.0,830.0
2020-03-05,2020030501006243,PPCL,45,55,20,120.0,2400.0
2020-03-05,2020030501006192,PPCL,45,32,10,120.0,1200.0
2020-03-05,2020030501006191,PPCL,45,32,50,120.0,6000.0
2020-03-05,2020030501006524,PRIN,46,50,48,448.0,21504.0
2020-03-05,2020030501006235,PRIN,46,17,1052,448.0,471296.0
2020-03-05,2020030501006234,PRIN,46,57,100,445.0,44500.0
2020-03-05,2020030501006455,PRVU,34,51,1203,256.0,307968.0
2020-03-05,2020030501006417,PRVU,29,51,200,256.0,51200.0
2020-03-05,2020030501006307,PRVU,58,48,48,255.0,12240.0
2020-03-05,2020030501006288,PRVU,58,57,500,255.0,127500.0
2020-03-05,2020030501006223,PRVU,43,58,200,255.0,51000.0
2020-03-05,2020030501006142,PRVU,52,50,1015,255.0,258825.0
2020-03-05,2020030501006127,RADHI,11,45,12,163.0,1956.0
2020-03-05,2020030501006499,RHPC,36,17,19,86.0,1634.0
2020-03-05,2020030501006498,RHPC,36,42,19,86.0,1634.0
2020-03-05,2020030501006497,RHPC,36,17,19,86.0,1634.0
2020-03-05,2020030501006466,RHPL,50,1,10,160.0,1600.0
2020-03-05,2020030501006351,RHPL,50,1,10,160.0,1600.0
2020-03-05,2020030501006343,RHPL,50,55,40,160.0,6400.0
2020-03-05,2020030501006237,RHPL,50,44,10,160.0,1600.0
2020-03-05,2020030501006276,RRHP,26,44,10,96.0,960.0
2020-03-05,2020030501006531,SABSL,34,21,39,753.0,29367.0
2020-03-05,2020030501006530,SABSL,34,34,11,751.0,8261.0
2020-03-05,2020030501006504,SABSL,44,11,11,750.0,8250.0
2020-03-05,2020030501006470,SABSL,44,48,16,750.0,12000.0
2020-03-05,2020030501006373,SABSL,36,29,96,750.0,72000.0
2020-03-05,2020030501006372,SABSL,36,42,11,750.0,8250.0
2020-03-05,2020030501006371,SABSL,36,19,100,750.0,75000.0
2020-03-05,2020030501006370,SABSL,36,45,10,750.0,7500.0
2020-03-05,2020030501006369,SABSL,36,19,10,750.0,7500.0
2020-03-05,2020030501006368,SABSL,36,45,11,749.0,8239.0
2020-03-05,2020030501006287,SABSL,43,6,11,737.0,8107.0
2020-03-05,2020030501006108,SANIMA,33,6,50,362.0,18100.0
2020-03-05,2020030501006105,SANIMA,33,41,20,362.0,7240.0
2020-03-05,2020030501006104,SANIMA,8,41,90,362.0,32580.0
2020-03-05,2020030501006098,SANIMA,8,49,410,362.0,148420.0
2020-03-05,2020030501006067,SANIMA,57,49,200,362.0,72400.0
2020-03-05,2020030501006076,SBI,50,33,63,485.0,30555.0
2020-03-05,2020030501006206,SBL,58,22,348,328.0,114144.0
2020-03-05,2020030501006162,SBL,13,16,400,327.0,130800.0
2020-03-05,2020030501006161,SBL,50,16,150,327.0,49050.0
2020-03-05,2020030501006117,SBL,50,21,50,327.0,16350.0
2020-03-05,2020030501006475,SCB,42,41,140,696.0,97440.0
2020-03-05,2020030501006449,SCB,25,41,10,696.0,6960.0
2020-03-05,2020030501006405,SCB,54,22,86,695.0,59770.0
2020-03-05,2020030501006359,SCB,45,42,20,695.0,13900.0
2020-03-05,2020030501006310,SCB,34,21,98,690.0,67620.0
2020-03-05,2020030501006171,SCB,45,41,20,690.0,13800.0
2020-03-05,2020030501006113,SCB,45,17,20,690.0,13800.0
2020-03-05,2020030501006445,SHIVM,17,11,70,595.0,41650.0
2020-03-05,2020030501006306,SHIVM,1,11,150,595.0,89250.0
2020-03-05,2020030501006087,SHIVM,14,6,200,597.0,119400.0
2020-03-05,2020030501006055,SHIVM,1,11,50,595.0,29750.0
2020-03-05,2020030501006324,SHPC,26,26,50,221.0,11050.0
2020-03-05,2020030501006207,SHPC,26,26,50,221.0,11050.0
2020-03-05,2020030501006345,SJCL,59,44,10,152.0,1520.0
2020-03-05,2020030501006440,SLICL,10,36,263,460.0,120980.0
2020-03-05,2020030501006439,SLICL,10,29,237,460.0,109020.0
2020-03-05,2020030501006432,SLICL,10,45,200,459.0,91800.0
2020-03-05,2020030501006305,SLICL,36,11,100,457.0,45700.0
2020-03-05,2020030501006268,SLICL,36,50,1000,457.0,457000.0
2020-03-05,2020030501006034,SLICL,38,16,50,453.0,22650.0
2020-03-05,2020030501006033,SLICL,39,16,150,454.0,68100.0
2020-03-05,2020030501006032,SLICL,13,16,800,455.0,364000.0
2020-03-05,2020030501006126,SPARS,34,19,180,790.0,142200.0
2020-03-05,2020030501006114,SPARS,20,19,50,790.0,39500.0
2020-03-05,2020030501006066,SPARS,45,11,10,777.0,7770.0
2020-03-05,2020030501006299,SPDL,45,17,15,100.0,1500.0
2020-03-05,2020030501006136,SPDL,47,17,15,99.0,1485.0
2020-03-05,2020030501006389,SRBL,37,42,74,260.0,19240.0
2020-03-05,2020030501006388,SRBL,35,42,30,261.0,7830.0
2020-03-05,2020030501006266,SRBL,35,6,50,261.0,13050.0
2020-03-05,2020030501006409,TMDBL,49,17,62,189.0,11718.0
2020-03-05,2020030501006408,TMDBL,26,17,50,190.0,9500.0
2020-03-05,2020030501006500,TRH,22,17,270,264.0,71280.0
2020-03-05,2020030501006501,UIC,49,1,400,370.0,148000.0
2020-03-05,2020030501006469,UIC,49,1,200,370.0,74000.0
2020-03-05,2020030501006430,UIC,45,1,100,370.0,37000.0
2020-03-05,2020030501006340,UIC,45,6,100,370.0,37000.0
2020-03-05,2020030501006458,UNHPL,45,34,50,66.0,3300.0
2020-03-05,2020030501006457,UNHPL,45,45,50,66.0,3300.0
2020-03-05,2020030501006476,UPPER,33,11,40,234.0,9360.0
2020-03-05,2020030501006404,UPPER,7,45,50,235.0,11750.0
2020-03-05,2020030501006403,UPPER,7,48,76,235.0,17860.0
2020-03-05,2020030501006393,UPPER,33,11,40,234.0,9360.0
2020-03-05,2020030501006145,UPPER,22,48,200,235.0,47000.0
2020-03-05,2020030501006144,UPPER,33,45,40,234.0,9360.0
2020-03-05,2020030501006119,UPPER,59,48,100,235.0,23500.0
2020-03-05,2020030501006118,UPPER,49,48,624,235.0,146640.0
2020-03-05,2020030501006103,UPPER,49,45,40,235.0,9400.0
2020-03-05,2020030501006088,UPPER,49,11,50,235.0,11750.0
2020-03-05,2020030501006448,VLBS,36,41,110,985.0,108350.0
2020-03-05,2020030501006447,VLBS,36,45,228,985.0,224580.0
2020-03-05,2020030501006446,VLBS,36,40,200,978.0,195600.0
2020-03-05,2020030501006398,VLBS,49,42,13,968.0,12584.0
2020-03-05,2020030501006511,WOMI,41,42,67,981.0,65727.0
2020-03-05,2020030501006424,WOMI,41,55,503,975.0,490425.0
2020-03-05,2020030501006423,WOMI,17,55,18,976.0,17568.0
2020-03-05,2020030501006422,WOMI,39,55,10,976.0,9760.0
2020-03-05,2020030501006421,WOMI,38,55,50,980.0,49000.0
2020-03-05,2020030501006420,WOMI,49,55,50,980.0,49000.0
2020-03-05,2020030501006419,WOMI,49,55,154,981.0,151074.0
2020-03-05,2020030501006367,WOMI,10,10,100,982.0,98200.0
2020-03-05,2020030501006366,WOMI,39,10,50,985.0,49250.0
2020-03-05,2020030501006099,WOMI,44,33,50,1000.0,50000.0
2020-03-05,2020030501005370,AHPC,37,48,51,99.0,5049.0
2020-03-05,2020030501005050,AHPC,34,26,1000,99.0,99000.0
2020-03-05,2020030501005322,AKJCL,59,44,10,52.0,520.0
2020-03-05,2020030501005520,AKPL,1,8,441,126.0,55566.0
2020-03-05,2020030501005293,AKPL,1,42,13,126.0,1638.0
2020-03-05,2020030501005393,ALBSL,35,39,20,662.0,13240.0
2020-03-05,2020030501005177,ALBSL,25,53,289,668.0,193052.0
2020-03-05,2020030501005113,ALBSL,48,42,11,662.0,7282.0
2020-03-05,2020030501005345,ALICL,5,54,20,575.0,11500.0
2020-03-05,2020030501005220,ALICL,37,50,500,565.0,282500.0
2020-03-05,2020030501005506,API,47,40,11,132.0,1452.0
2020-03-05,2020030501005357,API,47,13,18,132.0,2376.0
2020-03-05,2020030501005356,API,48,13,182,132.0,24024.0
2020-03-05,2020030501005327,API,48,42,18,132.0,2376.0
2020-03-05,2020030501005338,BARUN,41,42,10,92.0,920.0
2020-03-05,2020030501005228,BOKL,43,48,227,243.0,55161.0
2020-03-05,2020030501005227,BOKL,39,48,473,243.0,114939.0
2020-03-05,2020030501005192,BOKL,39,20,27,243.0,6561.0
2020-03-05,2020030501005191,BOKL,45,20,236,244.0,57584.0
2020-03-05,2020030501005190,BOKL,45,20,10,245.0,2450.0
2020-03-05,2020030501005521,BPCL,41,41,11,359.0,3949.0
2020-03-05,2020030501005360,BPCL,53,38,20,358.0,7160.0
2020-03-05,2020030501005211,BPCL,13,4,200,364.0,72800.0
2020-03-05,2020030501005210,BPCL,13,45,100,364.0,36400.0
2020-03-05,2020030501005209,BPCL,13,46,500,363.0,181500.0
2020-03-05,2020030501005208,BPCL,13,52,23,362.0,8326.0
2020-03-05,2020030501005425,CBBL,13,48,236,1031.0,243316.0
2020-03-05,2020030501005424,CBBL,13,58,40,1031.0,41240.0
2020-03-05,2020030501005423,CBBL,13,44,18,1030.0,18540.0
2020-03-05,2020030501005422,CBBL,13,21,100,1030.0,103000.0
2020-03-05,2020030501005381,CBBL,13,4,10,1025.0,10250.0
2020-03-05,2020030501005380,CBBL,13,16,50,1025.0,51250.0
2020-03-05,2020030501005235,CBBL,33,42,99,1013.0,100287.0
2020-03-05,2020030501005530,CCBL,17,56,415,185.0,76775.0
2020-03-05,2020030501005511,CCBL,49,56,478,185.0,88430.0
2020-03-05,2020030501005353,CCBL,49,42,164,185.0,30340.0
2020-03-05,2020030501005155,CCBL,49,49,292,185.0,54020.0
2020-03-05,2020030501005109,CCBL,49,48,10,185.0,1850.0
2020-03-05,2020030501005121,CFCL,58,4,10,136.0,1360.0
2020-03-05,2020030501005222,CHL,41,22,10,98.0,980.0
2020-03-05,2020030501005488,CIT,26,14,20,2655.0,53100.0
2020-03-05,2020030501005288,CIT,6,59,50,2655.0,132750.0
2020-03-05,2020030501005153,CIT,43,36,130,2660.0,345800.0
2020-03-05,2020030501005152,CIT,43,59,170,2655.0,451350.0
2020-03-05,2020030501005151,CIT,43,10,50,2650.0,132500.0
2020-03-05,2020030501005130,CIT,57,10,20,2650.0,53000.0
2020-03-05,2020030501005347,CZBIL,36,55,10,205.0,2050.0
2020-03-05,2020030501005122,CZBIL,36,40,29,205.0,5945.0
2020-03-05,2020030501005086,CZBIL,51,40,21,205.0,4305.0
2020-03-05,2020030501005042,CZBIL,52,40,450,205.0,92250.0
2020-03-05,2020030501005490,DDBL,13,50,300,840.0,252000.0
2020-03-05,2020030501005046,DDBL,55,37,125,830.0,103750.0
2020-03-05,2020030501005378,EBL,6,14,50,740.0,37000.0
2020-03-05,2020030501005355,EBL,5,43,30,740.0,22200.0
2020-03-05,2020030501005162,EBL,22,45,50,737.0,36850.0
2020-03-05,2020030501005123,EBL,22,40,500,737.0,368500.0
2020-03-05,2020030501005108,EBL,36,49,100,741.0,74100.0
2020-03-05,2020030501005089,EBL,22,21,50,740.0,37000.0
2020-03-05,2020030501005088,EBL,22,11,90,740.0,66600.0
2020-03-05,2020030501005066,EBL,41,50,89,736.0,65504.0
2020-03-05,2020030501005098,EIC,57,58,19,391.0,7429.0
2020-03-05,2020030501005438,FMDBL,36,34,470,481.0,226070.0
2020-03-05,2020030501005437,FMDBL,32,34,30,481.0,14430.0
2020-03-05,2020030501005351,FMDBL,14,56,103,482.0,49646.0
2020-03-05,2020030501005188,FMDBL,32,58,385,481.0,185185.0
2020-03-05,2020030501005166,FMDBL,56,56,100,482.0,48200.0
2020-03-05,2020030501005165,FMDBL,49,56,200,482.0,96400.0
2020-03-05,2020030501005407,FOWAD,43,19,10,1432.0,14320.0
2020-03-05,2020030501005352,FOWAD,43,56,94,1432.0,134608.0
2020-03-05,2020030501005428,GBBL,6,13,203,242.0,49126.0
2020-03-05,2020030501005427,GBBL,6,32,100,242.0,24200.0
2020-03-05,2020030501005426,GBBL,6,6,45,242.0,10890.0
2020-03-05,2020030501005321,GBBL,4,4,5000,241.0,1205000.0
2020-03-05,2020030501005239,GBBL,38,45,52,241.0,12532.0
2020-03-05,2020030501005528,GBIME,34,21,505,286.0,144430.0
2020-03-05,2020030501005527,GBIME,39,21,300,286.0,85800.0
2020-03-05,2020030501005526,GBIME,16,21,495,287.0,142065.0
2020-03-05,2020030501005496,GBIME,16,26,55,287.0,15785.0
2020-03-05,2020030501005495,GBIME,16,42,1300,287.0,373100.0
2020-03-05,2020030501005494,GBIME,16,13,16,287.0,4592.0
2020-03-05,2020030501005320,GBIME,6,33,500,286.0,143000.0
2020-03-05,2020030501005283,GBIME,6,33,50,286.0,14300.0
2020-03-05,2020030501005266,GBIME,22,33,400,286.0,114400.0
2020-03-05,2020030501005230,GBIME,53,33,1000,286.0,286000.0
2020-03-05,2020030501005212,GBIME,50,49,50,285.0,14250.0
2020-03-05,2020030501005174,GBIME,50,49,283,285.0,80655.0
2020-03-05,2020030501005493,GBIME,16,58,134,287.0,38458.0
2020-03-05,2020030501005365,GBIME,58,32,100,286.0,28600.0
2020-03-05,2020030501005364,GBIME,58,33,1831,286.0,523666.0
2020-03-05,2020030501005359,GBIME,50,21,88,285.0,25080.0
2020-03-05,2020030501005348,GBIME,50,35,1000,285.0,285000.0
2020-03-05,2020030501005336,GBIME,41,33,300,286.0,85800.0
2020-03-05,2020030501005234,GBLBS,36,29,30,477.0,14310.0
2020-03-05,2020030501005200,GBLBS,39,29,20,477.0,9540.0
2020-03-05,2020030501005171,GBLBS,52,1,190,476.0,90440.0
2020-03-05,2020030501005170,GBLBS,58,1,1000,476.0,476000.0
2020-03-05,2020030501005141,GBLBS,6,1,440,476.0,209440.0
2020-03-05,2020030501005135,GBLBS,45,1,1000,476.0,476000.0
2020-03-05,2020030501005134,GBLBS,32,1,70,476.0,33320.0
2020-03-05,2020030501005033,GBLBS,32,13,15,476.0,7140.0
2020-03-05,2020030501005340,GLICL,48,22,27,480.0,12960.0
2020-03-05,2020030501005053,GLICL,10,53,500,480.0,240000.0
2020-03-05,2020030501005433,GMFBS,43,55,10,767.0,7670.0
2020-03-05,2020030501005131,GMFBS,43,42,10,767.0,7670.0
2020-03-05,2020030501005237,GMFIL,45,59,100,137.0,13700.0
2020-03-05,2020030501005302,GUFL,43,35,1000,126.0,126000.0
2020-03-05,2020030501005301,GUFL,59,35,96,128.0,12288.0
2020-03-05,2020030501005405,HBL,22,42,40,600.0,24000.0
2020-03-05,2020030501005404,HBL,11,42,20,600.0,12000.0
2020-03-05,2020030501005403,HBL,49,42,340,600.0,204000.0
2020-03-05,2020030501005471,HDL,40,21,60,1619.0,97140.0
2020-03-05,2020030501005418,HDL,43,38,350,1618.0,566300.0
2020-03-05,2020030501005492,HGI,46,35,70,394.0,27580.0
2020-03-05,2020030501005491,HGI,38,35,30,395.0,11850.0
2020-03-05,2020030501005362,HIDCL,47,40,31,137.0,4247.0
2020-03-05,2020030501005201,HIDCL,47,17,34,137.0,4658.0
2020-03-05,2020030501005509,HURJA,16,55,20,100.0,2000.0
2020-03-05,2020030501005372,HURJA,16,46,40,100.0,4000.0
2020-03-05,2020030501005514,ILBS,53,17,10,715.0,7150.0
2020-03-05,2020030501005464,ILBS,53,35,10,715.0,7150.0
2020-03-05,2020030501005463,ILBS,57,35,90,715.0,64350.0
2020-03-05,2020030501005410,ILBS,57,7,10,715.0,7150.0
2020-03-05,2020030501005082,ILBS,57,13,10,721.0,7210.0
2020-03-05,2020030501005384,JBBL,58,17,17,188.0,3196.0
2020-03-05,2020030501005306,JBBL,58,7,283,190.0,53770.0
2020-03-05,2020030501005278,JBBL,13,7,183,190.0,34770.0
2020-03-05,2020030501005185,JBBL,13,17,17,190.0,3230.0
2020-03-05,2020030501005504,KBL,48,6,400,209.0,83600.0
2020-03-05,2020030501005217,KBL,48,49,40,209.0,8360.0
2020-03-05,2020030501005216,KBL,43,49,40,209.0,8360.0
2020-03-05,2020030501005074,KBL,43,49,260,209.0,54340.0
2020-03-05,2020030501005073,KBL,19,49,90,209.0,18810.0
2020-03-05,2020030501005039,KBL,56,58,99,210.0,20790.0
2020-03-05,2020030501005484,KMCDB,7,7,10,856.0,8560.0
2020-03-05,2020030501005401,KMCDB,10,25,10,855.0,8550.0
2020-03-05,2020030501005373,KMCDB,10,57,10,855.0,8550.0
2020-03-05,2020030501005354,KMCDB,10,35,10,855.0,8550.0
2020-03-05,2020030501005337,KMCDB,10,57,10,855.0,8550.0
2020-03-05,2020030501005311,KMCDB,10,57,10,855.0,8550.0
2020-03-05,2020030501005286,KMCDB,10,48,10,855.0,8550.0
2020-03-05,2020030501005215,KMCDB,10,1,10,855.0,8550.0
2020-03-05,2020030501005198,KMCDB,10,29,10,855.0,8550.0
2020-03-05,2020030501005120,KMCDB,10,59,10,855.0,8550.0
2020-03-05,2020030501005085,KMCDB,10,59,10,855.0,8550.0
2020-03-05,2020030501005398,KPCL,11,44,10,105.0,1050.0
2020-03-05,2020030501005252,KSBBL,34,49,147,165.0,24255.0
2020-03-05,2020030501005435,LBBL,16,25,115,192.0,22080.0
2020-03-05,2020030501005434,LBBL,16,34,206,192.0,39552.0
2020-03-05,2020030501005430,LBBL,33,34,500,192.0,96000.0
2020-03-05,2020030501005197,LBBL,14,51,808,191.0,154328.0
2020-03-05,2020030501005196,LBBL,49,51,500,191.0,95500.0
2020-03-05,2020030501005329,LBL,13,48,10,227.0,2270.0
2020-03-05,2020030501005274,LBL,13,49,197,227.0,44719.0
2020-03-05,2020030501005254,LBL,13,55,100,227.0,22700.0
2020-03-05,2020030501005253,LBL,39,55,100,227.0,22700.0
2020-03-05,2020030501005063,LBL,42,50,218,228.0,49704.0
2020-03-05,2020030501005259,LGIL,32,20,32,482.0,15424.0
2020-03-05,2020030501005258,LGIL,29,20,50,482.0,24100.0
2020-03-05,2020030501005257,LGIL,29,20,40,484.0,19360.0
2020-03-05,2020030501005256,LGIL,6,20,278,485.0,134830.0
2020-03-05,2020030501005038,LGIL,35,20,200,487.0,97400.0
2020-03-05,2020030501005037,LGIL,1,20,100,487.0,48700.0
2020-03-05,2020030501005400,LICN,47,14,50,1460.0,73000.0
2020-03-05,2020030501005270,LLBS,36,49,10,1029.0,10290.0
2020-03-05,2020030501005145,LLBS,57,21,200,1034.0,206800.0
2020-03-05,2020030501005144,LLBS,57,14,14,1029.0,14406.0
2020-03-05,2020030501005290,MBL,35,49,80,245.0,19600.0
2020-03-05,2020030501005265,MBL,35,36,1913,245.0,468685.0
2020-03-05,2020030501005264,MBL,11,36,37,245.0,9065.0
2020-03-05,2020030501005263,MBL,21,36,2000,246.0,492000.0
2020-03-05,2020030501005262,MBL,51,36,50,247.0,12350.0
2020-03-05,2020030501005219,MBL,6,50,100,248.0,24800.0
2020-03-05,2020030501005479,MDB,40,42,1616,450.0,727200.0
2020-03-05,2020030501005455,MDB,40,42,45,450.0,20250.0
2020-03-05,2020030501005447,MDB,40,26,140,450.0,63000.0
2020-03-05,2020030501005446,MDB,40,8,300,450.0,135000.0
2020-03-05,2020030501005445,MDB,40,17,815,449.0,365935.0
2020-03-05,2020030501005444,MDB,40,32,200,448.0,89600.0
2020-03-05,2020030501005387,MDB,4,56,109,446.0,48614.0
2020-03-05,2020030501005386,MDB,53,56,30,447.0,13410.0
2020-03-05,2020030501005531,MEGA,49,50,503,226.0,113678.0
2020-03-05,2020030501005396,MEGA,54,50,200,227.0,45400.0
2020-03-05,2020030501005303,MEGA,49,21,200,226.0,45200.0
2020-03-05,2020030501005229,MEGA,49,48,10,226.0,2260.0
2020-03-05,2020030501005189,MEGA,56,50,20,227.0,4540.0
2020-03-05,2020030501005104,MEGA,49,42,101,226.0,22826.0
2020-03-05,2020030501005047,MEGA,58,50,500,227.0,113500.0
2020-03-05,2020030501005034,MEGA,16,50,200,227.0,45400.0
2020-03-05,2020030501005310,MERO,6,25,10,630.0,6300.0
2020-03-05,2020030501005100,MERO,43,19,300,626.0,187800.0
2020-03-05,2020030501005099,MERO,57,19,179,630.0,112770.0
2020-03-05,2020030501005103,MERO,21,19,105,619.0,64995.0
2020-03-05,2020030501005102,MERO,57,19,27,619.0,16713.0
2020-03-05,2020030501005101,MERO,48,19,25,625.0,15625.0
2020-03-05,2020030501005516,MFIL,43,38,10,294.0,2940.0
2020-03-05,2020030501005515,MFIL,43,47,20,293.0,5860.0
2020-03-05,2020030501005377,MFIL,25,14,200,292.0,58400.0
2020-03-05,2020030501005326,MFIL,34,21,50,291.0,14550.0
2020-03-05,2020030501005214,MFIL,34,38,327,291.0,95157.0
2020-03-05,2020030501005213,MFIL,16,38,100,291.0,29100.0
2020-03-05,2020030501005076,MFIL,55,14,100,292.0,29200.0
2020-03-05,2020030501005268,MLBL,49,59,1406,219.0,307914.0
2020-03-05,2020030501005267,MLBL,49,26,165,219.0,36135.0
2020-03-05,2020030501005249,MLBL,38,59,66,219.0,14454.0
2020-03-05,2020030501005232,MLBL,38,59,54,219.0,11826.0
2020-03-05,2020030501005065,MLBL,38,59,10,219.0,2190.0
2020-03-05,2020030501005064,MLBL,38,49,33,219.0,7227.0
2020-03-05,2020030501005045,MLBL,38,49,43,219.0,9417.0
2020-03-05,2020030501005043,MLBL,21,49,10,219.0,2190.0
2020-03-05,2020030501005036,MLBL,38,49,42,219.0,9198.0
2020-03-05,2020030501005097,MLBL,38,59,44,219.0,9636.0
2020-03-05,2020030501005091,MLBL,21,59,10,219.0,2190.0
2020-03-05,2020030501005090,MLBL,38,59,44,219.0,9636.0
2020-03-05,2020030501005084,MLBL,38,59,43,219.0,9417.0
2020-03-05,2020030501005133,MLBL,38,59,45,219.0,9855.0
2020-03-05,2020030501005112,MLBL,38,59,45,219.0,9855.0
2020-03-05,2020030501005195,MLBL,38,59,50,219.0,10950.0
2020-03-05,2020030501005183,MLBL,38,59,47,219.0,10293.0
2020-03-05,2020030501005167,MLBL,38,59,46,219.0,10074.0
2020-03-05,2020030501005156,MLBL,38,59,45,219.0,9855.0
2020-03-05,2020030501005143,MLBL,38,59,45,219.0,9855.0
2020-03-05,2020030501005409,MNBBL,32,45,200,327.0,65400.0
2020-03-05,2020030501005408,MNBBL,56,45,10,327.0,3270.0
2020-03-05,2020030501005399,MNBBL,16,48,200,328.0,65600.0
2020-03-05,2020030501005111,MNBBL,34,22,172,326.0,56072.0
2020-03-05,2020030501005049,MNBBL,34,16,500,326.0,163000.0
2020-03-05,2020030501005522,NABIL,14,42,56,822.0,46032.0
2020-03-05,2020030501005505,NABIL,14,11,500,822.0,411000.0
2020-03-05,2020030501005476,NABIL,14,53,75,822.0,61650.0
2020-03-05,2020030501005475,NABIL,58,53,25,822.0,20550.0
2020-03-05,2020030501005421,NABIL,58,42,80,822.0,65760.0
2020-03-05,2020030501005420,NABIL,46,42,20,823.0,16460.0
2020-03-05,2020030501005419,NABIL,55,42,100,823.0,82300.0
2020-03-05,2020030501005298,NABIL,58,32,90,822.0,73980.0
2020-03-05,2020030501005231,NABIL,46,57,12,823.0,9876.0
2020-03-05,2020030501005142,NABIL,55,57,200,823.0,164600.0
2020-03-05,2020030501005035,NABIL,34,42,24,821.0,19704.0
2020-03-05,2020030501005429,NADEP,14,44,10,662.0,6620.0
2020-03-05,2020030501005179,NADEP,14,52,23,662.0,15226.0
2020-03-05,2020030501005469,NBB,6,40,100,224.0,22400.0
2020-03-05,2020030501005466,NBB,7,40,90,224.0,20160.0
2020-03-05,2020030501005376,NBB,7,48,10,224.0,2240.0
2020-03-05,2020030501005317,NBB,58,49,65,223.0,14495.0
2020-03-05,2020030501005292,NBB,45,37,96,223.0,21408.0
2020-03-05,2020030501005330,NBL,13,49,124,283.0,35092.0
2020-03-05,2020030501005297,NBL,13,1,50,283.0,14150.0
2020-03-05,2020030501005282,NBL,56,58,150,284.0,42600.0
2020-03-05,2020030501005068,NBL,6,57,300,284.0,85200.0
2020-03-05,2020030501005067,NBL,6,52,130,284.0,36920.0
2020-03-05,2020030501005375,NCCB,56,21,71,200.0,14200.0
2020-03-05,2020030501005374,NCCB,38,21,10,201.0,2010.0
2020-03-05,2020030501005159,NCCB,56,51,87,200.0,17400.0
2020-03-05,2020030501005158,NCCB,49,51,12,200.0,2400.0
2020-03-05,2020030501005119,NCCB,49,32,48,200.0,9600.0
2020-03-05,2020030501005118,NCCB,10,32,99,201.0,19899.0
2020-03-05,2020030501005116,NCCB,10,45,151,201.0,30351.0
2020-03-05,2020030501005508,NGPL,33,7,11,115.0,1265.0
2020-03-05,2020030501005285,NGPL,55,54,50,117.0,5850.0
2020-03-05,2020030501005284,NGPL,55,26,50,117.0,5850.0
2020-03-05,2020030501005194,NGPL,33,21,200,115.0,23000.0
2020-03-05,2020030501005358,NIB,45,34,250,418.0,104500.0
2020-03-05,2020030501005342,NIB,45,49,63,418.0,26334.0
2020-03-05,2020030501005341,NIB,6,49,50,420.0,21000.0
2020-03-05,2020030501005245,NIB,14,44,500,420.0,210000.0
2020-03-05,2020030501005244,NIB,14,44,500,420.0,210000.0
2020-03-05,2020030501005243,NIB,14,44,300,420.0,126000.0
2020-03-05,2020030501005242,NIB,14,44,500,420.0,210000.0
2020-03-05,2020030501005241,NIB,14,44,200,420.0,84000.0
2020-03-05,2020030501005240,NIB,14,55,300,420.0,126000.0
2020-03-05,2020030501005461,NICA,22,21,240,571.0,137040.0
2020-03-05,2020030501005460,NICA,33,21,10,571.0,5710.0
2020-03-05,2020030501005443,NICA,22,55,12,570.0,6840.0
2020-03-05,2020030501005382,NICA,33,55,90,571.0,51390.0
2020-03-05,2020030501005238,NICA,57,32,44,570.0,25080.0
2020-03-05,2020030501005078,NICA,57,29,129,570.0,73530.0
2020-03-05,2020030501005416,NICL,52,55,56,450.0,25200.0
2020-03-05,2020030501005385,NICL,26,10,89,449.0,39961.0
2020-03-05,2020030501005150,NICL,50,7,87,455.0,39585.0
2020-03-05,2020030501005149,NICL,50,35,200,455.0,91000.0
2020-03-05,2020030501005125,NICL,50,32,100,452.0,45200.0
2020-03-05,2020030501005331,NICL,42,55,116,450.0,52200.0
2020-03-05,2020030501005169,NICL,42,14,84,450.0,37800.0
2020-03-05,2020030501005168,NICL,36,14,16,450.0,7200.0
2020-03-05,2020030501005497,NIL,43,35,38,575.0,21850.0
2020-03-05,2020030501005441,NIL,43,48,10,575.0,5750.0
2020-03-05,2020030501005395,NIL,43,45,820,575.0,471500.0
2020-03-05,2020030501005394,NIL,43,59,132,574.0,75768.0
2020-03-05,2020030501005371,NIL,28,59,500,574.0,287000.0
2020-03-05,2020030501005369,NIL,32,49,112,572.0,64064.0
2020-03-05,2020030501005251,NIL,13,45,300,575.0,172500.0
2020-03-05,2020030501005246,NIL,4,52,1000,571.0,571000.0
2020-03-05,2020030501005487,NLIC,8,38,20,1240.0,24800.0
2020-03-05,2020030501005486,NLIC,58,38,430,1240.0,533200.0
2020-03-05,2020030501005478,NLIC,58,59,400,1240.0,496000.0
2020-03-05,2020030501005477,NLIC,57,59,100,1241.0,124100.0
2020-03-05,2020030501005456,NLIC,58,53,70,1240.0,86800.0
2020-03-05,2020030501005449,NLIC,58,42,100,1240.0,124000.0
2020-03-05,2020030501005080,NLIC,51,5,556,1238.0,688328.0
2020-03-05,2020030501005079,NLIC,45,5,100,1240.0,124000.0
2020-03-05,2020030501005448,NLIC,52,42,200,1241.0,248200.0
2020-03-05,2020030501005440,NLIC,52,29,300,1244.0,373200.0
2020-03-05,2020030501005255,NLIC,14,45,40,1239.0,49560.0
2020-03-05,2020030501005221,NLIC,14,17,22,1239.0,27258.0
2020-03-05,2020030501005154,NLIC,52,45,16,1245.0,19920.0
2020-03-05,2020030501005081,NLIC,51,5,344,1238.0,425872.0
2020-03-05,2020030501005313,NLICL,53,28,100,700.0,70000.0
2020-03-05,2020030501005312,NLICL,38,28,400,700.0,280000.0
2020-03-05,2020030501005305,NLICL,38,29,300,700.0,210000.0
2020-03-05,2020030501005304,NLICL,54,29,200,700.0,140000.0
2020-03-05,2020030501005489,NMB,34,32,400,457.0,182800.0
2020-03-05,2020030501005462,NMB,34,42,150,457.0,68550.0
2020-03-05,2020030501005406,NMB,34,1,37,457.0,16909.0
2020-03-05,2020030501005328,NMB,34,1,66,457.0,30162.0
2020-03-05,2020030501005308,NMB,43,13,132,458.0,60456.0
2020-03-05,2020030501005299,NMB,49,26,21,458.0,9618.0
2020-03-05,2020030501005107,NMB,34,8,1000,455.0,455000.0
2020-03-05,2020030501005093,NMB,53,26,200,457.0,91400.0
2020-03-05,2020030501005092,NMB,53,1,615,457.0,281055.0
2020-03-05,2020030501005062,NMB,35,16,2000,456.0,912000.0
2020-03-05,2020030501005061,NMB,49,16,300,456.0,136800.0
2020-03-05,2020030501005032,NMB,49,45,200,456.0,91200.0
2020-03-05,2020030501005271,NMB,49,38,179,458.0,81982.0
2020-03-05,2020030501005199,NMB,53,28,500,456.0,228000.0
2020-03-05,2020030501005184,NMB,14,16,1426,458.0,653108.0
2020-03-05,2020030501005147,NMB,11,16,274,458.0,125492.0
2020-03-05,2020030501005146,NMB,11,47,26,458.0,11908.0
2020-03-05,2020030501005110,NMB,34,10,102,455.0,46410.0
2020-03-05,2020030501005325,NMBMF,41,42,101,795.0,80295.0
2020-03-05,2020030501005319,NMBMF,41,42,50,795.0,39750.0
2020-03-05,2020030501005318,NMBMF,41,26,173,790.0,136670.0
2020-03-05,2020030501005307,NMBMF,14,40,16,782.0,12512.0
2020-03-05,2020030501005261,NMFBS,35,56,5,1637.0,8185.0
2020-03-05,2020030501005260,NMFBS,35,25,15,1637.0,24555.0
2020-03-05,2020030501005223,NMFBS,33,56,45,1637.0,73665.0
2020-03-05,2020030501005180,NSEWA,4,59,10,673.0,6730.0
2020-03-05,2020030501005442,PCBL,49,22,20,300.0,6000.0
2020-03-05,2020030501005273,PCBL,56,50,964,299.0,288236.0
2020-03-05,2020030501005272,PCBL,10,50,36,299.0,10764.0
2020-03-05,2020030501005187,PCBL,45,13,87,301.0,26187.0
2020-03-05,2020030501005186,PCBL,45,26,60,301.0,18060.0
2020-03-05,2020030501005096,PFL,13,32,500,163.0,81500.0
2020-03-05,2020030501005095,PFL,13,17,500,163.0,81500.0
2020-03-05,2020030501005094,PFL,13,44,10,163.0,1630.0
2020-03-05,2020030501005083,PICL,28,16,20,469.0,9380.0
2020-03-05,2020030501005525,PLIC,38,35,230,579.0,133170.0
2020-03-05,2020030501005524,PLIC,57,35,20,579.0,11580.0
2020-03-05,2020030501005523,PLIC,13,35,50,579.0,28950.0
2020-03-05,2020030501005333,PLIC,13,29,500,579.0,289500.0
2020-03-05,2020030501005218,PLIC,13,50,150,579.0,86850.0
2020-03-05,2020030501005075,PLIC,13,40,300,579.0,173700.0
2020-03-05,2020030501005361,PMHPL,6,46,340,83.0,28220.0
2020-03-05,2020030501005350,PPCL,6,48,20,119.0,2380.0
2020-03-05,2020030501005161,PRIN,21,57,50,443.0,22150.0
2020-03-05,2020030501005160,PRIN,21,21,119,441.0,52479.0
2020-03-05,2020030501005459,PRVU,34,50,696,254.0,176784.0
2020-03-05,2020030501005397,PRVU,34,49,87,254.0,22098.0
2020-03-05,2020030501005182,PRVU,34,53,69,254.0,17526.0
2020-03-05,2020030501005181,PRVU,34,53,163,254.0,41402.0
2020-03-05,2020030501005106,PRVU,34,29,580,254.0,147320.0
2020-03-05,2020030501005087,PRVU,34,42,232,254.0,58928.0
2020-03-05,2020030501005480,RADHI,13,13,11,166.0,1826.0
2020-03-05,2020030501005132,RHPL,50,58,640,160.0,102400.0
2020-03-05,2020030501005323,RMDC,53,42,13,688.0,8944.0
2020-03-05,2020030501005289,RMDC,38,42,50,688.0,34400.0
2020-03-05,2020030501005176,RMDC,5,6,39,699.0,27261.0
2020-03-05,2020030501005175,RMDC,35,6,20,699.0,13980.0
2020-03-05,2020030501005163,RMDC,5,59,11,699.0,7689.0
2020-03-05,2020030501005510,RRHP,26,44,10,96.0,960.0
2020-03-05,2020030501005346,RRHP,26,46,80,96.0,7680.0
2020-03-05,2020030501005465,RSDC,58,28,63,481.0,30303.0
2020-03-05,2020030501005453,RSDC,58,49,223,481.0,107263.0
2020-03-05,2020030501005452,RSDC,46,49,10,481.0,4810.0
2020-03-05,2020030501005451,RSDC,47,49,50,482.0,24100.0
2020-03-05,2020030501005450,RSDC,44,49,130,482.0,62660.0
2020-03-05,2020030501005281,RSDC,44,56,259,482.0,124838.0
2020-03-05,2020030501005280,RSDC,51,56,16,483.0,7728.0
2020-03-05,2020030501005226,RSDC,6,53,10,485.0,4850.0
2020-03-05,2020030501005048,RSDC,51,58,89,483.0,42987.0
2020-03-05,2020030501005391,SABSL,16,41,489,750.0,366750.0
2020-03-05,2020030501005390,SABSL,16,29,11,749.0,8239.0
2020-03-05,2020030501005296,SABSL,51,41,10,750.0,7500.0
2020-03-05,2020030501005295,SABSL,22,20,11,737.0,8107.0
2020-03-05,2020030501005129,SABSL,36,19,34,737.0,25058.0
2020-03-05,2020030501005128,SABSL,22,19,16,737.0,11792.0
2020-03-05,2020030501005105,SABSL,22,59,16,737.0,11792.0
2020-03-05,2020030501005041,SABSL,22,14,68,737.0,50116.0
2020-03-05,2020030501005040,SABSL,14,14,10,738.0,7380.0
2020-03-05,2020030501005513,SANIMA,14,49,165,362.0,59730.0
2020-03-05,2020030501005498,SANIMA,59,36,20,365.0,7300.0
2020-03-05,2020030501005468,SANIMA,59,50,110,365.0,40150.0
2020-03-05,2020030501005415,SANIMA,59,49,70,365.0,25550.0
2020-03-05,2020030501005316,SANIMA,56,40,204,361.0,73644.0
2020-03-05,2020030501005315,SANIMA,52,40,100,361.0,36100.0
2020-03-05,2020030501005059,SANIMA,13,10,502,362.0,181724.0
2020-03-05,2020030501005058,SANIMA,13,10,50,362.0,18100.0
2020-03-05,2020030501005057,SANIMA,39,10,15,362.0,5430.0
2020-03-05,2020030501005056,SANIMA,17,10,100,362.0,36200.0
2020-03-05,2020030501005055,SANIMA,58,10,100,362.0,36200.0
2020-03-05,2020030501005054,SANIMA,16,10,233,363.0,84579.0
2020-03-05,2020030501005314,SANIMA,58,40,696,361.0,251256.0
2020-03-05,2020030501005300,SANIMA,58,40,304,361.0,109744.0
2020-03-05,2020030501005269,SANIMA,13,40,296,362.0,107152.0
2020-03-05,2020030501005225,SANIMA,13,20,202,362.0,73124.0
2020-03-05,2020030501005224,SANIMA,57,20,18,363.0,6534.0
2020-03-05,2020030501005193,SANIMA,57,22,22,363.0,7986.0
2020-03-05,2020030501005127,SAPDBL,21,14,500,141.0,70500.0
2020-03-05,2020030501005126,SAPDBL,47,14,500,142.0,71000.0
2020-03-05,2020030501005507,SBI,14,42,106,484.0,51304.0
2020-03-05,2020030501005485,SBI,14,50,200,484.0,96800.0
2020-03-05,2020030501005481,SBI,50,58,10,485.0,4850.0
2020-03-05,2020030501005439,SBI,14,58,64,484.0,30976.0
2020-03-05,2020030501005436,SBL,35,49,66,326.0,21516.0
2020-03-05,2020030501005309,SBL,35,50,500,326.0,163000.0
2020-03-05,2020030501005077,SBL,35,32,300,326.0,97800.0
2020-03-05,2020030501005070,SBL,33,13,284,328.0,93152.0
2020-03-05,2020030501005069,SBL,33,49,200,328.0,65600.0
2020-03-05,2020030501005473,SCB,26,54,73,686.0,50078.0
2020-03-05,2020030501005472,SCB,26,49,27,686.0,18522.0
2020-03-05,2020030501005467,SCB,35,22,60,685.0,41100.0
2020-03-05,2020030501005417,SCB,35,17,20,685.0,13700.0
2020-03-05,2020030501005402,SCB,6,49,50,686.0,34300.0
2020-03-05,2020030501005250,SCB,55,55,80,687.0,54960.0
2020-03-05,2020030501005124,SCB,10,49,14,686.0,9604.0
2020-03-05,2020030501005044,SCB,10,17,20,686.0,13720.0
2020-03-05,2020030501005366,SCB,35,58,20,685.0,13700.0
2020-03-05,2020030501005344,SCB,35,14,130,685.0,89050.0
2020-03-05,2020030501005343,SCB,35,45,60,685.0,41100.0
2020-03-05,2020030501005339,SCB,35,37,50,685.0,34250.0
2020-03-05,2020030501005324,SCB,35,14,130,685.0,89050.0
2020-03-05,2020030501005287,SCB,35,45,50,685.0,34250.0
2020-03-05,2020030501005458,SHINE,57,49,79,295.0,23305.0
2020-03-05,2020030501005457,SHINE,33,49,80,295.0,23600.0
2020-03-05,2020030501005432,SHIVM,1,1,50,593.0,29650.0
2020-03-05,2020030501005275,SHIVM,1,14,150,593.0,88950.0
2020-03-05,2020030501005207,SHIVM,14,14,425,592.0,251600.0
2020-03-05,2020030501005206,SHIVM,1,14,75,592.0,44400.0
2020-03-05,2020030501005205,SHIVM,1,19,600,592.0,355200.0
2020-03-05,2020030501005204,SHIVM,7,19,100,593.0,59300.0
2020-03-05,2020030501005203,SHIVM,38,19,100,593.0,59300.0
2020-03-05,2020030501005202,SHIVM,49,19,100,594.0,59400.0
2020-03-05,2020030501005178,SHPC,56,28,39,218.0,8502.0
2020-03-05,2020030501005411,SIC,10,50,200,690.0,138000.0
2020-03-05,2020030501005332,SICL,59,14,980,975.0,955500.0
2020-03-05,2020030501005136,SICL,34,10,100,964.0,96400.0
2020-03-05,2020030501005164,SICL,59,54,20,974.0,19480.0
2020-03-05,2020030501005173,SIFC,25,14,500,160.0,80000.0
2020-03-05,2020030501005172,SIFC,14,14,500,161.0,80500.0
2020-03-05,2020030501005368,SIL,50,50,490,552.0,270480.0
2020-03-05,2020030501005367,SIL,17,50,10,552.0,5520.0
2020-03-05,2020030501005431,SJCL,41,45,100,153.0,15300.0
2020-03-05,2020030501005248,SKBBL,41,53,67,1082.0,72494.0
2020-03-05,2020030501005247,SKBBL,41,53,89,1083.0,96387.0
2020-03-05,2020030501005071,SKBBL,17,49,150,1100.0,165000.0
2020-03-05,2020030501005519,SLBBL,34,38,289,877.0,253453.0
2020-03-05,2020030501005518,SLBBL,34,57,220,876.0,192720.0
2020-03-05,2020030501005517,SLBBL,34,26,200,875.0,175000.0
2020-03-05,2020030501005499,SLICL,38,49,61,453.0,27633.0
2020-03-05,2020030501005383,SLICL,38,1,12,453.0,5436.0
2020-03-05,2020030501005349,SLICL,38,1,12,453.0,5436.0
2020-03-05,2020030501005294,SLICL,36,1,499,454.0,226546.0
2020-03-05,2020030501005157,SLICL,21,1,500,454.0,227000.0
2020-03-05,2020030501005052,SLICL,38,49,180,453.0,81540.0
2020-03-05,2020030501005051,SLICL,59,49,20,454.0,9080.0
2020-03-05,2020030501005233,SMATA,53,19,100,707.0,70700.0
2020-03-05,2020030501005529,SMFBS,57,34,10,966.0,9660.0
2020-03-05,2020030501005470,SMFBS,22,19,100,970.0,97000.0
2020-03-05,2020030501005363,SMFBS,25,22,50,971.0,48550.0
2020-03-05,2020030501005454,SPDL,47,17,15,99.0,1485.0
2020-03-05,2020030501005279,SPDL,47,17,15,99.0,1485.0
2020-03-05,2020030501005072,SPDL,47,17,15,99.0,1485.0
2020-03-05,2020030501005512,SRBL,14,49,71,259.0,18389.0
2020-03-05,2020030501005414,SRBL,34,49,510,258.0,131580.0
2020-03-05,2020030501005413,SRBL,34,49,240,259.0,62160.0
2020-03-05,2020030501005412,SRBL,52,49,250,259.0,64750.0
2020-03-05,2020030501005277,SRBL,6,18,30,260.0,7800.0
2020-03-05,2020030501005276,SRBL,34,18,949,260.0,246740.0
2020-03-05,2020030501005503,STC,52,59,50,2548.0,127400.0
2020-03-05,2020030501005502,STC,59,59,20,2548.0,50960.0
2020-03-05,2020030501005501,STC,33,59,10,2548.0,25480.0
2020-03-05,2020030501005483,STC,1,59,10,2550.0,25500.0
2020-03-05,2020030501005482,STC,5,59,10,2550.0,25500.0
2020-03-05,2020030501005140,UIC,34,21,77,367.0,28259.0
2020-03-05,2020030501005139,UIC,26,21,50,367.0,18350.0
2020-03-05,2020030501005138,UIC,39,21,50,367.0,18350.0
2020-03-05,2020030501005137,UIC,22,21,100,367.0,36700.0
2020-03-05,2020030501005117,UIC,16,21,300,368.0,110400.0
2020-03-05,2020030501005060,UIC,55,21,423,373.0,157779.0
2020-03-05,2020030501005500,UPCL,4,50,50,76.0,3800.0
2020-03-05,2020030501005474,UPPER,45,45,100,236.0,23600.0
2020-03-05,2020030501005389,UPPER,7,54,40,237.0,9480.0
2020-03-05,2020030501005388,UPPER,7,7,50,237.0,11850.0
2020-03-05,2020030501005236,UPPER,4,28,1000,235.0,235000.0
2020-03-05,2020030501005148,UPPER,4,42,50,235.0,11750.0
2020-03-05,2020030501005115,UPPER,7,32,20,236.0,4720.0
2020-03-05,2020030501005114,UPPER,7,14,50,236.0,11800.0
2020-03-05,2020030501005335,VLBS,47,34,36,966.0,34776.0
2020-03-05,2020030501005334,VLBS,33,34,40,967.0,38680.0
2020-03-05,2020030501005291,VLBS,33,57,10,967.0,9670.0
2020-03-05,2020030501005392,WOMI,44,28,50,990.0,49500.0
2020-03-05,2020030501004757,ADBL,41,40,200,404.0,80800.0
2020-03-05,2020030501004756,ADBL,14,40,58,404.0,23432.0
2020-03-05,2020030501004755,ADBL,42,40,43,405.0,17415.0
2020-03-05,2020030501004704,ADBL,42,20,157,405.0,63585.0
2020-03-05,2020030501004611,ADBL,14,20,157,404.0,63428.0
2020-03-05,2020030501004570,ADBL,14,20,157,404.0,63428.0
2020-03-05,2020030501004533,ADBL,14,20,314,404.0,126856.0
2020-03-05,2020030501004540,AHPC,59,26,800,98.0,78400.0
2020-03-05,2020030501004539,AHPC,33,26,200,98.0,19600.0
2020-03-05,2020030501004815,AKPL,1,7,13,126.0,1638.0
2020-03-05,2020030501004582,AKPL,1,42,20,126.0,2520.0
2020-03-05,2020030501004725,ALBSL,48,51,11,662.0,7282.0
2020-03-05,2020030501004724,ALBSL,48,51,11,662.0,7282.0
2020-03-05,2020030501004902,ALICL,58,45,200,567.0,113400.0
2020-03-05,2020030501004878,ALICL,21,7,500,570.0,285000.0
2020-03-05,2020030501004877,ALICL,16,7,200,570.0,114000.0
2020-03-05,2020030501004876,ALICL,47,7,100,571.0,57100.0
2020-03-05,2020030501004776,ALICL,47,45,100,571.0,57100.0
2020-03-05,2020030501004646,ALICL,38,50,473,572.0,270556.0
2020-03-05,2020030501004628,ALICL,16,50,27,572.0,15444.0
2020-03-05,2020030501004550,ALICL,38,50,100,573.0,57300.0
2020-03-05,2020030501004549,API,37,42,18,131.0,2358.0
2020-03-05,2020030501004569,BOKL,29,25,10,247.0,2470.0
2020-03-05,2020030501004560,CBBL,34,45,31,1011.0,31341.0
2020-03-05,2020030501004868,CBL,56,49,1920,149.0,286080.0
2020-03-05,2020030501004665,CBL,56,8,80,149.0,11920.0
2020-03-05,2020030501004664,CBL,34,8,10,150.0,1500.0
2020-03-05,2020030501004645,CBL,34,57,990,150.0,148500.0
2020-03-05,2020030501004996,CCBL,49,46,56,184.0,10304.0
2020-03-05,2020030501004723,CCBL,57,39,945,184.0,173880.0
2020-03-05,2020030501004722,CCBL,35,39,479,184.0,88136.0
2020-03-05,2020030501004721,CCBL,44,39,85,185.0,15725.0
2020-03-05,2020030501004719,CCBL,44,48,15,185.0,2775.0
2020-03-05,2020030501004706,CCBL,42,48,200,185.0,37000.0
2020-03-05,2020030501004571,CCBL,59,48,50,185.0,9250.0
2020-03-05,2020030501004682,CFCL,45,28,50,138.0,6900.0
2020-03-05,2020030501004967,CIT,51,36,10,2660.0,26600.0
2020-03-05,2020030501004966,CIT,22,36,30,2660.0,79800.0
2020-03-05,2020030501004965,CIT,37,36,30,2661.0,79830.0
2020-03-05,2020030501004964,CIT,35,36,16,2664.0,42624.0
2020-03-05,2020030501004963,CIT,6,36,20,2665.0,53300.0
2020-03-05,2020030501004962,CIT,53,36,10,2666.0,26660.0
2020-03-05,2020030501004961,CIT,36,36,50,2670.0,133500.0
2020-03-05,2020030501004848,CIT,35,45,80,2664.0,213120.0
2020-03-05,2020030501004847,CIT,43,45,20,2670.0,53400.0
2020-03-05,2020030501004831,CIT,45,45,120,2665.0,319800.0
2020-03-05,2020030501004760,CIT,45,59,50,2665.0,133250.0
2020-03-05,2020030501004856,CZBIL,1,53,50,204.0,10200.0
2020-03-05,2020030501004812,CZBIL,1,38,165,204.0,33660.0
2020-03-05,2020030501004811,CZBIL,38,38,35,204.0,7140.0
2020-03-05,2020030501004998,DDBL,32,6,100,835.0,83500.0
2020-03-05,2020030501004936,DDBL,7,6,80,840.0,67200.0
2020-03-05,2020030501004863,DDBL,5,45,20,845.0,16900.0
2020-03-05,2020030501005012,EBL,52,10,100,734.0,73400.0
2020-03-05,2020030501005011,EBL,41,10,50,735.0,36750.0
2020-03-05,2020030501005010,EBL,25,10,100,735.0,73500.0
2020-03-05,2020030501005009,EBL,39,10,50,735.0,36750.0
2020-03-05,2020030501005008,EBL,29,10,200,736.0,147200.0
2020-03-05,2020030501004687,EBL,57,39,40,740.0,29600.0
2020-03-05,2020030501004944,EBL,41,11,100,740.0,74000.0
2020-03-05,2020030501004937,EBL,29,11,10,740.0,7400.0
2020-03-05,2020030501004909,EBL,41,28,200,740.0,148000.0
2020-03-05,2020030501004817,EBL,45,42,150,735.0,110250.0
2020-03-05,2020030501004689,EBL,45,39,50,735.0,36750.0
2020-03-05,2020030501004688,EBL,29,39,10,739.0,7390.0
2020-03-05,2020030501004992,EIC,57,16,170,391.0,66470.0
2020-03-05,2020030501004991,EIC,36,16,30,392.0,11760.0
2020-03-05,2020030501004810,EIC,50,45,100,396.0,39600.0
2020-03-05,2020030501004809,EIC,41,45,100,403.0,40300.0
2020-03-05,2020030501004715,EIC,46,57,350,396.0,138600.0
2020-03-05,2020030501004573,EIC,44,14,100,397.0,39700.0
2020-03-05,2020030501004572,EIC,58,14,300,397.0,119100.0
2020-03-05,2020030501005006,FMDBL,32,40,85,481.0,40885.0
2020-03-05,2020030501005005,FMDBL,39,40,30,481.0,14430.0
2020-03-05,2020030501005004,FMDBL,43,40,50,482.0,24100.0
2020-03-05,2020030501005003,FMDBL,11,40,35,482.0,16870.0
2020-03-05,2020030501004642,FMDBL,39,53,70,481.0,33670.0
2020-03-05,2020030501004641,FMDBL,51,53,200,482.0,96400.0
2020-03-05,2020030501004640,FMDBL,29,53,50,482.0,24100.0
2020-03-05,2020030501004639,FMDBL,43,53,100,483.0,48300.0
2020-03-05,2020030501004766,FOWAD,44,19,50,1431.0,71550.0
2020-03-05,2020030501004765,FOWAD,33,19,200,1431.0,286200.0
2020-03-05,2020030501004764,FOWAD,34,19,50,1435.0,71750.0
2020-03-05,2020030501005000,GBBL,38,50,50,241.0,12050.0
2020-03-05,2020030501004849,GBBL,45,6,455,242.0,110110.0
2020-03-05,2020030501004547,GBBL,45,6,45,242.0,10890.0
2020-03-05,2020030501004546,GBBL,4,6,274,242.0,66308.0
2020-03-05,2020030501005029,GBIME,50,50,500,285.0,142500.0
2020-03-05,2020030501005024,GBIME,57,33,919,286.0,262834.0
2020-03-05,2020030501005023,GBIME,57,33,81,286.0,23166.0
2020-03-05,2020030501004948,GBIME,50,55,1000,285.0,285000.0
2020-03-05,2020030501004840,GBIME,50,40,148,285.0,42180.0
2020-03-05,2020030501004839,GBIME,42,40,180,285.0,51300.0
2020-03-05,2020030501004612,GBIME,43,28,212,286.0,60632.0
2020-03-05,2020030501004564,GBIME,43,17,88,286.0,25168.0
2020-03-05,2020030501004563,GBIME,41,17,150,286.0,42900.0
2020-03-05,2020030501004562,GBIME,22,17,162,286.0,46332.0
2020-03-05,2020030501004726,GBIME,59,33,20,286.0,5720.0
2020-03-05,2020030501004672,GBIME,58,33,2000,286.0,572000.0
2020-03-05,2020030501004671,GBIME,42,33,250,286.0,71500.0
2020-03-05,2020030501004670,GBIME,4,33,2649,286.0,757614.0
2020-03-05,2020030501004632,GBIME,4,43,63,286.0,18018.0
2020-03-05,2020030501004613,GBIME,4,28,288,286.0,82368.0
2020-03-05,2020030501004982,GBLBS,7,11,396,477.0,188892.0
2020-03-05,2020030501004981,GBLBS,44,11,200,477.0,95400.0
2020-03-05,2020030501004917,GBLBS,52,48,1085,485.0,526225.0
2020-03-05,2020030501004916,GBLBS,52,57,500,484.0,242000.0
2020-03-05,2020030501004915,GBLBS,52,14,400,483.0,193200.0
2020-03-05,2020030501004914,GBLBS,52,7,15,480.0,7200.0
2020-03-05,2020030501004731,GBLBS,44,52,300,477.0,143100.0
2020-03-05,2020030501004697,GGBSL,45,53,10,755.0,7550.0
2020-03-05,2020030501004585,GHL,25,35,30,69.0,2070.0
2020-03-05,2020030501004775,GLBSL,34,28,10,629.0,6290.0
2020-03-05,2020030501005022,GLICL,48,49,190,480.0,91200.0
2020-03-05,2020030501005021,GLICL,10,49,500,480.0,240000.0
2020-03-05,2020030501005020,GLICL,17,49,100,481.0,48100.0
2020-03-05,2020030501005019,GLICL,40,49,10,481.0,4810.0
2020-03-05,2020030501004859,GLICL,48,47,109,480.0,52320.0
2020-03-05,2020030501004837,GLICL,48,47,50,480.0,24000.0
2020-03-05,2020030501004558,GLICL,4,41,40,480.0,19200.0
2020-03-05,2020030501004825,GLICL,48,40,100,480.0,48000.0
2020-03-05,2020030501004736,GLICL,32,44,200,484.0,96800.0
2020-03-05,2020030501004727,GLICL,32,17,200,483.0,96600.0
2020-03-05,2020030501004618,GLICL,38,14,10,480.0,4800.0
2020-03-05,2020030501004587,GLICL,34,14,40,480.0,19200.0
2020-03-05,2020030501004565,GLICL,34,41,60,480.0,28800.0
2020-03-05,2020030501004788,GMFBS,43,42,10,767.0,7670.0
2020-03-05,2020030501004995,GMFIL,45,16,972,137.0,133164.0
2020-03-05,2020030501004994,GMFIL,45,16,28,138.0,3864.0
2020-03-05,2020030501004978,GRDBL,38,17,50,120.0,6000.0
2020-03-05,2020030501004626,HBL,22,49,76,606.0,46056.0
2020-03-05,2020030501004846,HDL,43,39,100,1620.0,162000.0
2020-03-05,2020030501004845,HDL,43,45,20,1620.0,32400.0
2020-03-05,2020030501004844,HDL,43,39,10,1619.0,16190.0
2020-03-05,2020030501004818,HDL,59,38,30,1615.0,48450.0
2020-03-05,2020030501004799,HDL,59,10,20,1615.0,32300.0
2020-03-05,2020030501004711,HDL,48,36,260,1606.0,417560.0
2020-03-05,2020030501004710,HDL,26,36,240,1607.0,385680.0
2020-03-05,2020030501004649,HDL,26,55,460,1607.0,739220.0
2020-03-05,2020030501004648,HDL,41,55,30,1612.0,48360.0
2020-03-05,2020030501004647,HDL,1,55,10,1613.0,16130.0
2020-03-05,2020030501004752,HGI,46,57,20,394.0,7880.0
2020-03-05,2020030501004851,HIDCL,51,28,56,136.0,7616.0
2020-03-05,2020030501004631,HIDCL,51,59,419,136.0,56984.0
2020-03-05,2020030501004630,HIDCL,53,59,100,136.0,13600.0
2020-03-05,2020030501004629,HIDCL,29,59,46,136.0,6256.0
2020-03-05,2020030501004594,HIDCL,29,59,102,136.0,13872.0
2020-03-05,2020030501004575,HIDCL,29,59,102,136.0,13872.0
2020-03-05,2020030501004545,HIDCL,29,59,102,136.0,13872.0
2020-03-05,2020030501004947,HPPL,32,40,20,143.0,2860.0
2020-03-05,2020030501004652,IGI,29,58,220,425.0,93500.0
2020-03-05,2020030501004793,ILBS,49,6,45,735.0,33075.0
2020-03-05,2020030501004668,ILBS,57,53,10,734.0,7340.0
2020-03-05,2020030501004953,KBL,56,8,400,210.0,84000.0
2020-03-05,2020030501004933,KBL,56,7,1000,210.0,210000.0
2020-03-05,2020030501004854,KBL,56,59,501,210.0,105210.0
2020-03-05,2020030501004681,KBL,56,13,588,211.0,124068.0
2020-03-05,2020030501004634,KBL,22,57,100,210.0,21000.0
2020-03-05,2020030501004633,KBL,22,38,200,210.0,42000.0
2020-03-05,2020030501005031,KMCDB,10,19,30,855.0,25650.0
2020-03-05,2020030501004767,KMCDB,10,36,21,855.0,17955.0
2020-03-05,2020030501004625,KMCDB,10,19,210,855.0,179550.0
2020-03-05,2020030501004624,KMCDB,10,51,10,853.0,8530.0
2020-03-05,2020030501004951,LBL,41,44,100,230.0,23000.0
2020-03-05,2020030501004786,LBL,42,39,282,228.0,64296.0
2020-03-05,2020030501004785,LBL,58,39,50,229.0,11450.0
2020-03-05,2020030501004784,LBL,19,39,200,229.0,45800.0
2020-03-05,2020030501004783,LBL,19,39,200,229.0,45800.0
2020-03-05,2020030501004782,LBL,34,39,300,229.0,68700.0
2020-03-05,2020030501004781,LBL,21,39,68,230.0,15640.0
2020-03-05,2020030501004891,LGIL,1,14,50,496.0,24800.0
2020-03-05,2020030501004749,MBL,56,45,305,246.0,75030.0
2020-03-05,2020030501004748,MBL,56,10,1000,246.0,246000.0
2020-03-05,2020030501004691,MBL,11,45,315,245.0,77175.0
2020-03-05,2020030501004774,MDB,40,56,361,449.0,162089.0
2020-03-05,2020030501004773,MDB,40,34,39,449.0,17511.0
2020-03-05,2020030501004772,MDB,40,11,100,449.0,44900.0
2020-03-05,2020030501005030,MEGA,49,39,1000,226.0,226000.0
2020-03-05,2020030501004980,MEGA,49,38,186,226.0,42036.0
2020-03-05,2020030501004932,MEGA,6,45,320,225.0,72000.0
2020-03-05,2020030501004931,MEGA,20,45,180,225.0,40500.0
2020-03-05,2020030501004904,MEGA,56,55,200,226.0,45200.0
2020-03-05,2020030501004674,MEGA,22,38,200,226.0,45200.0
2020-03-05,2020030501004673,MEGA,32,38,109,226.0,24634.0
2020-03-05,2020030501004583,MEGA,32,57,100,226.0,22600.0
2020-03-05,2020030501004693,MEGA,51,38,198,226.0,44748.0
2020-03-05,2020030501004685,MEGA,20,49,20,225.0,4500.0
2020-03-05,2020030501004892,MEGA,51,35,190,226.0,42940.0
2020-03-05,2020030501004821,MEGA,51,42,101,226.0,22826.0
2020-03-05,2020030501004806,MEGA,51,32,511,226.0,115486.0
2020-03-05,2020030501005002,MERO,25,19,243,630.0,153090.0
2020-03-05,2020030501004666,MERO,45,53,86,640.0,55040.0
2020-03-05,2020030501004595,MERO,45,21,30,640.0,19200.0
2020-03-05,2020030501004763,MERO,22,39,72,637.0,45864.0
2020-03-05,2020030501004762,MERO,41,39,93,637.0,59241.0
2020-03-05,2020030501004761,MERO,45,39,35,640.0,22400.0
2020-03-05,2020030501004975,MERO,43,19,100,630.0,63000.0
2020-03-05,2020030501004974,MERO,14,19,50,631.0,31550.0
2020-03-05,2020030501004973,MERO,21,19,100,632.0,63200.0
2020-03-05,2020030501004972,MERO,22,19,171,637.0,108927.0
2020-03-05,2020030501004836,MFIL,34,38,2066,293.0,605338.0
2020-03-05,2020030501004747,MFIL,43,38,500,293.0,146500.0
2020-03-05,2020030501004703,MFIL,16,39,900,291.0,261900.0
2020-03-05,2020030501004559,MFIL,6,16,500,291.0,145500.0
2020-03-05,2020030501005014,MLBL,38,49,42,219.0,9198.0
2020-03-05,2020030501004989,MLBL,38,49,33,219.0,7227.0
2020-03-05,2020030501004988,MLBL,38,49,32,219.0,7008.0
2020-03-05,2020030501004987,MLBL,38,49,15,219.0,3285.0
2020-03-05,2020030501004879,MLBL,38,42,26,219.0,5694.0
2020-03-05,2020030501004986,MLBL,38,42,26,219.0,5694.0
2020-03-05,2020030501004905,MLBL,38,42,29,219.0,6351.0
2020-03-05,2020030501005025,MNBBL,34,42,100,326.0,32600.0
2020-03-05,2020030501004816,MNBBL,17,19,50,329.0,16450.0
2020-03-05,2020030501004796,MNBBL,14,19,50,329.0,16450.0
2020-03-05,2020030501004730,MNBBL,34,39,150,326.0,48900.0
2020-03-05,2020030501004729,MNBBL,17,39,50,326.0,16300.0
2020-03-05,2020030501004608,MNBBL,29,19,500,327.0,163500.0
2020-03-05,2020030501004607,MNBBL,59,19,500,327.0,163500.0
2020-03-05,2020030501004606,MNBBL,40,19,50,327.0,16350.0
2020-03-05,2020030501004605,MNBBL,34,19,1000,328.0,328000.0
2020-03-05,2020030501004591,MNBBL,34,49,1000,328.0,328000.0
2020-03-05,2020030501004820,MSMBS,17,50,11,740.0,8140.0
2020-03-05,2020030501004597,MSMBS,26,35,20,735.0,14700.0
2020-03-05,2020030501004596,MSMBS,48,35,20,736.0,14720.0
2020-03-05,2020030501004971,NABIL,49,55,200,825.0,165000.0
2020-03-05,2020030501004970,NABIL,49,49,257,824.0,211768.0
2020-03-05,2020030501004918,NABIL,34,45,100,821.0,82100.0
2020-03-05,2020030501004893,NABIL,34,7,30,821.0,24630.0
2020-03-05,2020030501004857,NABIL,34,19,132,821.0,108372.0
2020-03-05,2020030501004823,NABIL,34,36,100,821.0,82100.0
2020-03-05,2020030501004655,NABIL,57,17,50,825.0,41250.0
2020-03-05,2020030501004654,NABIL,7,17,10,825.0,8250.0
2020-03-05,2020030501004561,NABIL,48,22,85,826.0,70210.0
2020-03-05,2020030501004787,NABIL,34,11,50,821.0,41050.0
2020-03-05,2020030501004718,NABIL,34,51,1334,821.0,1095214.0
2020-03-05,2020030501004717,NABIL,38,51,100,823.0,82300.0
2020-03-05,2020030501004716,NABIL,8,51,66,823.0,54318.0
2020-03-05,2020030501004692,NABIL,8,6,10,823.0,8230.0
2020-03-05,2020030501004656,NABIL,8,17,24,823.0,19752.0
2020-03-05,2020030501004983,NADEP,14,49,67,662.0,44354.0
2020-03-05,2020030501004838,NADEP,18,38,200,665.0,133000.0
2020-03-05,2020030501004835,NADEP,53,56,30,672.0,20160.0
2020-03-05,2020030501004834,NADEP,53,51,23,672.0,15456.0
2020-03-05,2020030501004833,NADEP,53,13,23,672.0,15456.0
2020-03-05,2020030501004832,NADEP,53,5,47,672.0,31584.0
2020-03-05,2020030501004769,NADEP,49,5,10,672.0,6720.0
2020-03-05,2020030501004768,NADEP,49,42,10,672.0,6720.0
2020-03-05,2020030501004770,NBB,56,28,33,222.0,7326.0
2020-03-05,2020030501004896,NBL,26,40,500,283.0,141500.0
2020-03-05,2020030501004887,NBL,59,52,100,284.0,28400.0
2020-03-05,2020030501004824,NBL,52,52,150,284.0,42600.0
2020-03-05,2020030501004779,NBL,6,52,100,284.0,28400.0
2020-03-05,2020030501004778,NBL,28,52,1000,284.0,284000.0
2020-03-05,2020030501004777,NBL,53,52,20,284.0,5680.0
2020-03-05,2020030501004985,NCCB,56,7,1075,201.0,216075.0
2020-03-05,2020030501004955,NCCB,22,7,25,201.0,5025.0
2020-03-05,2020030501004830,NCCB,56,33,905,200.0,181000.0
2020-03-05,2020030501004805,NCCB,56,33,2000,200.0,400000.0
2020-03-05,2020030501004803,NCCB,32,33,35,200.0,7000.0
2020-03-05,2020030501004802,NCCB,45,33,500,200.0,100000.0
2020-03-05,2020030501004801,NCCB,6,33,1500,200.0,300000.0
2020-03-05,2020030501004800,NCCB,58,33,60,200.0,12000.0
2020-03-05,2020030501004797,NCCB,58,45,15,200.0,3000.0
2020-03-05,2020030501004738,NCCB,58,6,26,200.0,5200.0
2020-03-05,2020030501004714,NCCB,58,1,399,200.0,79800.0
2020-03-05,2020030501004635,NCCB,56,49,2000,201.0,402000.0
2020-03-05,2020030501004997,NGPL,33,17,11,115.0,1265.0
2020-03-05,2020030501004644,NGPL,33,7,11,115.0,1265.0
2020-03-05,2020030501004977,NHPC,17,35,500,60.0,30000.0
2020-03-05,2020030501004925,NHPC,51,47,50,61.0,3050.0
2020-03-05,2020030501004930,NIB,6,59,100,420.0,42000.0
2020-03-05,2020030501004900,NIB,16,8,371,417.0,154707.0
2020-03-05,2020030501004899,NIB,42,8,29,417.0,12093.0
2020-03-05,2020030501004734,NIB,42,35,71,417.0,29607.0
2020-03-05,2020030501004733,NIB,26,35,32,417.0,13344.0
2020-03-05,2020030501004705,NIB,26,14,36,417.0,15012.0
2020-03-05,2020030501004701,NIB,26,17,32,417.0,13344.0
2020-03-05,2020030501004617,NIB,17,5,177,420.0,74340.0
2020-03-05,2020030501004950,NICA,34,29,201,570.0,114570.0
2020-03-05,2020030501004941,NICA,34,13,500,572.0,286000.0
2020-03-05,2020030501004940,NICA,34,4,639,571.0,364869.0
2020-03-05,2020030501004907,NICA,34,34,201,570.0,114570.0
2020-03-05,2020030501004906,NICA,34,16,598,569.0,340262.0
2020-03-05,2020030501004898,NICA,59,34,17,570.0,9690.0
2020-03-05,2020030501004581,NICA,54,43,749,567.0,424683.0
2020-03-05,2020030501004580,NICA,52,43,200,567.0,113400.0
2020-03-05,2020030501004579,NICA,44,43,551,567.0,312417.0
2020-03-05,2020030501004552,NICA,42,48,100,570.0,57000.0
2020-03-05,2020030501004699,NICA,34,59,400,569.0,227600.0
2020-03-05,2020030501004678,NICA,56,59,100,569.0,56900.0
2020-03-05,2020030501004651,NICA,53,59,2000,569.0,1138000.0
2020-03-05,2020030501004650,NICA,54,6,22,567.0,12474.0
2020-03-05,2020030501004643,NICA,33,59,2000,568.0,1136000.0
2020-03-05,2020030501004601,NICA,45,59,500,568.0,284000.0
2020-03-05,2020030501004744,NICA,34,34,332,570.0,189240.0
2020-03-05,2020030501004743,NICA,34,6,100,570.0,57000.0
2020-03-05,2020030501004742,NICA,34,11,70,570.0,39900.0
2020-03-05,2020030501004741,NICA,34,48,102,570.0,58140.0
2020-03-05,2020030501004740,NICA,34,16,218,569.0,124042.0
2020-03-05,2020030501004737,NICA,33,16,400,569.0,227600.0
2020-03-05,2020030501004897,NICA,59,38,13,569.0,7397.0
2020-03-05,2020030501004894,NICA,57,38,200,569.0,113800.0
2020-03-05,2020030501004864,NICA,34,45,2200,568.0,1249600.0
2020-03-05,2020030501004827,NICA,53,21,39,569.0,22191.0
2020-03-05,2020030501004795,NICA,53,40,261,569.0,148509.0
2020-03-05,2020030501004794,NICA,25,40,100,569.0,56900.0
2020-03-05,2020030501004993,NICL,32,42,400,451.0,180400.0
2020-03-05,2020030501004885,NICL,36,58,200,450.0,90000.0
2020-03-05,2020030501004883,NICL,44,42,100,451.0,45100.0
2020-03-05,2020030501004842,NICL,36,28,34,450.0,15300.0
2020-03-05,2020030501004911,NLG,21,28,19,632.0,12008.0
2020-03-05,2020030501005028,NLIC,51,17,22,1238.0,27236.0
2020-03-05,2020030501005026,NLIC,4,4,1000,1242.0,1242000.0
2020-03-05,2020030501004924,NLIC,14,20,100,1240.0,124000.0
2020-03-05,2020030501004922,NLIC,51,13,22,1238.0,27236.0
2020-03-05,2020030501004908,NLIC,51,34,100,1238.0,123800.0
2020-03-05,2020030501004890,NLIC,51,54,300,1238.0,371400.0
2020-03-05,2020030501004637,NLIC,8,39,100,1233.0,123300.0
2020-03-05,2020030501004636,NLIC,49,39,27,1233.0,33291.0
2020-03-05,2020030501004627,NLIC,38,58,150,1235.0,185250.0
2020-03-05,2020030501004544,NLIC,49,16,4973,1233.0,6131709.0
2020-03-05,2020030501004543,NLIC,28,16,27,1233.0,33291.0
2020-03-05,2020030501004538,NLIC,53,39,131,1235.0,161785.0
2020-03-05,2020030501004880,NLIC,48,54,100,1238.0,123800.0
2020-03-05,2020030501004735,NLIC,49,11,129,1233.0,159057.0
2020-03-05,2020030501004700,NLIC,53,16,70,1235.0,86450.0
2020-03-05,2020030501004684,NLIC,4,4,2000,1237.0,2474000.0
2020-03-05,2020030501004663,NLIC,6,58,155,1235.0,191425.0
2020-03-05,2020030501004638,NLIC,49,39,73,1233.0,90009.0
2020-03-05,2020030501004935,NLICL,11,45,50,701.0,35050.0
2020-03-05,2020030501004934,NLICL,49,45,50,701.0,35050.0
2020-03-05,2020030501004928,NLICL,49,34,50,701.0,35050.0
2020-03-05,2020030501004927,NLICL,13,34,50,701.0,35050.0
2020-03-05,2020030501004889,NLICL,41,10,200,705.0,141000.0
2020-03-05,2020030501004886,NLICL,45,45,100,701.0,70100.0
2020-03-05,2020030501004695,NLICL,54,10,200,705.0,141000.0
2020-03-05,2020030501004680,NLICL,6,6,200,704.0,140800.0
2020-03-05,2020030501004653,NLICL,6,39,100,703.0,70300.0
2020-03-05,2020030501004590,NLICL,6,54,500,703.0,351500.0
2020-03-05,2020030501004588,NLICL,33,28,100,703.0,70300.0
2020-03-05,2020030501004853,NLICL,55,14,150,702.0,105300.0
2020-03-05,2020030501004852,NLICL,6,14,100,703.0,70300.0
2020-03-05,2020030501004843,NLICL,45,54,60,704.0,42240.0
2020-03-05,2020030501004822,NLICL,36,54,87,704.0,61248.0
2020-03-05,2020030501004819,NLICL,6,25,100,703.0,70300.0
2020-03-05,2020030501004780,NLICL,29,54,200,704.0,140800.0
2020-03-05,2020030501004957,NMB,25,38,103,456.0,46968.0
2020-03-05,2020030501004956,NMB,25,48,10,456.0,4560.0
2020-03-05,2020030501004884,NMB,34,53,500,455.0,227500.0
2020-03-05,2020030501004792,NMB,34,49,27,455.0,12285.0
2020-03-05,2020030501004791,NMB,29,49,50,455.0,22750.0
2020-03-05,2020030501004790,NMB,29,49,323,455.0,146965.0
2020-03-05,2020030501004739,NMB,32,1,100,457.0,45700.0
2020-03-05,2020030501004732,NMB,49,1,185,457.0,84545.0
2020-03-05,2020030501004720,NMB,45,1,300,457.0,137100.0
2020-03-05,2020030501004702,NMB,45,45,200,457.0,91400.0
2020-03-05,2020030501004669,NMB,45,45,800,457.0,365600.0
2020-03-05,2020030501004667,NMB,29,47,16,455.0,7280.0
2020-03-05,2020030501004945,NMBMF,43,1,103,781.0,80443.0
2020-03-05,2020030501004616,NMBMF,38,11,53,780.0,41340.0
2020-03-05,2020030501004615,NMBMF,38,11,36,782.0,28152.0
2020-03-05,2020030501004614,NMBMF,26,11,11,782.0,8602.0
2020-03-05,2020030501004592,NMBMF,38,10,14,776.0,10864.0
2020-03-05,2020030501004746,NMFBS,33,36,15,1637.0,24555.0
2020-03-05,2020030501004574,NMFBS,33,45,15,1645.0,24675.0
2020-03-05,2020030501004551,NMFBS,33,45,15,1645.0,24675.0
2020-03-05,2020030501004758,NTC,53,52,100,642.0,64200.0
2020-03-05,2020030501004604,OHL,39,28,19,450.0,8550.0
2020-03-05,2020030501004603,OHL,21,28,25,452.0,11300.0
2020-03-05,2020030501004901,PCBL,10,52,25,299.0,7475.0
2020-03-05,2020030501004875,PCBL,10,19,39,299.0,11661.0
2020-03-05,2020030501004874,PCBL,1,19,200,299.0,59800.0
2020-03-05,2020030501004873,PCBL,58,19,500,299.0,149500.0
2020-03-05,2020030501004872,PCBL,10,19,100,299.0,29900.0
2020-03-05,2020030501004871,PCBL,51,19,161,300.0,48300.0
2020-03-05,2020030501004586,PFL,45,10,39,160.0,6240.0
2020-03-05,2020030501005018,PLIC,13,42,278,584.0,162352.0
2020-03-05,2020030501005017,PLIC,13,50,164,584.0,95776.0
2020-03-05,2020030501005016,PLIC,13,13,167,581.0,97027.0
2020-03-05,2020030501005015,PLIC,13,41,10,581.0,5810.0
2020-03-05,2020030501004942,PLIC,53,14,100,578.0,57800.0
2020-03-05,2020030501004913,PLIC,6,14,200,578.0,115600.0
2020-03-05,2020030501004567,PLIC,53,50,20,581.0,11620.0
2020-03-05,2020030501004912,PLIC,58,14,14,580.0,8120.0
2020-03-05,2020030501004903,PLIC,58,42,100,580.0,58000.0
2020-03-05,2020030501004814,PLIC,58,39,80,580.0,46400.0
2020-03-05,2020030501004813,PLIC,49,39,114,580.0,66120.0
2020-03-05,2020030501004568,PLIC,49,50,186,580.0,107880.0
2020-03-05,2020030501004926,PMHPL,6,34,100,83.0,8300.0
2020-03-05,2020030501004979,PRIN,36,50,300,441.0,132300.0
2020-03-05,2020030501004949,PRIN,17,48,41,440.0,18040.0
2020-03-05,2020030501004771,PRIN,17,43,87,440.0,38280.0
2020-03-05,2020030501004609,PRIN,17,56,35,440.0,15400.0
2020-03-05,2020030501004960,PRVU,55,33,207,257.0,53199.0
2020-03-05,2020030501004959,PRVU,55,48,90,256.0,23040.0
2020-03-05,2020030501004958,PRVU,55,34,203,256.0,51968.0
2020-03-05,2020030501004938,PRVU,32,34,17,256.0,4352.0
2020-03-05,2020030501004708,PRVU,56,34,100,256.0,25600.0
2020-03-05,2020030501004696,PRVU,56,58,158,255.0,40290.0
2020-03-05,2020030501004895,RBCL,14,45,20,10100.0,202000.0
2020-03-05,2020030501004707,RHPC,58,34,18,85.0,1530.0
2020-03-05,2020030501004999,RHPL,50,58,1470,160.0,235200.0
2020-03-05,2020030501004683,RHPL,49,56,265,161.0,42665.0
2020-03-05,2020030501004553,RHPL,50,7,30,160.0,4800.0
2020-03-05,2020030501004589,RRHP,26,51,10,97.0,970.0
2020-03-05,2020030501004662,RSDC,49,51,100,485.0,48500.0
2020-03-05,2020030501004661,RSDC,55,51,17,485.0,8245.0
2020-03-05,2020030501004623,RSDC,55,48,13,485.0,6305.0
2020-03-05,2020030501004622,RSDC,10,51,29,490.0,14210.0
2020-03-05,2020030501004621,RSDC,10,22,63,490.0,30870.0
2020-03-05,2020030501004620,RSDC,10,54,398,490.0,195020.0
2020-03-05,2020030501004619,RSDC,10,17,10,490.0,4900.0
2020-03-05,2020030501004968,SABSL,8,20,11,740.0,8140.0
2020-03-05,2020030501004679,SABSL,8,28,10,740.0,7400.0
2020-03-05,2020030501004754,SANIMA,13,58,240,365.0,87600.0
2020-03-05,2020030501004753,SANIMA,13,48,100,365.0,36500.0
2020-03-05,2020030501004676,SANIMA,13,59,165,366.0,60390.0
2020-03-05,2020030501004675,SANIMA,13,1,10,366.0,3660.0
2020-03-05,2020030501005013,SBI,16,58,10,485.0,4850.0
2020-03-05,2020030501004954,SBL,59,26,61,327.0,19947.0
2020-03-05,2020030501004923,SBL,35,52,25,326.0,8150.0
2020-03-05,2020030501004882,SBL,35,13,337,326.0,109862.0
2020-03-05,2020030501004881,SBL,57,13,415,326.0,135290.0
2020-03-05,2020030501004602,SBL,57,19,85,326.0,27710.0
2020-03-05,2020030501004976,SCB,10,48,16,686.0,10976.0
2020-03-05,2020030501004804,SCB,35,36,100,685.0,68500.0
2020-03-05,2020030501004593,SCB,35,45,125,685.0,85625.0
2020-03-05,2020030501004537,SCB,35,11,300,685.0,205500.0
2020-03-05,2020030501004577,SHINE,33,40,520,295.0,153400.0
2020-03-05,2020030501004566,SHINE,4,39,1000,295.0,295000.0
2020-03-05,2020030501004920,SHIVM,58,48,500,592.0,296000.0
2020-03-05,2020030501004829,SHIVM,39,56,20,594.0,11880.0
2020-03-05,2020030501004826,SHIVM,58,14,50,592.0,29600.0
2020-03-05,2020030501004713,SHIVM,38,52,250,591.0,147750.0
2020-03-05,2020030501004712,SHIVM,22,52,50,592.0,29600.0
2020-03-05,2020030501004984,SHL,41,43,140,179.0,25060.0
2020-03-05,2020030501004536,SHL,58,41,227,180.0,40860.0
2020-03-05,2020030501004535,SHL,58,47,140,180.0,25200.0
2020-03-05,2020030501004534,SHL,58,52,200,180.0,36000.0
2020-03-05,2020030501004929,SHPC,56,25,200,218.0,43600.0
2020-03-05,2020030501004866,SHPC,56,25,300,218.0,65400.0
2020-03-05,2020030501004690,SHPC,55,25,1000,219.0,219000.0
2020-03-05,2020030501004828,SIC,45,16,170,696.0,118320.0
2020-03-05,2020030501005027,SICL,34,33,266,970.0,258020.0
2020-03-05,2020030501004750,SICL,28,52,100,963.0,96300.0
2020-03-05,2020030501004867,SICL,26,58,51,963.0,49113.0
2020-03-05,2020030501004751,SICL,26,52,200,963.0,192600.0
2020-03-05,2020030501004694,SIFC,14,47,154,163.0,25102.0
2020-03-05,2020030501005001,SJCL,58,48,10,153.0,1530.0
2020-03-05,2020030501004759,SJCL,40,40,20,153.0,3060.0
2020-03-05,2020030501004709,SJCL,49,36,20,155.0,3100.0
2020-03-05,2020030501004698,SJCL,40,45,20,154.0,3080.0
2020-03-05,2020030501004686,SJCL,40,40,10,154.0,1540.0
2020-03-05,2020030501004855,SJCL,40,40,20,153.0,3060.0
2020-03-05,2020030501004841,SJCL,40,40,20,153.0,3060.0
2020-03-05,2020030501004798,SJCL,40,40,20,153.0,3060.0
2020-03-05,2020030501004557,SKBBL,49,17,10,1094.0,10940.0
2020-03-05,2020030501004556,SKBBL,17,17,100,1094.0,109400.0
2020-03-05,2020030501004969,SLBSL,16,42,10,813.0,8130.0
2020-03-05,2020030501004548,SLBSL,57,19,10,827.0,8270.0
2020-03-05,2020030501004728,SLICL,1,58,150,452.0,67800.0
2020-03-05,2020030501004600,SLICL,1,39,133,452.0,60116.0
2020-03-05,2020030501004599,SLICL,29,39,67,456.0,30552.0
2020-03-05,2020030501004532,SMATA,45,56,60,706.0,42360.0
2020-03-05,2020030501005007,SMB,51,57,10,975.0,9750.0
2020-03-05,2020030501004598,SMFBS,25,52,10,971.0,9710.0
2020-03-05,2020030501004578,SPARS,14,19,20,790.0,15800.0
2020-03-05,2020030501004990,SRBL,34,14,770,260.0,200200.0
2020-03-05,2020030501004946,SRBL,34,33,500,260.0,130000.0
2020-03-05,2020030501004939,SRBL,34,33,500,260.0,130000.0
2020-03-05,2020030501004921,SRBL,34,37,10,260.0,2600.0
2020-03-05,2020030501004865,SRBL,46,6,15,261.0,3915.0
2020-03-05,2020030501004789,SRBL,34,13,1106,260.0,287560.0
2020-03-05,2020030501004554,SRBL,28,58,1000,261.0,261000.0
2020-03-05,2020030501004745,SRBL,34,49,500,260.0,130000.0
2020-03-05,2020030501004660,SRBL,34,49,665,260.0,172900.0
2020-03-05,2020030501004659,SRBL,44,49,235,260.0,61100.0
2020-03-05,2020030501004658,SRBL,53,49,1000,260.0,260000.0
2020-03-05,2020030501004657,SRBL,14,49,100,260.0,26000.0
2020-03-05,2020030501004576,SRBL,28,6,1435,261.0,374535.0
2020-03-05,2020030501004888,STC,36,59,50,2600.0,130000.0
2020-03-05,2020030501004808,UIC,55,28,77,373.0,28721.0
2020-03-05,2020030501004807,UIC,50,28,25,373.0,9325.0
2020-03-05,2020030501004952,UPPER,4,42,40,235.0,9400.0
2020-03-05,2020030501004910,UPPER,4,57,100,235.0,23500.0
2020-03-05,2020030501004858,UPPER,4,42,146,235.0,34310.0
2020-03-05,2020030501004850,UPPER,4,50,40,235.0,9400.0
2020-03-05,2020030501004584,UPPER,33,17,40,234.0,9360.0
2020-03-05,2020030501004943,VLBS,47,42,41,966.0,39606.0
2020-03-05,2020030501004870,VLBS,47,42,11,966.0,10626.0
2020-03-05,2020030501004555,VLBS,47,49,322,966.0,311052.0
2020-03-05,2020030501004919,WOMI,43,53,27,990.0,26730.0
2020-03-05,2020030501004862,WOMI,49,48,70,980.0,68600.0
2020-03-05,2020030501004861,WOMI,43,48,20,981.0,19620.0
2020-03-05,2020030501004860,WOMI,35,48,10,984.0,9840.0
2020-03-05,2020030501004610,WOMI,36,10,17,984.0,16728.0
2020-03-05,2020030501004542,WOMI,22,45,20,984.0,19680.0
2020-03-05,2020030501004541,WOMI,39,45,25,985.0,24625.0
2020-03-05,2020030501003973,ADBL,49,4,1000,406.0,406000.0
2020-03-05,2020030501003972,ADBL,32,4,100,407.0,40700.0
2020-03-05,2020030501003971,ADBL,34,4,500,407.0,203500.0
2020-03-05,2020030501003818,ADBL,11,50,50,408.0,20400.0
2020-03-05,2020030501003817,ADBL,14,50,1000,408.0,408000.0
2020-03-05,2020030501003816,ADBL,14,50,447,409.0,182823.0
2020-03-05,2020030501003585,ADBL,14,39,513,409.0,209817.0
2020-03-05,2020030501003584,ADBL,46,39,10,409.0,4090.0
2020-03-05,2020030501003733,ALBSL,25,53,11,675.0,7425.0
2020-03-05,2020030501003732,ALBSL,25,41,224,675.0,151200.0
2020-03-05,2020030501003731,ALBSL,25,39,216,674.0,145584.0
2020-03-05,2020030501003686,ALBSL,25,48,11,670.0,7370.0
2020-03-05,2020030501003685,ALBSL,25,57,11,670.0,7370.0
2020-03-05,2020030501003684,ALBSL,25,45,11,670.0,7370.0
2020-03-05,2020030501003683,ALBSL,25,6,11,660.0,7260.0
2020-03-05,2020030501004016,ALICL,16,29,10,572.0,5720.0
2020-03-05,2020030501003870,ALICL,57,14,200,573.0,114600.0
2020-03-05,2020030501003869,ALICL,16,14,200,574.0,114800.0
2020-03-05,2020030501003633,ALICL,14,35,500,576.0,288000.0
2020-03-05,2020030501003632,ALICL,32,35,200,577.0,115400.0
2020-03-05,2020030501003566,ALICL,32,55,300,577.0,173100.0
2020-03-05,2020030501003565,ALICL,52,55,200,578.0,115600.0
2020-03-05,2020030501004024,BOKL,54,6,11,245.0,2695.0
2020-03-05,2020030501004013,BOKL,35,42,50,246.0,12300.0
2020-03-05,2020030501004012,BOKL,25,42,1000,246.0,246000.0
2020-03-05,2020030501003936,BOKL,43,50,500,247.0,123500.0
2020-03-05,2020030501003935,BOKL,46,50,400,247.0,98800.0
2020-03-05,2020030501003932,BOKL,41,35,50,250.0,12500.0
2020-03-05,2020030501003919,BOKL,46,50,100,247.0,24700.0
2020-03-05,2020030501003918,BOKL,10,50,100,247.0,24700.0
2020-03-05,2020030501003604,BOKL,14,5,200,248.0,49600.0
2020-03-05,2020030501003563,BOKL,45,18,200,250.0,50000.0
2020-03-05,2020030501003562,BOKL,13,18,200,251.0,50200.0
2020-03-05,2020030501003537,BPCL,45,28,11,363.0,3993.0
2020-03-05,2020030501003536,BPCL,45,28,50,363.0,18150.0
2020-03-05,2020030501003535,BPCL,45,5,20,363.0,7260.0
2020-03-05,2020030501003995,CBBL,35,37,200,1029.0,205800.0
2020-03-05,2020030501003994,CBBL,53,37,50,1030.0,51500.0
2020-03-05,2020030501003993,CBBL,53,37,50,1030.0,51500.0
2020-03-05,2020030501003929,CBBL,35,42,100,1029.0,102900.0
2020-03-05,2020030501003724,CBBL,28,59,300,1029.0,308700.0
2020-03-05,2020030501003640,CBBL,52,41,50,1030.0,51500.0
2020-03-05,2020030501003721,CBL,43,49,500,150.0,75000.0
2020-03-05,2020030501003720,CBL,6,49,90,150.0,13500.0
2020-03-05,2020030501003719,CBL,10,49,1000,150.0,150000.0
2020-03-05,2020030501003718,CBL,16,49,800,150.0,120000.0
2020-03-05,2020030501003577,CCBL,29,16,145,190.0,27550.0
2020-03-05,2020030501003576,CCBL,29,52,1000,190.0,190000.0
2020-03-05,2020030501003575,CCBL,29,41,205,189.0,38745.0
2020-03-05,2020030501003574,CCBL,29,14,495,189.0,93555.0
2020-03-05,2020030501003573,CCBL,29,11,155,189.0,29295.0
2020-03-05,2020030501003539,CHCL,52,42,50,409.0,20450.0
2020-03-05,2020030501003844,CIT,57,11,100,2666.0,266600.0
2020-03-05,2020030501003887,CZBIL,45,25,167,206.0,34402.0
2020-03-05,2020030501003827,CZBIL,45,49,100,206.0,20600.0
2020-03-05,2020030501003826,CZBIL,4,49,840,207.0,173880.0
2020-03-05,2020030501003751,CZBIL,4,45,150,207.0,31050.0
2020-03-05,2020030501003750,CZBIL,55,45,50,207.0,10350.0
2020-03-05,2020030501003707,CZBIL,4,14,10,207.0,2070.0
2020-03-05,2020030501003909,DDBL,32,55,100,842.0,84200.0
2020-03-05,2020030501003833,DDBL,17,45,50,835.0,41750.0
2020-03-05,2020030501003832,DDBL,14,45,100,835.0,83500.0
2020-03-05,2020030501003831,DDBL,14,45,100,839.0,83900.0
2020-03-05,2020030501003830,DDBL,19,45,100,840.0,84000.0
2020-03-05,2020030501003829,DDBL,32,45,50,842.0,42100.0
2020-03-05,2020030501003651,DDBL,13,45,360,848.0,305280.0
2020-03-05,2020030501003650,DDBL,25,45,50,850.0,42500.0
2020-03-05,2020030501003649,DDBL,32,45,90,855.0,76950.0
2020-03-05,2020030501003828,DDBL,43,45,100,842.0,84200.0
2020-03-05,2020030501003785,DDBL,14,45,200,845.0,169000.0
2020-03-05,2020030501003776,DDBL,25,34,140,846.0,118440.0
2020-03-05,2020030501003740,DDBL,25,45,60,846.0,50760.0
2020-03-05,2020030501003739,DDBL,13,45,90,848.0,76320.0
2020-03-05,2020030501003736,DDBL,13,6,50,848.0,42400.0
2020-03-05,2020030501003952,EBL,49,49,50,754.0,37700.0
2020-03-05,2020030501003911,EBL,49,17,100,754.0,75400.0
2020-03-05,2020030501003546,EBL,58,8,80,764.0,61120.0
2020-03-05,2020030501003545,EBL,11,8,100,765.0,76500.0
2020-03-05,2020030501003544,EBL,36,8,30,765.0,22950.0
2020-03-05,2020030501003543,EBL,42,8,15,770.0,11550.0
2020-03-05,2020030501003534,EBL,11,59,16,775.0,12400.0
2020-03-05,2020030501003533,EBL,11,49,50,774.0,38700.0
2020-03-05,2020030501003548,EBL,50,8,200,760.0,152000.0
2020-03-05,2020030501003547,EBL,36,8,20,764.0,15280.0
2020-03-05,2020030501003881,EBL,49,58,250,754.0,188500.0
2020-03-05,2020030501003880,EBL,21,58,150,755.0,113250.0
2020-03-05,2020030501003847,EBL,21,45,300,755.0,226500.0
2020-03-05,2020030501003802,EBL,21,19,50,755.0,37750.0
2020-03-05,2020030501003779,EBL,47,21,50,756.0,37800.0
2020-03-05,2020030501003815,EIC,57,40,820,400.0,328000.0
2020-03-05,2020030501003814,EIC,21,40,400,401.0,160400.0
2020-03-05,2020030501003813,EIC,38,40,50,401.0,20050.0
2020-03-05,2020030501003812,EIC,10,40,500,401.0,200500.0
2020-03-05,2020030501003811,EIC,26,40,500,402.0,201000.0
2020-03-05,2020030501003810,EIC,43,40,30,404.0,12120.0
2020-03-05,2020030501003975,FMDBL,35,50,25,500.0,12500.0
2020-03-05,2020030501003913,FMDBL,35,45,25,500.0,12500.0
2020-03-05,2020030501003912,FMDBL,29,45,75,500.0,37500.0
2020-03-05,2020030501003903,FMDBL,29,43,125,500.0,62500.0
2020-03-05,2020030501003744,FMDBL,52,41,25,500.0,12500.0
2020-03-05,2020030501003743,FMDBL,17,41,75,500.0,37500.0
2020-03-05,2020030501003706,FMDBL,17,56,25,500.0,12500.0
2020-03-05,2020030501003705,FMDBL,19,56,25,500.0,12500.0
2020-03-05,2020030501003704,FMDBL,11,56,50,500.0,25000.0
2020-03-05,2020030501003664,FMDBL,38,50,500,501.0,250500.0
2020-03-05,2020030501004008,FOWAD,43,53,19,1460.0,27740.0
2020-03-05,2020030501003942,FOWAD,7,38,158,1485.0,234630.0
2020-03-05,2020030501003755,FOWAD,7,49,42,1480.0,62160.0
2020-03-05,2020030501003603,FOWAD,22,49,20,1480.0,29600.0
2020-03-05,2020030501003602,FOWAD,43,49,38,1480.0,56240.0
2020-03-05,2020030501003590,FOWAD,43,59,23,1480.0,34040.0
2020-03-05,2020030501003578,FOWAD,43,3,200,1480.0,296000.0
2020-03-05,2020030501003796,GBBL,25,6,200,242.0,48400.0
2020-03-05,2020030501003726,GBBL,57,47,751,245.0,183995.0
2020-03-05,2020030501003725,GBBL,33,47,97,246.0,23862.0
2020-03-05,2020030501003928,GBIME,44,40,539,286.0,154154.0
2020-03-05,2020030501003883,GBIME,44,19,63,286.0,18018.0
2020-03-05,2020030501003841,GBIME,4,58,166,287.0,47642.0
2020-03-05,2020030501003579,GBIME,4,49,1834,287.0,526358.0
2020-03-05,2020030501003568,GBLBS,52,36,2000,500.0,1000000.0
2020-03-05,2020030501003916,GGBSL,45,57,10,755.0,7550.0
2020-03-05,2020030501003981,GLBSL,34,57,10,641.0,6410.0
2020-03-05,2020030501004023,GLICL,22,45,200,480.0,96000.0
2020-03-05,2020030501004010,GLICL,22,7,100,480.0,48000.0
2020-03-05,2020030501003987,GLICL,22,35,19,480.0,9120.0
2020-03-05,2020030501003986,GLICL,29,35,281,480.0,134880.0
2020-03-05,2020030501003977,GLICL,29,25,69,480.0,33120.0
2020-03-05,2020030501003908,GLICL,7,38,50,485.0,24250.0
2020-03-05,2020030501003678,GLICL,46,38,18,485.0,8730.0
2020-03-05,2020030501003671,GLICL,46,50,182,485.0,88270.0
2020-03-05,2020030501003670,GLICL,32,50,300,485.0,145500.0
2020-03-05,2020030501003663,GLICL,32,41,200,485.0,97000.0
2020-03-05,2020030501003580,GLICL,21,33,1000,486.0,486000.0
2020-03-05,2020030501003819,GLICL,42,35,397,480.0,190560.0
2020-03-05,2020030501003801,GLICL,21,40,100,481.0,48100.0
2020-03-05,2020030501003800,GLICL,22,40,20,481.0,9620.0
2020-03-05,2020030501003799,GLICL,26,40,20,484.0,9680.0
2020-03-05,2020030501003714,GLICL,49,38,200,485.0,97000.0
2020-03-05,2020030501003679,GLICL,10,38,500,485.0,242500.0
2020-03-05,2020030501003825,GLICL,55,38,30,485.0,14550.0
2020-03-05,2020030501003824,GLICL,29,35,150,480.0,72000.0
2020-03-05,2020030501003823,GLICL,40,35,30,480.0,14400.0
2020-03-05,2020030501003822,GLICL,52,35,100,480.0,48000.0
2020-03-05,2020030501003821,GLICL,22,35,50,480.0,24000.0
2020-03-05,2020030501003820,GLICL,47,35,273,480.0,131040.0
2020-03-05,2020030501004020,GUFL,59,21,304,128.0,38912.0
2020-03-05,2020030501004019,GUFL,17,21,100,128.0,12800.0
2020-03-05,2020030501004018,GUFL,43,21,386,128.0,49408.0
2020-03-05,2020030501003851,GUFL,43,58,1000,129.0,129000.0
2020-03-05,2020030501003587,HBL,48,56,50,610.0,30500.0
2020-03-05,2020030501004017,HDL,48,58,200,1606.0,321200.0
2020-03-05,2020030501003944,HDL,48,52,98,1606.0,157388.0
2020-03-05,2020030501003775,HDL,41,38,50,1607.0,80350.0
2020-03-05,2020030501003774,HDL,39,38,100,1607.0,160700.0
2020-03-05,2020030501003773,HDL,37,38,100,1607.0,160700.0
2020-03-05,2020030501003763,HDL,37,14,100,1607.0,160700.0
2020-03-05,2020030501003619,HDL,50,37,100,1615.0,161500.0
2020-03-05,2020030501003762,HDL,25,14,100,1607.0,160700.0
2020-03-05,2020030501003737,HDL,53,59,100,1610.0,161000.0
2020-03-05,2020030501003722,HDL,25,48,500,1612.0,806000.0
2020-03-05,2020030501003631,HDL,57,48,20,1613.0,32260.0
2020-03-05,2020030501003630,HDL,59,48,100,1615.0,161500.0
2020-03-05,2020030501003629,HDL,50,48,50,1615.0,80750.0
2020-03-05,2020030501003782,HGI,16,59,483,406.0,196098.0
2020-03-05,2020030501003635,HGI,16,45,300,406.0,121800.0
2020-03-05,2020030501003564,HGI,21,45,200,409.0,81800.0
2020-03-05,2020030501003689,HPPL,49,49,10,145.0,1450.0
2020-03-05,2020030501003688,HPPL,49,42,10,145.0,1450.0
2020-03-05,2020030501003780,IGI,29,50,200,425.0,85000.0
2020-03-05,2020030501003570,IGI,17,40,100,430.0,43000.0
2020-03-05,2020030501003572,IGI,29,40,80,425.0,34000.0
2020-03-05,2020030501003571,IGI,34,40,20,427.0,8540.0
2020-03-05,2020030501003848,KBL,39,57,300,209.0,62700.0
2020-03-05,2020030501003793,KBL,43,50,2500,210.0,525000.0
2020-03-05,2020030501003792,KBL,55,50,50,211.0,10550.0
2020-03-05,2020030501003791,KBL,51,50,500,211.0,105500.0
2020-03-05,2020030501003790,KBL,32,50,43,211.0,9073.0
2020-03-05,2020030501003789,KBL,45,50,43,212.0,9116.0
2020-03-05,2020030501003647,KBL,45,47,100,212.0,21200.0
2020-03-05,2020030501003594,KBL,45,42,57,212.0,12084.0
2020-03-05,2020030501003867,KMCDB,28,22,90,869.0,78210.0
2020-03-05,2020030501003866,KMCDB,28,56,10,869.0,8690.0
2020-03-05,2020030501003669,KMCDB,44,38,20,860.0,17200.0
2020-03-05,2020030501003550,LBBL,35,25,100,195.0,19500.0
2020-03-05,2020030501003989,LBL,21,6,32,230.0,7360.0
2020-03-05,2020030501003988,LBL,22,6,68,231.0,15708.0
2020-03-05,2020030501003783,LBL,22,43,100,231.0,23100.0
2020-03-05,2020030501003648,LBL,22,25,282,231.0,65142.0
2020-03-05,2020030501003589,LBL,22,6,50,231.0,11550.0
2020-03-05,2020030501003588,LBL,13,6,50,233.0,11650.0
2020-03-05,2020030501003691,LGIL,59,41,300,506.0,151800.0
2020-03-05,2020030501003690,LGIL,59,45,100,506.0,50600.0
2020-03-05,2020030501003668,LGIL,38,21,121,499.0,60379.0
2020-03-05,2020030501003667,LGIL,13,21,100,499.0,49900.0
2020-03-05,2020030501003666,LGIL,51,21,79,499.0,39421.0
2020-03-05,2020030501003974,LICN,54,56,300,1476.0,442800.0
2020-03-05,2020030501003730,LICN,54,38,119,1476.0,175644.0
2020-03-05,2020030501003729,LICN,7,38,100,1477.0,147700.0
2020-03-05,2020030501003728,LICN,6,38,20,1480.0,29600.0
2020-03-05,2020030501003727,LICN,29,38,61,1480.0,90280.0
2020-03-05,2020030501003618,LICN,1,38,200,1481.0,296200.0
2020-03-05,2020030501003917,MBL,34,25,227,247.0,56069.0
2020-03-05,2020030501003906,MBL,51,50,2000,248.0,496000.0
2020-03-05,2020030501003905,MBL,21,50,100,249.0,24900.0
2020-03-05,2020030501003700,MBL,21,34,1000,249.0,249000.0
2020-03-05,2020030501003682,MBL,21,35,100,249.0,24900.0
2020-03-05,2020030501003681,MBL,38,35,100,249.0,24900.0
2020-03-05,2020030501003970,MEGA,34,50,200,227.0,45400.0
2020-03-05,2020030501003969,MEGA,34,50,200,227.0,45400.0
2020-03-05,2020030501003968,MEGA,21,50,20,227.0,4540.0
2020-03-05,2020030501003967,MEGA,37,50,1000,227.0,227000.0
2020-03-05,2020030501003966,MEGA,52,50,300,227.0,68100.0
2020-03-05,2020030501003965,MEGA,41,50,200,227.0,45400.0
2020-03-05,2020030501003787,MEGA,13,25,100,230.0,23000.0
2020-03-05,2020030501003786,MEGA,41,25,500,230.0,115000.0
2020-03-05,2020030501003677,MEGA,32,48,43,231.0,9933.0
2020-03-05,2020030501003964,MEGA,57,50,200,228.0,45600.0
2020-03-05,2020030501003963,MEGA,49,50,500,228.0,114000.0
2020-03-05,2020030501003962,MEGA,22,50,227,228.0,51756.0
2020-03-05,2020030501003961,MEGA,33,50,100,228.0,22800.0
2020-03-05,2020030501003840,MEGA,22,45,653,231.0,150843.0
2020-03-05,2020030501003839,MEGA,22,48,47,231.0,10857.0
2020-03-05,2020030501003904,MERO,45,39,53,640.0,33920.0
2020-03-05,2020030501003795,MERO,28,22,100,642.0,64200.0
2020-03-05,2020030501003794,MERO,45,22,400,642.0,256800.0
2020-03-05,2020030501003600,MERO,45,19,100,642.0,64200.0
2020-03-05,2020030501003569,MERO,45,19,100,642.0,64200.0
2020-03-05,2020030501003557,MERO,45,58,400,642.0,256800.0
2020-03-05,2020030501003990,MFIL,16,14,800,297.0,237600.0
2020-03-05,2020030501003976,MFIL,16,3,200,297.0,59400.0
2020-03-05,2020030501003943,MFIL,16,14,1000,298.0,298000.0
2020-03-05,2020030501003925,MFIL,16,14,600,299.0,179400.0
2020-03-05,2020030501003634,MFIL,33,43,1000,300.0,300000.0
2020-03-05,2020030501004025,MNBBL,40,19,200,328.0,65600.0
2020-03-05,2020030501003960,MNBBL,34,19,300,328.0,98400.0
2020-03-05,2020030501003959,MNBBL,53,19,500,328.0,164000.0
2020-03-05,2020030501003958,MNBBL,22,19,500,328.0,164000.0
2020-03-05,2020030501003957,MNBBL,25,19,100,329.0,32900.0
2020-03-05,2020030501003772,MNBBL,21,19,50,333.0,16650.0
2020-03-05,2020030501003749,MNBBL,36,45,300,330.0,99000.0
2020-03-05,2020030501003567,MNBBL,16,19,320,333.0,106560.0
2020-03-05,2020030501004009,NABIL,34,33,500,829.0,414500.0
2020-03-05,2020030501003951,NABIL,45,16,1000,830.0,830000.0
2020-03-05,2020030501003950,NABIL,49,16,100,831.0,83100.0
2020-03-05,2020030501003949,NABIL,57,16,500,831.0,415500.0
2020-03-05,2020030501003948,NABIL,45,16,1000,832.0,832000.0
2020-03-05,2020030501003947,NABIL,51,16,30,835.0,25050.0
2020-03-05,2020030501003659,NABIL,6,43,44,840.0,36960.0
2020-03-05,2020030501003541,NABIL,6,14,56,840.0,47040.0
2020-03-05,2020030501003946,NABIL,34,16,235,835.0,196225.0
2020-03-05,2020030501003852,NABIL,34,59,4000,835.0,3340000.0
2020-03-05,2020030501003770,NABIL,34,19,50,835.0,41750.0
2020-03-05,2020030501003758,NABIL,34,6,215,835.0,179525.0
2020-03-05,2020030501003710,NABIL,34,43,500,835.0,417500.0
2020-03-05,2020030501003660,NABIL,34,43,300,836.0,250800.0
2020-03-05,2020030501004029,NBB,43,33,254,225.0,57150.0
2020-03-05,2020030501003895,NBB,11,33,500,225.0,112500.0
2020-03-05,2020030501003894,NBB,43,33,500,225.0,112500.0
2020-03-05,2020030501003893,NBB,43,33,746,226.0,168596.0
2020-03-05,2020030501003734,NBB,43,40,40,226.0,9040.0
2020-03-05,2020030501003626,NBB,43,5,214,226.0,48364.0
2020-03-05,2020030501003874,NBL,45,50,100,285.0,28500.0
2020-03-05,2020030501003873,NBL,53,50,50,285.0,14250.0
2020-03-05,2020030501003872,NBL,35,50,100,285.0,28500.0
2020-03-05,2020030501003871,NBL,50,50,2500,285.0,712500.0
2020-03-05,2020030501003861,NBL,34,44,2000,287.0,574000.0
2020-03-05,2020030501003846,NBL,38,44,300,287.0,86100.0
2020-03-05,2020030501003955,NCCB,56,33,4000,203.0,812000.0
2020-03-05,2020030501003923,NCCB,56,33,2000,203.0,406000.0
2020-03-05,2020030501003748,NCCB,29,38,500,204.0,102000.0
2020-03-05,2020030501003695,NCCB,6,33,1500,201.0,301500.0
2020-03-05,2020030501003694,NCCB,35,33,2000,201.0,402000.0
2020-03-05,2020030501003693,NCCB,6,33,2000,201.0,402000.0
2020-03-05,2020030501003692,NCCB,25,33,290,201.0,58290.0
2020-03-05,2020030501003549,NHPC,14,38,200,61.0,12200.0
2020-03-05,2020030501003864,NIB,56,17,100,421.0,42100.0
2020-03-05,2020030501004031,NIBPO,49,50,1000,359.0,359000.0
2020-03-05,2020030501004030,NIBPO,37,50,1000,360.0,360000.0
2020-03-05,2020030501003879,NICA,58,4,500,571.0,285500.0
2020-03-05,2020030501003878,NICA,48,4,1000,571.0,571000.0
2020-03-05,2020030501003877,NICA,28,4,800,571.0,456800.0
2020-03-05,2020030501003876,NICA,50,4,200,571.0,114200.0
2020-03-05,2020030501003875,NICA,34,4,861,572.0,492492.0
2020-03-05,2020030501003860,NICA,34,16,400,572.0,228800.0
2020-03-05,2020030501003702,NICA,19,18,189,575.0,108675.0
2020-03-05,2020030501003766,NICA,29,59,500,573.0,286500.0
2020-03-05,2020030501003765,NICA,39,59,150,573.0,85950.0
2020-03-05,2020030501003764,NICA,13,59,11,574.0,6314.0
2020-03-05,2020030501003757,NICA,13,53,89,574.0,51086.0
2020-03-05,2020030501003756,NICA,37,53,61,574.0,35014.0
2020-03-05,2020030501003703,NICA,37,18,311,574.0,178514.0
2020-03-05,2020030501003859,NICA,53,16,300,573.0,171900.0
2020-03-05,2020030501003858,NICA,53,16,300,573.0,171900.0
2020-03-05,2020030501003809,NICA,56,14,868,575.0,499100.0
2020-03-05,2020030501003769,NICA,34,59,739,572.0,422708.0
2020-03-05,2020030501003768,NICA,14,59,1000,572.0,572000.0
2020-03-05,2020030501003767,NICA,41,59,100,573.0,57300.0
2020-03-05,2020030501003745,NICL,35,52,21,462.0,9702.0
2020-03-05,2020030501003607,NICL,44,32,300,463.0,138900.0
2020-03-05,2020030501003556,NICL,44,57,130,463.0,60190.0
2020-03-05,2020030501003555,NICL,49,57,70,463.0,32410.0
2020-03-05,2020030501003554,NICL,17,57,100,464.0,46400.0
2020-03-05,2020030501003687,NICL,35,38,79,461.0,36419.0
2020-03-05,2020030501003676,NICL,38,38,200,461.0,92200.0
2020-03-05,2020030501003675,NICL,13,38,500,461.0,230500.0
2020-03-05,2020030501003674,NICL,41,38,21,462.0,9702.0
2020-03-05,2020030501003661,NICL,44,57,500,462.0,231000.0
2020-03-05,2020030501003645,NICL,44,52,70,463.0,32410.0
2020-03-05,2020030501003956,NIL,47,22,435,580.0,252300.0
2020-03-05,2020030501003914,NIL,47,5,390,580.0,226200.0
2020-03-05,2020030501003910,NIL,43,49,50,581.0,29050.0
2020-03-05,2020030501003868,NIL,47,48,70,580.0,40600.0
2020-03-05,2020030501003850,NIL,47,56,75,580.0,43500.0
2020-03-05,2020030501003843,NIL,47,52,30,580.0,17400.0
2020-03-05,2020030501003542,NIL,29,53,175,590.0,103250.0
2020-03-05,2020030501003532,NIL,29,52,200,590.0,118000.0
2020-03-05,2020030501003842,NIL,43,10,300,584.0,175200.0
2020-03-05,2020030501003797,NIL,14,26,200,581.0,116200.0
2020-03-05,2020030501003617,NIL,49,10,100,584.0,58400.0
2020-03-05,2020030501003616,NIL,13,10,725,584.0,423400.0
2020-03-05,2020030501003606,NIL,13,16,275,584.0,160600.0
2020-03-05,2020030501003605,NIL,44,16,25,584.0,14600.0
2020-03-05,2020030501004005,NLIC,53,29,10,1238.0,12380.0
2020-03-05,2020030501004004,NLIC,36,29,500,1238.0,619000.0
2020-03-05,2020030501004003,NLIC,42,29,50,1239.0,61950.0
2020-03-05,2020030501003886,NLIC,44,16,100,1240.0,124000.0
2020-03-05,2020030501003885,NLIC,34,16,50,1240.0,62000.0
2020-03-05,2020030501003884,NLIC,14,16,50,1240.0,62000.0
2020-03-05,2020030501003620,NLIC,28,14,20,1247.0,24940.0
2020-03-05,2020030501003583,NLIC,28,14,50,1247.0,62350.0
2020-03-05,2020030501003540,NLIC,28,52,30,1247.0,37410.0
2020-03-05,2020030501003699,NLIC,42,57,50,1245.0,62250.0
2020-03-05,2020030501003646,NLIC,39,52,100,1246.0,124600.0
2020-03-05,2020030501003644,NLIC,39,59,100,1246.0,124600.0
2020-03-05,2020030501003643,NLIC,41,59,100,1246.0,124600.0
2020-03-05,2020030501003642,NLIC,52,59,200,1246.0,249200.0
2020-03-05,2020030501003641,NLIC,28,59,100,1247.0,124700.0
2020-03-05,2020030501003863,NLIC,14,55,50,1240.0,62000.0
2020-03-05,2020030501003862,NLIC,33,55,250,1240.0,310000.0
2020-03-05,2020030501003717,NLIC,13,52,100,1245.0,124500.0
2020-03-05,2020030501003716,NLIC,52,52,200,1245.0,249000.0
2020-03-05,2020030501003715,NLIC,42,52,50,1245.0,62250.0
2020-03-05,2020030501003701,NLIC,38,52,99,1246.0,123354.0
2020-03-05,2020030501004014,NMB,10,25,100,458.0,45800.0
2020-03-05,2020030501004011,NMB,10,40,19,458.0,8702.0
2020-03-05,2020030501004007,NMB,45,40,200,458.0,91600.0
2020-03-05,2020030501003998,NMB,53,26,150,456.0,68400.0
2020-03-05,2020030501003997,NMB,35,26,50,456.0,22800.0
2020-03-05,2020030501003996,NMB,21,26,300,456.0,136800.0
2020-03-05,2020030501003609,NMB,58,33,70,460.0,32200.0
2020-03-05,2020030501003608,NMB,18,33,11,460.0,5060.0
2020-03-05,2020030501003882,NMB,49,38,500,456.0,228000.0
2020-03-05,2020030501003771,NMB,49,34,500,456.0,228000.0
2020-03-05,2020030501003615,NMB,14,40,1000,458.0,458000.0
2020-03-05,2020030501003614,NMB,57,40,50,459.0,22950.0
2020-03-05,2020030501003613,NMB,33,40,831,459.0,381429.0
2020-03-05,2020030501003610,NMB,33,33,419,459.0,192321.0
2020-03-05,2020030501003953,NMB,45,40,500,458.0,229000.0
2020-03-05,2020030501003927,NMB,45,40,200,458.0,91600.0
2020-03-05,2020030501003926,NMB,45,16,300,457.0,137100.0
2020-03-05,2020030501003922,NMB,21,38,200,456.0,91200.0
2020-03-05,2020030501003921,NMB,40,38,100,456.0,45600.0
2020-03-05,2020030501003920,NMB,50,38,200,456.0,91200.0
2020-03-05,2020030501003945,NMBMF,55,34,100,801.0,80100.0
2020-03-05,2020030501003582,NMBMF,38,34,50,786.0,39300.0
2020-03-05,2020030501003581,NMBMF,49,34,50,786.0,39300.0
2020-03-05,2020030501003857,NMFBS,26,33,40,1669.0,66760.0
2020-03-05,2020030501003592,NTC,45,57,200,653.0,130600.0
2020-03-05,2020030501003591,NTC,7,57,90,654.0,58860.0
2020-03-05,2020030501003735,PCBL,53,49,70,304.0,21280.0
2020-03-05,2020030501003713,PCBL,53,14,30,304.0,9120.0
2020-03-05,2020030501003712,PFL,45,35,78,160.0,12480.0
2020-03-05,2020030501003711,PFL,13,35,67,160.0,10720.0
2020-03-05,2020030501004015,PLIC,13,43,500,589.0,294500.0
2020-03-05,2020030501003865,PLIC,48,34,30,595.0,17850.0
2020-03-05,2020030501003665,PLIC,48,49,120,595.0,71400.0
2020-03-05,2020030501003558,PPCL,6,14,20,119.0,2380.0
2020-03-05,2020030501003978,PRIN,41,51,165,448.0,73920.0
2020-03-05,2020030501003807,PRIN,29,57,50,450.0,22500.0
2020-03-05,2020030501003742,PRIN,29,58,50,450.0,22500.0
2020-03-05,2020030501003741,PRIN,6,58,50,451.0,22550.0
2020-03-05,2020030501003709,PRIN,34,45,15,456.0,6840.0
2020-03-05,2020030501003622,PRIN,34,34,285,456.0,129960.0
2020-03-05,2020030501003621,PRIN,34,58,200,456.0,91200.0
2020-03-05,2020030501004028,PRVU,17,29,304,253.0,76912.0
2020-03-05,2020030501004027,PRVU,58,29,100,253.0,25300.0
2020-03-05,2020030501004026,PRVU,43,29,596,253.0,150788.0
2020-03-05,2020030501003931,PRVU,52,58,200,254.0,50800.0
2020-03-05,2020030501003930,PRVU,43,58,226,254.0,57404.0
2020-03-05,2020030501003781,PRVU,34,34,1000,256.0,256000.0
2020-03-05,2020030501003652,PRVU,40,33,50,256.0,12800.0
2020-03-05,2020030501003658,PRVU,25,33,100,255.0,25500.0
2020-03-05,2020030501003657,PRVU,42,33,350,255.0,89250.0
2020-03-05,2020030501003656,PRVU,36,33,200,255.0,51000.0
2020-03-05,2020030501003655,PRVU,26,33,100,255.0,25500.0
2020-03-05,2020030501003654,PRVU,34,33,705,255.0,179775.0
2020-03-05,2020030501003653,PRVU,47,33,1000,256.0,256000.0
2020-03-05,2020030501003849,RBCL,50,45,10,9997.0,99970.0
2020-03-05,2020030501003838,RBCL,11,49,10,9997.0,99970.0
2020-03-05,2020030501003837,RBCL,32,49,20,9997.0,199940.0
2020-03-05,2020030501003836,RBCL,18,49,10,9997.0,99970.0
2020-03-05,2020030501003784,RBCL,37,45,10,10000.0,100000.0
2020-03-05,2020030501004022,RSDC,46,28,90,481.0,43290.0
2020-03-05,2020030501003806,RSDC,36,53,113,481.0,54353.0
2020-03-05,2020030501003805,RSDC,29,53,50,482.0,24100.0
2020-03-05,2020030501003804,RSDC,58,53,837,484.0,405108.0
2020-03-05,2020030501003628,RSDC,58,28,163,484.0,78892.0
2020-03-05,2020030501003627,RSDC,53,28,16,489.0,7824.0
2020-03-05,2020030501003680,SANIMA,16,6,100,365.0,36500.0
2020-03-05,2020030501003845,SBI,59,6,100,481.0,48100.0
2020-03-05,2020030501003662,SBI,59,57,100,481.0,48100.0
2020-03-05,2020030501003934,SBL,11,18,700,327.0,228900.0
2020-03-05,2020030501003900,SBL,6,49,10,328.0,3280.0
2020-03-05,2020030501003899,SBL,36,49,516,328.0,169248.0
2020-03-05,2020030501003898,SBL,1,49,200,329.0,65800.0
2020-03-05,2020030501003639,SBL,11,52,486,330.0,160380.0
2020-03-05,2020030501003638,SBL,56,52,14,333.0,4662.0
2020-03-05,2020030501003940,SCB,35,49,110,685.0,75350.0
2020-03-05,2020030501003939,SCB,51,49,50,686.0,34300.0
2020-03-05,2020030501003938,SCB,55,49,50,686.0,34300.0
2020-03-05,2020030501003937,SCB,11,49,10,690.0,6900.0
2020-03-05,2020030501003760,SCB,41,28,60,695.0,41700.0
2020-03-05,2020030501003759,SCB,41,6,40,695.0,27800.0
2020-03-05,2020030501003625,SDESI,46,35,260,928.0,241280.0
2020-03-05,2020030501003624,SDESI,6,35,100,929.0,92900.0
2020-03-05,2020030501003623,SDESI,14,35,179,929.0,166291.0
2020-03-05,2020030501004000,SHINE,26,28,643,298.0,191614.0
2020-03-05,2020030501003999,SHINE,26,50,357,298.0,106386.0
2020-03-05,2020030501003902,SHINE,44,14,558,296.0,165168.0
2020-03-05,2020030501003901,SHINE,48,14,200,296.0,59200.0
2020-03-05,2020030501003778,SHINE,57,32,157,298.0,46786.0
2020-03-05,2020030501003777,SHINE,38,32,400,298.0,119200.0
2020-03-05,2020030501003754,SHINE,38,56,100,298.0,29800.0
2020-03-05,2020030501003708,SHINE,18,50,300,299.0,89700.0
2020-03-05,2020030501003803,SHINE,57,50,843,298.0,251214.0
2020-03-05,2020030501003992,SHIVM,39,49,500,605.0,302500.0
2020-03-05,2020030501003991,SHIVM,39,14,500,600.0,300000.0
2020-03-05,2020030501003636,SHIVM,22,35,200,598.0,119600.0
2020-03-05,2020030501003553,SHIVM,22,29,200,598.0,119600.0
2020-03-05,2020030501003552,SHIVM,14,29,200,598.0,119600.0
2020-03-05,2020030501003551,SHIVM,33,29,100,598.0,59800.0
2020-03-05,2020030501003985,SHL,32,35,300,180.0,54000.0
2020-03-05,2020030501003984,SHL,45,35,100,180.0,18000.0
2020-03-05,2020030501003983,SHL,56,35,100,180.0,18000.0
2020-03-05,2020030501003982,SHL,43,35,150,180.0,27000.0
2020-03-05,2020030501003854,SHL,43,54,850,180.0,153000.0
2020-03-05,2020030501003853,SHL,34,54,1000,181.0,181000.0
2020-03-05,2020030501003897,SIC,45,16,249,696.0,173304.0
2020-03-05,2020030501003896,SIC,45,16,251,697.0,174947.0
2020-03-05,2020030501003753,SIC,45,55,249,697.0,173553.0
2020-03-05,2020030501003752,SIC,29,55,30,700.0,21000.0
2020-03-05,2020030501003761,SICL,25,49,150,990.0,148500.0
2020-03-05,2020030501003612,SICL,29,32,10,985.0,9850.0
2020-03-05,2020030501003611,SICL,35,32,100,985.0,98500.0
2020-03-05,2020030501003933,SIL,59,46,24,554.0,13296.0
2020-03-05,2020030501003561,SIL,57,59,50,562.0,28100.0
2020-03-05,2020030501003560,SIL,58,59,100,562.0,56200.0
2020-03-05,2020030501003559,SIL,58,59,100,565.0,56500.0
2020-03-05,2020030501003746,SJCL,58,32,20,153.0,3060.0
2020-03-05,2020030501003723,SKBBL,43,56,100,1116.0,111600.0
2020-03-05,2020030501003599,SKBBL,14,56,190,1120.0,212800.0
2020-03-05,2020030501003598,SKBBL,49,56,240,1120.0,268800.0
2020-03-05,2020030501003597,SKBBL,28,56,200,1121.0,224200.0
2020-03-05,2020030501003596,SKBBL,43,56,20,1121.0,22420.0
2020-03-05,2020030501003595,SKBBL,43,56,50,1122.0,56100.0
2020-03-05,2020030501003747,SLBBL,34,44,100,881.0,88100.0
2020-03-05,2020030501003637,SLBBL,34,49,50,881.0,44050.0
2020-03-05,2020030501003892,SLICL,29,39,120,456.0,54720.0
2020-03-05,2020030501003891,SLICL,44,39,100,456.0,45600.0
2020-03-05,2020030501003890,SLICL,16,39,500,456.0,228000.0
2020-03-05,2020030501003889,SLICL,52,39,50,460.0,23000.0
2020-03-05,2020030501003672,SLICL,17,58,50,465.0,23250.0
2020-03-05,2020030501003593,SLICL,45,18,50,465.0,23250.0
2020-03-05,2020030501003888,SLICL,21,39,30,460.0,13800.0
2020-03-05,2020030501003856,SLICL,21,48,170,460.0,78200.0
2020-03-05,2020030501003855,SLICL,25,48,30,461.0,13830.0
2020-03-05,2020030501003808,SLICL,13,32,800,462.0,369600.0
2020-03-05,2020030501003788,SLICL,13,49,50,462.0,23100.0
2020-03-05,2020030501003673,SLICL,13,58,150,462.0,69300.0
2020-03-05,2020030501003835,SMATA,7,34,200,719.0,143800.0
2020-03-05,2020030501003980,SRBL,36,6,76,262.0,19912.0
2020-03-05,2020030501003941,SRBL,57,6,24,262.0,6288.0
2020-03-05,2020030501003538,SRBL,57,44,500,262.0,131000.0
2020-03-05,2020030501003907,UIC,42,5,200,385.0,77000.0
2020-03-05,2020030501004006,UPCL,14,45,50,76.0,3800.0
2020-03-05,2020030501004021,UPPER,7,45,50,237.0,11850.0
2020-03-05,2020030501004002,UPPER,33,13,171,235.0,40185.0
2020-03-05,2020030501004001,UPPER,57,13,122,235.0,28670.0
2020-03-05,2020030501003954,UPPER,57,54,38,235.0,8930.0
2020-03-05,2020030501003915,UPPER,26,45,50,237.0,11850.0
2020-03-05,2020030501003601,UPPER,26,17,40,237.0,9480.0
2020-03-05,2020030501003586,UPPER,57,14,40,235.0,9400.0
2020-03-05,2020030501003979,VLBS,47,28,32,966.0,30912.0
2020-03-05,2020030501003924,WOMI,38,53,33,1014.0,33462.0
2020-03-05,2020030501003834,WOMI,38,22,67,1014.0,67938.0
2020-03-05,2020030501003698,WOMI,32,52,67,995.0,66665.0
2020-03-05,2020030501003697,WOMI,38,52,20,1000.0,20000.0
2020-03-05,2020030501003696,WOMI,1,52,33,1000.0,33000.0
2020-03-05,2020030501004501,ADBL,14,20,314,404.0,126856.0
2020-03-05,2020030501004447,ADBL,50,20,44,403.0,17732.0
2020-03-05,2020030501004446,ADBL,14,20,200,404.0,80800.0
2020-03-05,2020030501004445,ADBL,45,20,50,405.0,20250.0
2020-03-05,2020030501004444,ADBL,47,20,20,405.0,8100.0
2020-03-05,2020030501004163,BFC,41,50,50,103.0,5150.0
2020-03-05,2020030501004476,BOKL,29,36,190,247.0,46930.0
2020-03-05,2020030501004387,BOKL,29,34,500,247.0,123500.0
2020-03-05,2020030501004386,BOKL,29,50,100,247.0,24700.0
2020-03-05,2020030501004302,BOKL,8,42,98,245.0,24010.0
2020-03-05,2020030501004238,BOKL,13,42,855,245.0,209475.0
2020-03-05,2020030501004221,BOKL,13,49,98,245.0,24010.0
2020-03-05,2020030501004182,BOKL,13,26,47,245.0,11515.0
2020-03-05,2020030501004181,BOKL,14,26,100,245.0,24500.0
2020-03-05,2020030501004180,BOKL,29,26,500,245.0,122500.0
2020-03-05,2020030501004179,BOKL,54,26,353,245.0,86485.0
2020-03-05,2020030501004107,BOKL,54,57,136,245.0,33320.0
2020-03-05,2020030501004058,BOKL,59,50,100,247.0,24700.0
2020-03-05,2020030501004502,BPCL,44,14,190,357.0,67830.0
2020-03-05,2020030501004320,BPCL,45,19,100,358.0,35800.0
2020-03-05,2020030501004319,BPCL,16,19,100,359.0,35900.0
2020-03-05,2020030501004227,CBBL,5,44,100,1021.0,102100.0
2020-03-05,2020030501004201,CBBL,8,44,31,1022.0,31682.0
2020-03-05,2020030501004167,CBBL,8,51,59,1022.0,60298.0
2020-03-05,2020030501004148,CBBL,8,48,10,1022.0,10220.0
2020-03-05,2020030501004517,CBL,45,57,10,150.0,1500.0
2020-03-05,2020030501004290,CBL,56,42,87,149.0,12963.0
2020-03-05,2020030501004249,CBL,34,42,500,149.0,74500.0
2020-03-05,2020030501004248,CBL,51,42,1000,149.0,149000.0
2020-03-05,2020030501004425,CCBL,35,42,89,184.0,16376.0
2020-03-05,2020030501004417,CCBL,34,48,153,185.0,28305.0
2020-03-05,2020030501004326,CCBL,44,50,500,186.0,93000.0
2020-03-05,2020030501004325,CCBL,59,50,50,186.0,9300.0
2020-03-05,2020030501004324,CCBL,11,50,50,186.0,9300.0
2020-03-05,2020030501004323,CCBL,25,50,10,186.0,1860.0
2020-03-05,2020030501004298,CCBL,59,49,10,187.0,1870.0
2020-03-05,2020030501004231,CHCL,59,42,30,409.0,12270.0
2020-03-05,2020030501004308,CIT,45,21,30,2665.0,79950.0
2020-03-05,2020030501004122,CIT,35,58,404,2664.0,1076256.0
2020-03-05,2020030501004084,CIT,18,56,500,2665.0,1332500.0
2020-03-05,2020030501004338,CZBIL,38,39,253,204.0,51612.0
2020-03-05,2020030501004337,CZBIL,35,39,100,205.0,20500.0
2020-03-05,2020030501004336,CZBIL,53,39,50,205.0,10250.0
2020-03-05,2020030501004335,CZBIL,1,39,109,205.0,22345.0
2020-03-05,2020030501004262,CZBIL,1,49,322,205.0,66010.0
2020-03-05,2020030501004261,CZBIL,34,49,233,206.0,47998.0
2020-03-05,2020030501004124,CZBIL,34,40,500,206.0,103000.0
2020-03-05,2020030501004042,CZBIL,34,26,267,206.0,55002.0
2020-03-05,2020030501004041,CZBIL,45,26,733,206.0,150998.0
2020-03-05,2020030501004486,DDBL,7,45,20,840.0,16800.0
2020-03-05,2020030501004398,DDBL,17,54,50,835.0,41750.0
2020-03-05,2020030501004520,EBL,57,54,60,740.0,44400.0
2020-03-05,2020030501004424,EBL,44,49,50,741.0,37050.0
2020-03-05,2020030501004410,EBL,44,14,50,741.0,37050.0
2020-03-05,2020030501004373,EBL,39,42,100,742.0,74200.0
2020-03-05,2020030501004372,EBL,35,42,200,742.0,148400.0
2020-03-05,2020030501004371,EBL,51,42,42,745.0,31290.0
2020-03-05,2020030501004198,EBL,44,21,100,748.0,74800.0
2020-03-05,2020030501004197,EBL,58,21,100,748.0,74800.0
2020-03-05,2020030501004133,EBL,58,21,100,748.0,74800.0
2020-03-05,2020030501004110,EBL,58,35,200,748.0,149600.0
2020-03-05,2020030501004099,EBL,58,45,100,748.0,74800.0
2020-03-05,2020030501004059,EBL,49,32,65,754.0,49010.0
2020-03-05,2020030501004279,EBL,51,39,58,745.0,43210.0
2020-03-05,2020030501004278,EBL,51,39,100,745.0,74500.0
2020-03-05,2020030501004206,EBL,6,14,285,746.0,212610.0
2020-03-05,2020030501004205,EBL,40,14,10,747.0,7470.0
2020-03-05,2020030501004204,EBL,41,14,200,747.0,149400.0
2020-03-05,2020030501004422,EDBL,43,14,50,388.0,19400.0
2020-03-05,2020030501004191,EDBL,56,8,100,390.0,39000.0
2020-03-05,2020030501004292,EIC,22,39,20,400.0,8000.0
2020-03-05,2020030501004291,EIC,56,39,180,400.0,72000.0
2020-03-05,2020030501004116,EIC,56,17,120,400.0,48000.0
2020-03-05,2020030501004115,EIC,57,17,180,400.0,72000.0
2020-03-05,2020030501004365,FMDBL,34,6,50,490.0,24500.0
2020-03-05,2020030501004269,FMDBL,38,48,500,486.0,243000.0
2020-03-05,2020030501004268,FMDBL,11,48,30,490.0,14700.0
2020-03-05,2020030501004267,FMDBL,51,48,50,490.0,24500.0
2020-03-05,2020030501004266,FMDBL,39,48,266,491.0,130606.0
2020-03-05,2020030501004213,FMDBL,39,16,34,491.0,16694.0
2020-03-05,2020030501004089,FMDBL,48,5,100,499.0,49900.0
2020-03-05,2020030501004525,GBBL,4,49,226,242.0,54692.0
2020-03-05,2020030501004524,GBBL,48,49,40,242.0,9680.0
2020-03-05,2020030501004450,GBBL,39,6,1000,243.0,243000.0
2020-03-05,2020030501004049,GBBL,25,6,15,242.0,3630.0
2020-03-05,2020030501004530,GBIME,59,58,100,287.0,28700.0
2020-03-05,2020030501004479,GBIME,22,40,500,286.0,143000.0
2020-03-05,2020030501004434,GBIME,22,26,300,286.0,85800.0
2020-03-05,2020030501004430,GBIME,22,39,38,286.0,10868.0
2020-03-05,2020030501004429,GBIME,43,39,100,286.0,28600.0
2020-03-05,2020030501004428,GBIME,6,39,10,286.0,2860.0
2020-03-05,2020030501004040,GBIME,1,58,100,287.0,28700.0
2020-03-05,2020030501004427,GBIME,16,39,103,286.0,29458.0
2020-03-05,2020030501004314,GBIME,16,40,397,286.0,113542.0
2020-03-05,2020030501004313,GBIME,44,40,89,286.0,25454.0
2020-03-05,2020030501004240,GBIME,44,17,249,286.0,71214.0
2020-03-05,2020030501004063,GBIME,44,56,60,286.0,17160.0
2020-03-05,2020030501004054,GBIME,44,55,1000,286.0,286000.0
2020-03-05,2020030501004511,GBLBS,32,19,15,476.0,7140.0
2020-03-05,2020030501004489,GBLBS,32,14,400,476.0,190400.0
2020-03-05,2020030501004488,GBLBS,58,14,200,481.0,96200.0
2020-03-05,2020030501004438,GBLBS,38,48,20,485.0,9700.0
2020-03-05,2020030501004437,GBLBS,45,48,35,485.0,16975.0
2020-03-05,2020030501004415,GBLBS,45,55,965,485.0,468025.0
2020-03-05,2020030501004414,GBLBS,29,55,35,485.0,16975.0
2020-03-05,2020030501004409,GBLBS,14,58,10,490.0,4900.0
2020-03-05,2020030501004527,GLICL,42,44,150,480.0,72000.0
2020-03-05,2020030501004500,GLICL,47,44,257,480.0,123360.0
2020-03-05,2020030501004491,GLICL,47,44,150,480.0,72000.0
2020-03-05,2020030501004490,GLICL,4,44,50,481.0,24050.0
2020-03-05,2020030501004461,GLICL,47,44,200,480.0,96000.0
2020-03-05,2020030501004405,GLICL,47,59,100,480.0,48000.0
2020-03-05,2020030501004090,GLICL,29,49,50,479.0,23950.0
2020-03-05,2020030501004052,GLICL,22,46,31,480.0,14880.0
2020-03-05,2020030501004316,GLICL,29,10,48,479.0,22992.0
2020-03-05,2020030501004287,GLICL,29,5,150,479.0,71850.0
2020-03-05,2020030501004258,GLICL,29,38,102,479.0,48858.0
2020-03-05,2020030501004131,GLICL,29,7,150,479.0,71850.0
2020-03-05,2020030501004109,GLICL,22,46,79,480.0,37920.0
2020-03-05,2020030501004096,GLICL,22,46,100,480.0,48000.0
2020-03-05,2020030501004333,GLICL,40,44,200,476.0,95200.0
2020-03-05,2020030501004332,GLICL,57,44,100,476.0,47600.0
2020-03-05,2020030501004331,GLICL,57,44,100,476.0,47600.0
2020-03-05,2020030501004330,GLICL,7,44,106,476.0,50456.0
2020-03-05,2020030501004329,GLICL,34,44,50,477.0,23850.0
2020-03-05,2020030501004317,GLICL,34,10,400,479.0,191600.0
2020-03-05,2020030501004383,GLICL,47,41,50,480.0,24000.0
2020-03-05,2020030501004382,GLICL,47,48,10,480.0,4800.0
2020-03-05,2020030501004381,GLICL,47,46,81,480.0,38880.0
2020-03-05,2020030501004355,GLICL,47,44,100,479.0,47900.0
2020-03-05,2020030501004354,GLICL,47,10,52,479.0,24908.0
2020-03-05,2020030501004334,GLICL,44,44,444,476.0,211344.0
2020-03-05,2020030501004413,GMFBS,43,53,10,767.0,7670.0
2020-03-05,2020030501004339,GUFL,59,35,600,128.0,76800.0
2020-03-05,2020030501004516,HBL,22,48,10,606.0,6060.0
2020-03-05,2020030501004380,HBL,22,40,114,606.0,69084.0
2020-03-05,2020030501004379,HBL,11,40,20,606.0,12120.0
2020-03-05,2020030501004378,HBL,48,40,150,610.0,91500.0
2020-03-05,2020030501004129,HBL,48,45,100,610.0,61000.0
2020-03-05,2020030501004087,HBL,48,32,200,610.0,122000.0
2020-03-05,2020030501004515,HDL,36,48,50,1615.0,80750.0
2020-03-05,2020030501004478,HDL,36,16,50,1615.0,80750.0
2020-03-05,2020030501004462,HDL,48,21,15,1606.0,24090.0
2020-03-05,2020030501004442,HDL,45,39,10,1607.0,16070.0
2020-03-05,2020030501004441,HDL,8,39,280,1607.0,449960.0
2020-03-05,2020030501004384,HDL,34,28,30,1612.0,48360.0
2020-03-05,2020030501004321,HDL,8,32,20,1607.0,32140.0
2020-03-05,2020030501004281,HDL,48,58,100,1606.0,160600.0
2020-03-05,2020030501004168,HDL,39,57,200,1610.0,322000.0
2020-03-05,2020030501004044,HDL,48,35,300,1606.0,481800.0
2020-03-05,2020030501004435,HGI,46,45,300,400.0,120000.0
2020-03-05,2020030501004412,HGI,46,21,100,400.0,40000.0
2020-03-05,2020030501004228,HGI,46,11,100,400.0,40000.0
2020-03-05,2020030501004209,HGI,35,17,100,403.0,40300.0
2020-03-05,2020030501004460,HIDCL,29,42,148,136.0,20128.0
2020-03-05,2020030501004459,HIDCL,58,42,11,136.0,1496.0
2020-03-05,2020030501004318,HIDCL,48,17,27,137.0,3699.0
2020-03-05,2020030501004254,HIDCL,58,42,31,136.0,4216.0
2020-03-05,2020030501004172,JSLBB,17,21,80,1505.0,120400.0
2020-03-05,2020030501004046,JSLBB,38,17,50,1505.0,75250.0
2020-03-05,2020030501004358,KBL,48,22,97,210.0,20370.0
2020-03-05,2020030501004353,KBL,48,1,200,210.0,42000.0
2020-03-05,2020030501004352,KBL,48,50,854,210.0,179340.0
2020-03-05,2020030501004303,KBL,51,25,440,209.0,91960.0
2020-03-05,2020030501004465,KMCDB,41,39,10,839.0,8390.0
2020-03-05,2020030501004233,KMCDB,21,33,100,852.0,85200.0
2020-03-05,2020030501004232,KMCDB,44,33,50,853.0,42650.0
2020-03-05,2020030501004186,KMCDB,10,22,100,855.0,85500.0
2020-03-05,2020030501004340,KMCDB,17,52,100,850.0,85000.0
2020-03-05,2020030501004315,KMCDB,39,32,10,850.0,8500.0
2020-03-05,2020030501004253,KMCDB,39,7,40,850.0,34000.0
2020-03-05,2020030501004252,KMCDB,58,7,90,850.0,76500.0
2020-03-05,2020030501004235,KMCDB,58,33,110,850.0,93500.0
2020-03-05,2020030501004234,KMCDB,7,33,40,851.0,34040.0
2020-03-05,2020030501004499,KPCL,11,51,10,105.0,1050.0
2020-03-05,2020030501004289,KSBBL,34,49,124,165.0,20460.0
2020-03-05,2020030501004288,KSBBL,47,49,141,165.0,23265.0
2020-03-05,2020030501004203,KSBBL,14,38,200,168.0,33600.0
2020-03-05,2020030501004202,KSBBL,14,42,199,167.0,33233.0
2020-03-05,2020030501004094,KSBBL,57,42,50,167.0,8350.0
2020-03-05,2020030501004035,KSBBL,14,38,800,168.0,134400.0
2020-03-05,2020030501004362,LBBL,13,34,50,192.0,9600.0
2020-03-05,2020030501004361,LBBL,32,34,500,192.0,96000.0
2020-03-05,2020030501004360,LBBL,28,34,1000,192.0,192000.0
2020-03-05,2020030501004359,LBBL,32,34,444,193.0,85692.0
2020-03-05,2020030501004045,LBBL,22,51,692,194.0,134248.0
2020-03-05,2020030501004117,LBBL,32,42,56,193.0,10808.0
2020-03-05,2020030501004257,LICN,50,44,65,1453.0,94445.0
2020-03-05,2020030501004256,LICN,7,44,21,1453.0,30513.0
2020-03-05,2020030501004244,LICN,7,40,79,1453.0,114787.0
2020-03-05,2020030501004212,LICN,52,40,100,1456.0,145600.0
2020-03-05,2020030501004211,LICN,16,40,10,1475.0,14750.0
2020-03-05,2020030501004210,LICN,54,40,61,1476.0,90036.0
2020-03-05,2020030501004185,LICN,54,57,20,1476.0,29520.0
2020-03-05,2020030501004529,MBL,11,55,73,245.0,17885.0
2020-03-05,2020030501004407,MBL,11,19,250,245.0,61250.0
2020-03-05,2020030501004406,MBL,11,19,50,246.0,12300.0
2020-03-05,2020030501004138,MDB,17,11,100,451.0,45100.0
2020-03-05,2020030501004416,MEGA,32,40,500,226.0,113000.0
2020-03-05,2020030501004176,MEGA,32,13,218,226.0,49268.0
2020-03-05,2020030501004158,MEGA,32,42,73,226.0,16498.0
2020-03-05,2020030501004123,MEGA,54,50,43,227.0,9761.0
2020-03-05,2020030501004061,MEGA,29,25,284,226.0,64184.0
2020-03-05,2020030501004453,MERO,45,57,42,640.0,26880.0
2020-03-05,2020030501004436,MERO,45,37,42,640.0,26880.0
2020-03-05,2020030501004397,MERO,45,19,50,640.0,32000.0
2020-03-05,2020030501004328,MERO,45,19,250,640.0,160000.0
2020-03-05,2020030501004237,MERO,45,16,12,640.0,7680.0
2020-03-05,2020030501004188,MERO,45,33,400,640.0,256000.0
2020-03-05,2020030501004175,MERO,6,42,42,641.0,26922.0
2020-03-05,2020030501004356,MFIL,55,16,80,295.0,23600.0
2020-03-05,2020030501004295,MFIL,33,16,20,295.0,5900.0
2020-03-05,2020030501004169,MFIL,16,16,600,295.0,177000.0
2020-03-05,2020030501004051,MFIL,16,39,400,295.0,118000.0
2020-03-05,2020030501004036,MFIL,16,43,1000,296.0,296000.0
2020-03-05,2020030501004190,MNBBL,34,11,110,328.0,36080.0
2020-03-05,2020030501004162,MNBBL,34,57,200,328.0,65600.0
2020-03-05,2020030501004080,MNBBL,1,19,99,328.0,32472.0
2020-03-05,2020030501004161,MNBBL,34,25,690,327.0,225630.0
2020-03-05,2020030501004120,MNBBL,6,25,100,327.0,32700.0
2020-03-05,2020030501004119,MNBBL,14,25,10,327.0,3270.0
2020-03-05,2020030501004118,MNBBL,49,25,200,327.0,65400.0
2020-03-05,2020030501004114,MNBBL,48,57,300,328.0,98400.0
2020-03-05,2020030501004514,NABIL,48,32,215,826.0,177590.0
2020-03-05,2020030501004513,NABIL,45,32,100,827.0,82700.0
2020-03-05,2020030501004449,NABIL,42,32,163,828.0,134964.0
2020-03-05,2020030501004448,NABIL,34,32,22,829.0,18238.0
2020-03-05,2020030501004443,NABIL,34,49,11,829.0,9119.0
2020-03-05,2020030501004369,NABIL,34,21,200,829.0,165800.0
2020-03-05,2020030501004277,NABIL,33,33,1300,830.0,1079000.0
2020-03-05,2020030501004226,NABIL,34,39,107,829.0,88703.0
2020-03-05,2020030501004184,NABIL,34,52,100,829.0,82900.0
2020-03-05,2020030501004132,NABIL,34,13,60,829.0,49740.0
2020-03-05,2020030501004200,NBB,34,1,500,223.0,111500.0
2020-03-05,2020030501004196,NBB,56,48,190,226.0,42940.0
2020-03-05,2020030501004173,NBB,56,47,50,225.0,11250.0
2020-03-05,2020030501004259,NBL,53,43,100,284.0,28400.0
2020-03-05,2020030501004128,NBL,53,33,180,284.0,51120.0
2020-03-05,2020030501004127,NBL,8,33,820,284.0,232880.0
2020-03-05,2020030501004085,NBL,6,50,1000,285.0,285000.0
2020-03-05,2020030501004464,NCCB,58,36,303,200.0,60600.0
2020-03-05,2020030501004342,NCCB,58,49,197,200.0,39400.0
2020-03-05,2020030501004236,NCCB,58,33,1350,200.0,270000.0
2020-03-05,2020030501004156,NCCB,17,33,500,200.0,100000.0
2020-03-05,2020030501004155,NCCB,45,33,100,200.0,20000.0
2020-03-05,2020030501004154,NCCB,41,33,50,200.0,10000.0
2020-03-05,2020030501004153,NCCB,32,33,1000,200.0,200000.0
2020-03-05,2020030501004152,NCCB,36,33,2000,200.0,400000.0
2020-03-05,2020030501004151,NCCB,29,33,500,200.0,100000.0
2020-03-05,2020030501004150,NCCB,56,33,4500,201.0,904500.0
2020-03-05,2020030501004043,NCCB,56,14,500,201.0,100500.0
2020-03-05,2020030501004039,NHPC,14,38,10,62.0,620.0
2020-03-05,2020030501004440,NIB,42,11,50,423.0,21150.0
2020-03-05,2020030501004272,NIB,22,48,20,421.0,8420.0
2020-03-05,2020030501004102,NIB,56,14,800,421.0,336800.0
2020-03-05,2020030501004033,NIB,56,45,100,421.0,42100.0
2020-03-05,2020030501004394,NIBPO,8,50,100,354.0,35400.0
2020-03-05,2020030501004393,NIBPO,39,50,1000,354.0,354000.0
2020-03-05,2020030501004392,NIBPO,39,50,1950,355.0,692250.0
2020-03-05,2020030501004391,NIBPO,28,50,1150,356.0,409400.0
2020-03-05,2020030501004286,NIBPO,28,55,850,356.0,302600.0
2020-03-05,2020030501004285,NIBPO,13,55,500,356.0,178000.0
2020-03-05,2020030501004284,NIBPO,34,55,1000,357.0,357000.0
2020-03-05,2020030501004283,NIBPO,39,55,100,358.0,35800.0
2020-03-05,2020030501004282,NIBPO,49,55,50,358.0,17900.0
2020-03-05,2020030501004418,NICA,7,48,100,570.0,57000.0
2020-03-05,2020030501004377,NICA,44,1,449,567.0,254583.0
2020-03-05,2020030501004376,NICA,39,1,50,568.0,28400.0
2020-03-05,2020030501004375,NICA,19,1,32,568.0,18176.0
2020-03-05,2020030501004368,NICA,19,49,68,568.0,38624.0
2020-03-05,2020030501004367,NICA,16,49,195,568.0,110760.0
2020-03-05,2020030501004145,NICA,34,50,700,570.0,399000.0
2020-03-05,2020030501004064,NICA,34,48,300,570.0,171000.0
2020-03-05,2020030501004208,NICA,21,48,300,570.0,171000.0
2020-03-05,2020030501004207,NICA,37,48,236,570.0,134520.0
2020-03-05,2020030501004187,NICA,37,5,142,570.0,80940.0
2020-03-05,2020030501004174,NICA,37,39,222,570.0,126540.0
2020-03-05,2020030501004147,NICA,37,50,100,570.0,57000.0
2020-03-05,2020030501004146,NICA,34,50,500,570.0,285000.0
2020-03-05,2020030501004322,NICA,53,48,100,570.0,57000.0
2020-03-05,2020030501004312,NICA,16,16,705,568.0,400440.0
2020-03-05,2020030501004311,NICA,48,16,50,569.0,28450.0
2020-03-05,2020030501004310,NICA,36,16,20,569.0,11380.0
2020-03-05,2020030501004305,NICA,53,48,100,570.0,57000.0
2020-03-05,2020030501004263,NICA,53,48,100,570.0,57000.0
2020-03-05,2020030501004341,NICL,57,56,100,453.0,45300.0
2020-03-05,2020030501004528,NIL,49,7,486,570.0,277020.0
2020-03-05,2020030501004195,NIL,29,5,200,570.0,114000.0
2020-03-05,2020030501004194,NIL,42,5,100,570.0,57000.0
2020-03-05,2020030501004193,NIL,51,5,250,570.0,142500.0
2020-03-05,2020030501004192,NIL,45,5,100,571.0,57100.0
2020-03-05,2020030501004079,NIL,58,22,100,572.0,57200.0
2020-03-05,2020030501004519,NLIC,28,5,50,1233.0,61650.0
2020-03-05,2020030501004504,NLIC,53,39,169,1235.0,208715.0
2020-03-05,2020030501004503,NLIC,53,53,131,1235.0,161785.0
2020-03-05,2020030501004404,NLIC,28,7,123,1233.0,151659.0
2020-03-05,2020030501004403,NLIC,40,7,100,1233.0,123300.0
2020-03-05,2020030501004402,NLIC,16,7,100,1233.0,123300.0
2020-03-05,2020030501004100,NLIC,8,29,90,1238.0,111420.0
2020-03-05,2020030501004088,NLIC,13,19,22,1237.0,27214.0
2020-03-05,2020030501004056,NLIC,13,20,152,1237.0,188024.0
2020-03-05,2020030501004055,NLIC,25,20,48,1237.0,59376.0
2020-03-05,2020030501004047,NLIC,25,28,52,1237.0,64324.0
2020-03-05,2020030501004214,NLIC,13,32,14,1237.0,17318.0
2020-03-05,2020030501004170,NLIC,28,19,22,1237.0,27214.0
2020-03-05,2020030501004157,NLIC,45,16,100,1240.0,124000.0
2020-03-05,2020030501004135,NLIC,13,19,12,1237.0,14844.0
2020-03-05,2020030501004134,NLIC,8,19,10,1238.0,12380.0
2020-03-05,2020030501004125,NLIC,49,49,50000,1235.0,61750000.0
2020-03-05,2020030501004306,NLIC,32,14,50,1234.0,61700.0
2020-03-05,2020030501004251,NLIC,34,32,500,1234.0,617000.0
2020-03-05,2020030501004218,NLIC,25,32,200,1236.0,247200.0
2020-03-05,2020030501004217,NLIC,14,32,200,1236.0,247200.0
2020-03-05,2020030501004216,NLIC,36,32,809,1236.0,999924.0
2020-03-05,2020030501004215,NLIC,28,32,178,1237.0,220186.0
2020-03-05,2020030501004401,NLIC,44,7,71,1233.0,87543.0
2020-03-05,2020030501004400,NLIC,39,7,56,1234.0,69104.0
2020-03-05,2020030501004399,NLIC,11,7,250,1234.0,308500.0
2020-03-05,2020030501004390,NLIC,45,55,500,1238.0,619000.0
2020-03-05,2020030501004366,NLIC,45,55,246,1236.0,304056.0
2020-03-05,2020030501004307,NLIC,44,14,38,1233.0,46854.0
2020-03-05,2020030501004433,NLICL,36,19,993,704.0,699072.0
2020-03-05,2020030501004432,NLICL,58,19,107,704.0,75328.0
2020-03-05,2020030501004431,NLICL,58,49,193,704.0,135872.0
2020-03-05,2020030501004271,NLICL,38,35,300,705.0,211500.0
2020-03-05,2020030501004270,NLICL,42,35,50,705.0,35250.0
2020-03-05,2020030501004083,NLICL,42,44,400,705.0,282000.0
2020-03-05,2020030501004034,NLICL,42,39,50,705.0,35250.0
2020-03-05,2020030501004523,NMB,29,59,61,455.0,27755.0
2020-03-05,2020030501004522,NMB,16,59,1000,455.0,455000.0
2020-03-05,2020030501004521,NMB,35,59,439,455.0,199745.0
2020-03-05,2020030501004508,NMB,35,59,1175,455.0,534625.0
2020-03-05,2020030501004507,NMB,41,59,250,456.0,114000.0
2020-03-05,2020030501004506,NMB,13,59,75,456.0,34200.0
2020-03-05,2020030501004189,NMB,35,50,2216,455.0,1008280.0
2020-03-05,2020030501004177,NMB,10,43,100,456.0,45600.0
2020-03-05,2020030501004142,NMB,10,43,100,456.0,45600.0
2020-03-05,2020030501004121,NMB,52,35,50,456.0,22800.0
2020-03-05,2020030501004364,NMB,35,54,500,455.0,227500.0
2020-03-05,2020030501004363,NMB,45,54,500,456.0,228000.0
2020-03-05,2020030501004301,NMB,35,36,100,455.0,45500.0
2020-03-05,2020030501004220,NMB,35,58,200,455.0,91000.0
2020-03-05,2020030501004219,NMB,35,21,200,455.0,91000.0
2020-03-05,2020030501004199,NMB,35,32,100,455.0,45500.0
2020-03-05,2020030501004255,NMBMF,26,4,39,782.0,30498.0
2020-03-05,2020030501004247,NMBMF,28,21,494,783.0,386802.0
2020-03-05,2020030501004246,NMBMF,42,21,106,784.0,83104.0
2020-03-05,2020030501004239,NMBMF,42,42,41,784.0,32144.0
2020-03-05,2020030501004171,NMBMF,42,4,39,784.0,30576.0
2020-03-05,2020030501004149,NMBMF,42,4,39,784.0,30576.0
2020-03-05,2020030501004082,NMBMF,41,52,50,800.0,40000.0
2020-03-05,2020030501004494,NMFBS,33,57,15,1645.0,24675.0
2020-03-05,2020030501004473,NSEWA,4,17,10,686.0,6860.0
2020-03-05,2020030501004408,NTC,53,19,50,642.0,32100.0
2020-03-05,2020030501004345,PCBL,51,25,39,300.0,11700.0
2020-03-05,2020030501004344,PCBL,25,25,909,300.0,272700.0
2020-03-05,2020030501004343,PCBL,26,25,52,301.0,15652.0
2020-03-05,2020030501004265,PCBL,26,42,48,301.0,14448.0
2020-03-05,2020030501004264,PCBL,37,42,294,301.0,88494.0
2020-03-05,2020030501004074,PCBL,37,41,206,301.0,62006.0
2020-03-05,2020030501004073,PCBL,11,41,187,301.0,56287.0
2020-03-05,2020030501004072,PCBL,47,41,158,302.0,47716.0
2020-03-05,2020030501004071,PCBL,56,41,549,303.0,166347.0
2020-03-05,2020030501004057,PICL,34,53,100,471.0,47100.0
2020-03-05,2020030501004456,PLIC,53,50,200,584.0,116800.0
2020-03-05,2020030501004389,PLIC,32,58,200,581.0,116200.0
2020-03-05,2020030501004309,PLIC,32,50,136,584.0,79424.0
2020-03-05,2020030501004304,PLIC,32,33,200,584.0,116800.0
2020-03-05,2020030501004160,PLIC,32,17,164,584.0,95776.0
2020-03-05,2020030501004159,PLIC,34,17,36,584.0,21024.0
2020-03-05,2020030501004136,PLIC,34,52,264,584.0,154176.0
2020-03-05,2020030501004483,PRIN,21,44,72,436.0,31392.0
2020-03-05,2020030501004482,PRIN,48,44,237,436.0,103332.0
2020-03-05,2020030501004351,PRIN,48,21,263,436.0,114668.0
2020-03-05,2020030501004350,PRIN,56,21,100,436.0,43600.0
2020-03-05,2020030501004349,PRIN,1,21,100,436.0,43600.0
2020-03-05,2020030501004348,PRIN,43,21,100,437.0,43700.0
2020-03-05,2020030501004241,PRIN,58,50,200,441.0,88200.0
2020-03-05,2020030501004130,PRIN,11,32,500,439.0,219500.0
2020-03-05,2020030501004113,PRIN,44,6,70,445.0,31150.0
2020-03-05,2020030501004111,PRIN,44,38,200,445.0,89000.0
2020-03-05,2020030501004081,PRIN,41,6,35,448.0,15680.0
2020-03-05,2020030501004439,PRVU,56,28,1842,255.0,469710.0
2020-03-05,2020030501004423,PRVU,34,25,901,254.0,228854.0
2020-03-05,2020030501004388,PRVU,56,51,200,255.0,51000.0
2020-03-05,2020030501004296,PRVU,34,43,50,254.0,12700.0
2020-03-05,2020030501004250,PRVU,34,58,74,254.0,18796.0
2020-03-05,2020030501004101,PRVU,17,39,788,253.0,199364.0
2020-03-05,2020030501004472,RHPC,58,42,19,85.0,1615.0
2020-03-05,2020030501004357,RHPC,58,42,19,85.0,1615.0
2020-03-05,2020030501004477,RMDC,5,33,100,695.0,69500.0
2020-03-05,2020030501004108,SABSL,44,45,100,754.0,75400.0
2020-03-05,2020030501004166,SADBL,28,14,119,163.0,19397.0
2020-03-05,2020030501004165,SADBL,13,14,200,163.0,32600.0
2020-03-05,2020030501004164,SADBL,14,14,111,165.0,18315.0
2020-03-05,2020030501004144,SADBL,13,14,10,166.0,1660.0
2020-03-05,2020030501004143,SADBL,14,14,60,166.0,9960.0
2020-03-05,2020030501004518,SANIMA,16,40,437,363.0,158631.0
2020-03-05,2020030501004510,SANIMA,13,33,75,366.0,27450.0
2020-03-05,2020030501004509,SANIMA,13,28,600,366.0,219600.0
2020-03-05,2020030501004141,SANIMA,13,28,400,366.0,146400.0
2020-03-05,2020030501004060,SANIMA,13,59,500,366.0,183000.0
2020-03-05,2020030501004053,SANIMA,13,58,100,366.0,36600.0
2020-03-05,2020030501004050,SANIMA,16,22,268,365.0,97820.0
2020-03-05,2020030501004458,SBI,38,14,100,480.0,48000.0
2020-03-05,2020030501004457,SBI,22,14,200,480.0,96000.0
2020-03-05,2020030501004062,SBI,22,46,300,480.0,144000.0
2020-03-05,2020030501004411,SBL,39,42,151,325.0,49075.0
2020-03-05,2020030501004396,SBL,39,39,355,325.0,115375.0
2020-03-05,2020030501004395,SBL,10,39,50,326.0,16300.0
2020-03-05,2020030501004531,SCB,35,52,100,685.0,68500.0
2020-03-05,2020030501004512,SCB,35,11,95,685.0,65075.0
2020-03-05,2020030501004493,SCB,45,11,145,686.0,99470.0
2020-03-05,2020030501004492,SCB,51,11,260,690.0,179400.0
2020-03-05,2020030501004469,SCB,51,26,20,690.0,13800.0
2020-03-05,2020030501004426,SCB,51,42,20,690.0,13800.0
2020-03-05,2020030501004385,SCB,45,55,185,686.0,126910.0
2020-03-05,2020030501004327,SCB,45,14,170,686.0,116620.0
2020-03-05,2020030501004297,SCB,14,28,10,695.0,6950.0
2020-03-05,2020030501004260,SCB,35,45,500,685.0,342500.0
2020-03-05,2020030501004222,SHINE,26,28,357,298.0,106386.0
2020-03-05,2020030501004485,SHIVM,22,48,100,592.0,59200.0
2020-03-05,2020030501004374,SHIVM,22,14,50,592.0,29600.0
2020-03-05,2020030501004276,SHIVM,38,22,40,591.0,23640.0
2020-03-05,2020030501004275,SHIVM,41,22,200,591.0,118200.0
2020-03-05,2020030501004274,SHIVM,21,22,40,591.0,23640.0
2020-03-05,2020030501004273,SHIVM,22,22,20,592.0,11840.0
2020-03-05,2020030501004140,SHIVM,22,40,480,592.0,284160.0
2020-03-05,2020030501004139,SHIVM,22,40,20,595.0,11900.0
2020-03-05,2020030501004106,SHIVM,51,21,500,596.0,298000.0
2020-03-05,2020030501004105,SHIVM,6,21,200,597.0,119400.0
2020-03-05,2020030501004104,SHIVM,55,21,50,597.0,29850.0
2020-03-05,2020030501004103,SHIVM,22,21,100,598.0,59800.0
2020-03-05,2020030501004070,SHPC,56,47,129,218.0,28122.0
2020-03-05,2020030501004471,SICL,58,49,22,961.0,21142.0
2020-03-05,2020030501004470,SICL,51,49,25,965.0,24125.0
2020-03-05,2020030501004066,SICL,10,33,100,985.0,98500.0
2020-03-05,2020030501004065,SICL,29,33,40,985.0,39400.0
2020-03-05,2020030501004093,SICL,37,33,100,971.0,97100.0
2020-03-05,2020030501004092,SICL,34,33,85,972.0,82620.0
2020-03-05,2020030501004091,SICL,18,33,140,973.0,136220.0
2020-03-05,2020030501004069,SICL,44,33,259,975.0,252525.0
2020-03-05,2020030501004068,SICL,21,33,300,975.0,292500.0
2020-03-05,2020030501004067,SICL,37,33,160,976.0,156160.0
2020-03-05,2020030501004245,SICL,45,33,1000,970.0,970000.0
2020-03-05,2020030501004183,SICL,51,32,30,965.0,28950.0
2020-03-05,2020030501004112,SICL,33,33,50,970.0,48500.0
2020-03-05,2020030501004468,SIL,7,35,100,554.0,55400.0
2020-03-05,2020030501004467,SIL,59,35,16,554.0,8864.0
2020-03-05,2020030501004454,SIL,59,51,10,554.0,5540.0
2020-03-05,2020030501004466,SJCL,58,7,20,153.0,3060.0
2020-03-05,2020030501004038,SLBBL,26,34,200,880.0,176000.0
2020-03-05,2020030501004037,SLBBL,18,34,35,880.0,30800.0
2020-03-05,2020030501004032,SLBBL,34,44,150,881.0,132150.0
2020-03-05,2020030501004455,SLBSL,29,6,200,828.0,165600.0
2020-03-05,2020030501004421,SLBSL,14,6,20,830.0,16600.0
2020-03-05,2020030501004420,SLBSL,13,6,200,830.0,166000.0
2020-03-05,2020030501004419,SLBSL,35,6,50,831.0,41550.0
2020-03-05,2020030501004294,SLICL,29,57,113,456.0,51528.0
2020-03-05,2020030501004243,SLICL,34,19,100,457.0,45700.0
2020-03-05,2020030501004293,SMATA,10,58,200,720.0,144000.0
2020-03-05,2020030501004224,SMATA,10,50,50,720.0,36000.0
2020-03-05,2020030501004223,SMATA,10,58,200,715.0,143000.0
2020-03-05,2020030501004463,SPARS,14,19,10,790.0,7900.0
2020-03-05,2020030501004242,SPARS,14,48,20,790.0,15800.0
2020-03-05,2020030501004230,SPARS,45,56,80,804.0,64320.0
2020-03-05,2020030501004229,SPARS,4,56,30,804.0,24120.0
2020-03-05,2020030501004526,SRBL,28,38,700,261.0,182700.0
2020-03-05,2020030501004487,SRBL,28,21,1500,261.0,391500.0
2020-03-05,2020030501004484,SRBL,28,49,75,261.0,19575.0
2020-03-05,2020030501004451,SRBL,28,42,290,261.0,75690.0
2020-03-05,2020030501004137,SRBL,36,58,24,262.0,6288.0
2020-03-05,2020030501004095,SRBL,36,59,100,262.0,26200.0
2020-03-05,2020030501004505,STC,59,58,10,2636.0,26360.0
2020-03-05,2020030501004300,STC,52,34,50,2689.0,134450.0
2020-03-05,2020030501004299,STC,59,34,10,2689.0,26890.0
2020-03-05,2020030501004280,TMDBL,16,14,1000,191.0,191000.0
2020-03-05,2020030501004225,TMDBL,42,14,100,194.0,19400.0
2020-03-05,2020030501004481,TRH,22,19,10,264.0,2640.0
2020-03-05,2020030501004480,TRH,45,19,100,269.0,26900.0
2020-03-05,2020030501004452,UIC,33,57,30,374.0,11220.0
2020-03-05,2020030501004370,UIC,43,57,45,374.0,16830.0
2020-03-05,2020030501004347,UIC,43,16,55,374.0,20570.0
2020-03-05,2020030501004346,UIC,33,16,30,375.0,11250.0
2020-03-05,2020030501004178,UIC,50,14,660,378.0,249480.0
2020-03-05,2020030501004078,UIC,50,58,340,378.0,128520.0
2020-03-05,2020030501004077,UIC,26,58,100,379.0,37900.0
2020-03-05,2020030501004076,UIC,45,58,60,380.0,22800.0
2020-03-05,2020030501004498,UPPER,33,41,461,234.0,107874.0
2020-03-05,2020030501004497,UPPER,4,41,100,235.0,23500.0
2020-03-05,2020030501004496,UPPER,6,41,260,235.0,61100.0
2020-03-05,2020030501004495,UPPER,33,41,279,235.0,65565.0
2020-03-05,2020030501004126,UPPER,33,6,50,235.0,11750.0
2020-03-05,2020030501004086,UPPER,33,50,500,235.0,117500.0
2020-03-05,2020030501004048,VLBS,47,48,400,966.0,386400.0
2020-03-05,2020030501004475,WOMI,11,42,17,985.0,16745.0
2020-03-05,2020030501004474,WOMI,34,42,50,986.0,49300.0
2020-03-05,2020030501004098,WOMI,26,53,20,990.0,19800.0
2020-03-05,2020030501004097,WOMI,13,53,30,992.0,29760.0
2020-03-05,2020030501004075,WOMI,32,53,33,995.0,32835.0
2020-03-05,2020030501002526,ADBL,58,4,900,413.0,371700.0
2020-03-05,2020030501002441,ADBL,51,4,100,413.0,41300.0
2020-03-05,2020030501002314,ADBL,34,51,90,410.0,36900.0
2020-03-05,2020030501002313,ADBL,34,14,100,410.0,41000.0
2020-03-05,2020030501002236,ADBL,14,5,100,408.0,40800.0
2020-03-05,2020030501002235,ADBL,14,51,51,408.0,20808.0
2020-03-05,2020030501002234,ADBL,14,36,19,408.0,7752.0
2020-03-05,2020030501002197,ADBL,13,18,200,405.0,81000.0
2020-03-05,2020030501002403,AKJCL,6,4,10,52.0,520.0
2020-03-05,2020030501002210,AKJCL,6,4,20,52.0,1040.0
2020-03-05,2020030501002068,AKJCL,6,4,20,52.0,1040.0
2020-03-05,2020030501002522,AKPL,36,33,13,124.0,1612.0
2020-03-05,2020030501002412,AKPL,36,42,13,124.0,1612.0
2020-03-05,2020030501002397,AKPL,36,42,13,124.0,1612.0
2020-03-05,2020030501002081,ALICL,52,48,21,581.0,12201.0
2020-03-05,2020030501002053,ALICL,41,48,479,581.0,278299.0
2020-03-05,2020030501002052,ALICL,41,53,21,580.0,12180.0
2020-03-05,2020030501002460,API,49,42,18,126.0,2268.0
2020-03-05,2020030501002425,API,49,42,18,126.0,2268.0
2020-03-05,2020030501002417,API,56,34,1758,127.0,223266.0
2020-03-05,2020030501002365,API,51,34,982,127.0,124714.0
2020-03-05,2020030501002364,API,51,49,18,127.0,2286.0
2020-03-05,2020030501002342,API,49,38,30,126.0,3780.0
2020-03-05,2020030501002462,BARUN,34,42,10,93.0,930.0
2020-03-05,2020030501002125,BARUN,36,42,10,94.0,940.0
2020-03-05,2020030501002394,BOKL,21,14,40,249.0,9960.0
2020-03-05,2020030501002341,BOKL,56,4,758,245.0,185710.0
2020-03-05,2020030501002228,BOKL,43,4,100,245.0,24500.0
2020-03-05,2020030501002157,BOKL,41,4,300,245.0,73500.0
2020-03-05,2020030501002105,BOKL,42,4,200,245.0,49000.0
2020-03-05,2020030501002072,BOKL,36,4,200,245.0,49000.0
2020-03-05,2020030501002499,BPCL,22,34,50,357.0,17850.0
2020-03-05,2020030501002498,BPCL,22,52,60,357.0,21420.0
2020-03-05,2020030501002402,BPCL,43,49,11,356.0,3916.0
2020-03-05,2020030501002521,CBBL,33,42,200,1031.0,206200.0
2020-03-05,2020030501002055,CBBL,45,58,59,1011.0,59649.0
2020-03-05,2020030501002514,CBL,56,42,100,151.0,15100.0
2020-03-05,2020030501002482,CBL,56,42,164,151.0,24764.0
2020-03-05,2020030501002479,CBL,28,29,500,153.0,76500.0
2020-03-05,2020030501002414,CBL,29,49,365,152.0,55480.0
2020-03-05,2020030501002367,CBL,29,38,235,152.0,35720.0
2020-03-05,2020030501002289,CBL,56,33,2200,151.0,332200.0
2020-03-05,2020030501002528,CCBL,34,42,47,185.0,8695.0
2020-03-05,2020030501002518,CCBL,34,26,100,185.0,18500.0
2020-03-05,2020030501002516,CCBL,35,42,164,184.0,30176.0
2020-03-05,2020030501002420,CCBL,35,38,268,184.0,49312.0
2020-03-05,2020030501002419,CCBL,6,38,10,184.0,1840.0
2020-03-05,2020030501002336,CCBL,6,48,90,184.0,16560.0
2020-03-05,2020030501002201,CCBL,45,41,150,183.0,27450.0
2020-03-05,2020030501002379,CHCL,41,28,50,412.0,20600.0
2020-03-05,2020030501002348,CHCL,56,37,118,411.0,48498.0
2020-03-05,2020030501002347,CHCL,56,4,382,411.0,157002.0
2020-03-05,2020030501002319,CHCL,56,19,406,410.0,166460.0
2020-03-05,2020030501002318,CHCL,56,16,350,410.0,143500.0
2020-03-05,2020030501002254,CHCL,26,4,50,411.0,20550.0
2020-03-05,2020030501002222,CHCL,52,4,50,411.0,20550.0
2020-03-05,2020030501002497,CIT,41,45,200,2660.0,532000.0
2020-03-05,2020030501002266,CIT,52,53,216,2650.0,572400.0
2020-03-05,2020030501002253,CIT,38,53,300,2650.0,795000.0
2020-03-05,2020030501002230,CIT,36,53,20,2650.0,53000.0
2020-03-05,2020030501002214,CIT,11,53,10,2650.0,26500.0
2020-03-05,2020030501002212,CIT,41,53,50,2650.0,132500.0
2020-03-05,2020030501002280,CZBIL,4,10,121,207.0,25047.0
2020-03-05,2020030501002279,CZBIL,4,14,88,205.0,18040.0
2020-03-05,2020030501002278,CZBIL,21,14,500,205.0,102500.0
2020-03-05,2020030501002277,CZBIL,22,14,300,205.0,61500.0
2020-03-05,2020030501002073,CZBIL,22,41,300,204.0,61200.0
2020-03-05,2020030501002442,DDBL,29,52,99,839.0,83061.0
2020-03-05,2020030501002332,DDBL,13,45,500,840.0,420000.0
2020-03-05,2020030501002331,DDBL,13,1,40,838.0,33520.0
2020-03-05,2020030501002477,EBL,49,41,35,754.0,26390.0
2020-03-05,2020030501002461,EBL,13,14,100,753.0,75300.0
2020-03-05,2020030501002447,EBL,34,14,100,753.0,75300.0
2020-03-05,2020030501002409,EBL,1,14,300,753.0,225900.0
2020-03-05,2020030501002305,EBL,6,16,50,749.0,37450.0
2020-03-05,2020030501002304,EBL,6,43,165,748.0,123420.0
2020-03-05,2020030501002106,EBL,57,57,500,742.0,371000.0
2020-03-05,2020030501002168,EDBL,19,14,100,395.0,39500.0
2020-03-05,2020030501002043,EDBL,43,7,100,391.0,39100.0
2020-03-05,2020030501002251,EIC,26,13,100,409.0,40900.0
2020-03-05,2020030501002078,EIC,38,17,74,401.0,29674.0
2020-03-05,2020030501002037,EIC,38,59,14,401.0,5614.0
2020-03-05,2020030501002524,FMDBL,16,47,200,495.0,99000.0
2020-03-05,2020030501002523,FMDBL,16,21,200,494.0,98800.0
2020-03-05,2020030501002504,FMDBL,38,54,759,490.0,371910.0
2020-03-05,2020030501002503,FMDBL,38,7,50,486.0,24300.0
2020-03-05,2020030501002343,FMDBL,56,45,100,485.0,48500.0
2020-03-05,2020030501002467,FOWAD,54,46,19,1475.0,28025.0
2020-03-05,2020030501002376,GBBL,38,22,60,241.0,14460.0
2020-03-05,2020030501002276,GBBL,35,32,1000,240.0,240000.0
2020-03-05,2020030501002275,GBBL,35,19,3025,240.0,726000.0
2020-03-05,2020030501002274,GBBL,36,19,500,240.0,120000.0
2020-03-05,2020030501002273,GBBL,49,19,86,240.0,20640.0
2020-03-05,2020030501002267,GBBL,39,22,266,241.0,64106.0
2020-03-05,2020030501002219,GBBL,39,49,34,241.0,8194.0
2020-03-05,2020030501002502,GBIME,8,54,450,288.0,129600.0
2020-03-05,2020030501002388,GBIME,34,54,500,288.0,144000.0
2020-03-05,2020030501002301,GBIME,33,41,253,287.0,72611.0
2020-03-05,2020030501002194,GBIME,39,41,100,287.0,28700.0
2020-03-05,2020030501002103,GBIME,53,41,100,287.0,28700.0
2020-03-05,2020030501002084,GBIME,29,41,500,287.0,143500.0
2020-03-05,2020030501002070,GBIME,1,41,156,287.0,44772.0
2020-03-05,2020030501002032,GBIME,1,17,194,287.0,55678.0
2020-03-05,2020030501002494,GBLBS,25,13,100,494.0,49400.0
2020-03-05,2020030501002249,GBLBS,29,4,10,485.0,4850.0
2020-03-05,2020030501002205,GBLBS,38,33,1900,490.0,931000.0
2020-03-05,2020030501002272,GILB,44,6,300,1339.0,401700.0
2020-03-05,2020030501002067,GILB,37,13,33,1313.0,43329.0
2020-03-05,2020030501002475,GLICL,42,7,70,480.0,33600.0
2020-03-05,2020030501002474,GLICL,42,53,33,480.0,15840.0
2020-03-05,2020030501002473,GLICL,47,7,20,480.0,9600.0
2020-03-05,2020030501002465,GLICL,25,7,10,480.0,4800.0
2020-03-05,2020030501002464,GLICL,25,56,40,480.0,19200.0
2020-03-05,2020030501002457,GLICL,17,56,100,480.0,48000.0
2020-03-05,2020030501002326,GLICL,21,58,100,479.0,47900.0
2020-03-05,2020030501002200,GLICL,7,39,44,476.0,20944.0
2020-03-05,2020030501002104,GLICL,38,6,200,473.0,94600.0
2020-03-05,2020030501002440,GLICL,41,56,100,480.0,48000.0
2020-03-05,2020030501002423,GLICL,46,56,50,480.0,24000.0
2020-03-05,2020030501002422,GLICL,46,14,50,480.0,24000.0
2020-03-05,2020030501002400,GLICL,49,14,200,480.0,96000.0
2020-03-05,2020030501002362,GLICL,57,25,155,479.0,74245.0
2020-03-05,2020030501002361,GLICL,57,58,100,479.0,47900.0
2020-03-05,2020030501002496,GRDBL,39,19,900,119.0,107100.0
2020-03-05,2020030501002250,HBL,49,1,500,600.0,300000.0
2020-03-05,2020030501002035,HBL,49,13,160,600.0,96000.0
2020-03-05,2020030501002351,HDL,20,38,170,1607.0,273190.0
2020-03-05,2020030501002298,HDL,57,38,40,1612.0,64480.0
2020-03-05,2020030501002297,HDL,28,38,50,1613.0,80650.0
2020-03-05,2020030501002284,HDL,46,49,30,1639.0,49170.0
2020-03-05,2020030501002270,HDL,22,54,45,1613.0,72585.0
2020-03-05,2020030501002269,HDL,53,54,100,1614.0,161400.0
2020-03-05,2020030501002229,HDL,22,28,50,1613.0,80650.0
2020-03-05,2020030501002147,HDL,57,57,10,1612.0,16120.0
2020-03-05,2020030501002146,HDL,57,57,90,1612.0,145080.0
2020-03-05,2020030501002322,HGI,56,54,300,408.0,122400.0
2020-03-05,2020030501002321,HGI,56,38,17,407.0,6919.0
2020-03-05,2020030501002140,HGI,49,54,100,408.0,40800.0
2020-03-05,2020030501002294,HURJA,19,58,100,101.0,10100.0
2020-03-05,2020030501002363,ILBS,21,45,100,713.0,71300.0
2020-03-05,2020030501002293,ILBS,52,49,10,712.0,7120.0
2020-03-05,2020030501002086,ILBS,52,4,10,712.0,7120.0
2020-03-05,2020030501002311,JBBL,58,20,500,194.0,97000.0
2020-03-05,2020030501002283,JBBL,58,26,923,192.0,177216.0
2020-03-05,2020030501002218,JBBL,51,10,200,189.0,37800.0
2020-03-05,2020030501002128,JBBL,21,35,500,191.0,95500.0
2020-03-05,2020030501002327,KBL,56,11,708,215.0,152220.0
2020-03-05,2020030501002306,KBL,56,37,500,214.0,107000.0
2020-03-05,2020030501002295,KBL,56,19,200,212.0,42400.0
2020-03-05,2020030501002282,KBL,56,19,756,211.0,159516.0
2020-03-05,2020030501002260,KBL,43,17,500,210.0,105000.0
2020-03-05,2020030501002189,KBL,34,33,14,208.0,2912.0
2020-03-05,2020030501002188,KBL,34,14,1000,208.0,208000.0
2020-03-05,2020030501002459,KMCDB,17,52,10,855.0,8550.0
2020-03-05,2020030501002139,KMCDB,17,4,10,855.0,8550.0
2020-03-05,2020030501002063,KMCDB,38,52,168,867.0,145656.0
2020-03-05,2020030501002062,KMCDB,38,51,10,867.0,8670.0
2020-03-05,2020030501002330,KSBBL,14,34,100,167.0,16700.0
2020-03-05,2020030501002329,KSBBL,14,58,100,167.0,16700.0
2020-03-05,2020030501002328,KSBBL,14,6,215,167.0,35905.0
2020-03-05,2020030501002512,LBBL,33,19,500,191.0,95500.0
2020-03-05,2020030501002511,LBBL,57,19,1000,191.0,191000.0
2020-03-05,2020030501002510,LBBL,53,19,400,192.0,76800.0
2020-03-05,2020030501002509,LBBL,10,19,100,193.0,19300.0
2020-03-05,2020030501002207,LBBL,59,33,46,193.0,8878.0
2020-03-05,2020030501002463,LBBL,51,51,1954,193.0,377122.0
2020-03-05,2020030501002406,LBBL,51,19,46,193.0,8878.0
2020-03-05,2020030501002405,LBBL,54,19,1000,193.0,193000.0
2020-03-05,2020030501002404,LBBL,59,19,54,193.0,10422.0
2020-03-05,2020030501002444,LBL,34,34,72,229.0,16488.0
2020-03-05,2020030501002443,LBL,34,34,300,229.0,68700.0
2020-03-05,2020030501002353,LBL,34,44,200,229.0,45800.0
2020-03-05,2020030501002323,LBL,38,44,500,229.0,114500.0
2020-03-05,2020030501002232,LBL,14,42,100,228.0,22800.0
2020-03-05,2020030501002231,LBL,21,44,100,229.0,22900.0
2020-03-05,2020030501002215,LBL,1,44,200,229.0,45800.0
2020-03-05,2020030501002209,LBL,38,44,500,229.0,114500.0
2020-03-05,2020030501002196,LBL,34,44,500,229.0,114500.0
2020-03-05,2020030501002487,LLBS,57,28,200,1058.0,211600.0
2020-03-05,2020030501002486,LLBS,57,18,200,1058.0,211600.0
2020-03-05,2020030501002485,LLBS,57,28,100,1045.0,104500.0
2020-03-05,2020030501002484,LLBS,57,56,100,1045.0,104500.0
2020-03-05,2020030501002476,MBL,35,13,311,250.0,77750.0
2020-03-05,2020030501002436,MBL,35,41,525,250.0,131250.0
2020-03-05,2020030501002435,MBL,35,5,128,250.0,32000.0
2020-03-05,2020030501002434,MBL,35,40,300,250.0,75000.0
2020-03-05,2020030501002433,MBL,35,39,500,250.0,125000.0
2020-03-05,2020030501002432,MBL,35,6,300,250.0,75000.0
2020-03-05,2020030501002375,MBL,34,48,300,248.0,74400.0
2020-03-05,2020030501002324,MBL,1,48,500,248.0,124000.0
2020-03-05,2020030501002259,MBL,38,48,200,248.0,49600.0
2020-03-05,2020030501002239,MBL,11,41,105,245.0,25725.0
2020-03-05,2020030501002431,MBL,35,25,100,250.0,25000.0
2020-03-05,2020030501002430,MBL,35,47,333,250.0,83250.0
2020-03-05,2020030501002429,MBL,35,25,503,249.0,125247.0
2020-03-05,2020030501002428,MBL,34,41,195,249.0,48555.0
2020-03-05,2020030501002427,MBL,34,47,200,249.0,49800.0
2020-03-05,2020030501002426,MBL,34,53,105,249.0,26145.0
2020-03-05,2020030501002116,MDB,40,38,70,449.0,31430.0
2020-03-05,2020030501002483,MEGA,51,40,50,231.0,11550.0
2020-03-05,2020030501002333,MEGA,51,56,50,231.0,11550.0
2020-03-05,2020030501002158,MEGA,58,54,100,228.0,22800.0
2020-03-05,2020030501002069,MEGA,33,41,500,229.0,114500.0
2020-03-05,2020030501002258,MEGA,51,44,200,230.0,46000.0
2020-03-05,2020030501002257,MEGA,51,25,300,230.0,69000.0
2020-03-05,2020030501002217,MEGA,13,25,200,230.0,46000.0
2020-03-05,2020030501002160,MEGA,58,5,300,229.0,68700.0
2020-03-05,2020030501002159,MEGA,58,41,1400,229.0,320600.0
2020-03-05,2020030501002413,MERO,38,21,86,643.0,55298.0
2020-03-05,2020030501002392,MERO,29,21,157,643.0,100951.0
2020-03-05,2020030501002391,MERO,29,55,43,641.0,27563.0
2020-03-05,2020030501002384,MERO,41,45,65,637.0,41405.0
2020-03-05,2020030501002048,MERO,35,48,100,630.0,63000.0
2020-03-05,2020030501002047,MERO,22,48,137,631.0,86447.0
2020-03-05,2020030501002033,MERO,22,51,20,631.0,12620.0
2020-03-05,2020030501002354,MERO,41,49,42,637.0,26754.0
2020-03-05,2020030501002051,MERO,42,48,97,625.0,60625.0
2020-03-05,2020030501002050,MERO,58,48,100,625.0,62500.0
2020-03-05,2020030501002049,MERO,58,48,130,625.0,81250.0
2020-03-05,2020030501002193,MFIL,43,48,10,300.0,3000.0
2020-03-05,2020030501002174,MFIL,43,42,191,295.0,56345.0
2020-03-05,2020030501002132,MFIL,45,42,309,295.0,91155.0
2020-03-05,2020030501002131,MFIL,45,48,55,295.0,16225.0
2020-03-05,2020030501002130,MFIL,45,13,136,294.0,39984.0
2020-03-05,2020030501002096,MFIL,43,16,3000,290.0,870000.0
2020-03-05,2020030501002095,MFIL,43,45,200,290.0,58000.0
2020-03-05,2020030501002075,MFIL,45,22,100,288.0,28800.0
2020-03-05,2020030501002074,MFIL,45,35,200,288.0,57600.0
2020-03-05,2020030501002529,MNBBL,46,26,100,342.0,34200.0
2020-03-05,2020030501002489,MNBBL,25,52,100,344.0,34400.0
2020-03-05,2020030501002173,MNBBL,56,19,1000,335.0,335000.0
2020-03-05,2020030501002172,MNBBL,11,19,100,335.0,33500.0
2020-03-05,2020030501002171,MNBBL,46,19,310,336.0,104160.0
2020-03-05,2020030501002121,MNBBL,35,1,147,340.0,49980.0
2020-03-05,2020030501002118,MNBBL,41,32,10,340.0,3400.0
2020-03-05,2020030501002117,MNBBL,45,32,100,340.0,34000.0
2020-03-05,2020030501002213,MNBBL,58,19,3390,334.0,1132260.0
2020-03-05,2020030501002190,MNBBL,57,19,200,334.0,66800.0
2020-03-05,2020030501002187,MNBBL,16,32,650,333.0,216450.0
2020-03-05,2020030501002186,MNBBL,57,32,200,333.0,66600.0
2020-03-05,2020030501002185,MNBBL,33,32,40,333.0,13320.0
2020-03-05,2020030501002415,MNBBL,48,48,500,342.0,171000.0
2020-03-05,2020030501002325,MNBBL,45,48,100,340.0,34000.0
2020-03-05,2020030501002349,MPFL,32,47,140,126.0,17640.0
2020-03-05,2020030501002286,MPFL,36,47,60,126.0,7560.0
2020-03-05,2020030501002458,MSMBS,5,48,11,739.0,8129.0
2020-03-05,2020030501002439,NABIL,49,56,300,836.0,250800.0
2020-03-05,2020030501002438,NABIL,49,1,12,835.0,10020.0
2020-03-05,2020030501002437,NABIL,49,39,100,835.0,83500.0
2020-03-05,2020030501002198,NABIL,1,49,72,830.0,59760.0
2020-03-05,2020030501002152,NABIL,42,33,337,828.0,279036.0
2020-03-05,2020030501002151,NABIL,38,33,63,828.0,52164.0
2020-03-05,2020030501002080,NABIL,38,21,37,828.0,30636.0
2020-03-05,2020030501002079,NABIL,46,21,63,828.0,52164.0
2020-03-05,2020030501002470,NADEP,43,4,23,661.0,15203.0
2020-03-05,2020030501002292,NADEP,57,4,23,660.0,15180.0
2020-03-05,2020030501002089,NADEP,44,17,23,675.0,15525.0
2020-03-05,2020030501002155,NADEP,57,37,23,660.0,15180.0
2020-03-05,2020030501002154,NADEP,44,37,77,675.0,51975.0
2020-03-05,2020030501002144,NADEP,44,49,100,675.0,67500.0
2020-03-05,2020030501002513,NBB,57,1,300,227.0,68100.0
2020-03-05,2020030501002142,NBB,43,49,1348,229.0,308692.0
2020-03-05,2020030501002141,NBB,43,49,1288,229.0,294952.0
2020-03-05,2020030501002092,NBB,43,16,212,229.0,48548.0
2020-03-05,2020030501002091,NBB,43,56,500,228.0,114000.0
2020-03-05,2020030501002505,NBL,43,41,1000,285.0,285000.0
2020-03-05,2020030501002399,NBL,47,44,1000,286.0,286000.0
2020-03-05,2020030501002398,NBL,43,44,50,286.0,14300.0
2020-03-05,2020030501002261,NBL,26,4,500,287.0,143500.0
2020-03-05,2020030501002309,NCCB,56,38,14,204.0,2856.0
2020-03-05,2020030501002308,NCCB,56,33,1026,200.0,205200.0
2020-03-05,2020030501002285,NCCB,28,33,1000,200.0,200000.0
2020-03-05,2020030501002247,NCCB,34,33,100,200.0,20000.0
2020-03-05,2020030501002246,NCCB,58,33,1000,200.0,200000.0
2020-03-05,2020030501002245,NCCB,58,33,5000,200.0,1000000.0
2020-03-05,2020030501002244,NCCB,47,33,200,200.0,40000.0
2020-03-05,2020030501002243,NCCB,17,33,505,200.0,101000.0
2020-03-05,2020030501002242,NCCB,25,33,200,202.0,40400.0
2020-03-05,2020030501002241,NCCB,56,33,2000,202.0,404000.0
2020-03-05,2020030501002240,NCCB,56,33,99,202.0,19998.0
2020-03-05,2020030501002410,NHPC,36,38,10,59.0,590.0
2020-03-05,2020030501002478,NIB,57,32,25,419.0,10475.0
2020-03-05,2020030501002115,NIB,44,44,85,420.0,35700.0
2020-03-05,2020030501002114,NIB,44,50,15,415.0,6225.0
2020-03-05,2020030501002113,NIB,44,51,100,415.0,41500.0
2020-03-05,2020030501002110,NIB,45,51,100,415.0,41500.0
2020-03-05,2020030501002036,NIB,59,44,500,415.0,207500.0
2020-03-05,2020030501002296,NICA,34,14,200,581.0,116200.0
2020-03-05,2020030501002161,NICA,56,48,200,582.0,116400.0
2020-03-05,2020030501002071,NICA,56,29,300,582.0,174600.0
2020-03-05,2020030501002056,NICA,56,29,200,582.0,116400.0
2020-03-05,2020030501002042,NICA,56,29,500,581.0,290500.0
2020-03-05,2020030501002041,NICA,56,17,250,581.0,145250.0
2020-03-05,2020030501002046,NICL,36,28,250,450.0,112500.0
2020-03-05,2020030501002472,NIL,29,39,110,591.0,65010.0
2020-03-05,2020030501002471,NIL,29,38,125,591.0,73875.0
2020-03-05,2020030501002383,NIL,29,52,1000,590.0,590000.0
2020-03-05,2020030501002382,NIL,29,26,100,589.0,58900.0
2020-03-05,2020030501002381,NIL,29,58,25,589.0,14725.0
2020-03-05,2020030501002520,NLBBL,33,53,809,740.0,598660.0
2020-03-05,2020030501002519,NLBBL,33,19,1010,735.0,742350.0
2020-03-05,2020030501002481,NLBBL,33,45,100,730.0,73000.0
2020-03-05,2020030501002411,NLBBL,33,5,100,734.0,73400.0
2020-03-05,2020030501002034,NLBBL,38,19,40,720.0,28800.0
2020-03-05,2020030501002527,NLIC,52,47,50,1256.0,62800.0
2020-03-05,2020030501002446,NLIC,37,32,50,1259.0,62950.0
2020-03-05,2020030501002393,NLIC,44,49,6579,1256.0,8263224.0
2020-03-05,2020030501002352,NLIC,28,49,100,1256.0,125600.0
2020-03-05,2020030501002350,NLIC,25,49,100,1256.0,125600.0
2020-03-05,2020030501002320,NLIC,39,49,200,1256.0,251200.0
2020-03-05,2020030501002082,NLIC,25,14,20,1250.0,25000.0
2020-03-05,2020030501002058,NLIC,42,20,100,1250.0,125000.0
2020-03-05,2020030501002057,NLIC,42,51,100,1250.0,125000.0
2020-03-05,2020030501002143,NLIC,50,56,195,1251.0,243945.0
2020-03-05,2020030501002129,NLIC,55,56,200,1251.0,250200.0
2020-03-05,2020030501002102,NLIC,39,56,230,1251.0,287730.0
2020-03-05,2020030501002101,NLIC,39,13,100,1250.0,125000.0
2020-03-05,2020030501002100,NLIC,39,14,170,1250.0,212500.0
2020-03-05,2020030501002097,NLIC,51,14,10,1250.0,12500.0
2020-03-05,2020030501002208,NLIC,37,49,22,1259.0,27698.0
2020-03-05,2020030501002192,NLIC,57,46,107,1256.0,134392.0
2020-03-05,2020030501002191,NLIC,57,49,22,1255.0,27610.0
2020-03-05,2020030501002180,NLIC,10,49,28,1255.0,35140.0
2020-03-05,2020030501002179,NLIC,10,49,22,1255.0,27610.0
2020-03-05,2020030501002148,NLIC,42,1,100,1245.0,124500.0
2020-03-05,2020030501002316,NLIC,47,49,2950,1256.0,3705200.0
2020-03-05,2020030501002315,NLIC,47,7,50,1255.0,62750.0
2020-03-05,2020030501002281,NLIC,49,49,10000,1237.0,12370000.0
2020-03-05,2020030501002256,NLIC,57,49,71,1256.0,89176.0
2020-03-05,2020030501002238,NLIC,34,52,100,1260.0,126000.0
2020-03-05,2020030501002237,NLIC,34,39,100,1260.0,126000.0
2020-03-05,2020030501002170,NLICL,29,41,100,717.0,71700.0
2020-03-05,2020030501002169,NLICL,29,33,301,717.0,215817.0
2020-03-05,2020030501002134,NLICL,58,33,199,717.0,142683.0
2020-03-05,2020030501002133,NLICL,58,52,101,717.0,72417.0
2020-03-05,2020030501002045,NLICL,36,35,731,714.0,521934.0
2020-03-05,2020030501002044,NLICL,36,37,150,714.0,107100.0
2020-03-05,2020030501002455,NMB,52,33,34,462.0,15708.0
2020-03-05,2020030501002454,NMB,16,33,676,462.0,312312.0
2020-03-05,2020030501002366,NMB,16,42,12,462.0,5544.0
2020-03-05,2020030501002310,NMB,16,42,12,462.0,5544.0
2020-03-05,2020030501002211,NMB,16,34,300,462.0,138600.0
2020-03-05,2020030501002206,NMB,19,34,200,462.0,92400.0
2020-03-05,2020030501002126,NMB,56,37,500,468.0,234000.0
2020-03-05,2020030501002098,NMB,56,4,12,462.0,5544.0
2020-03-05,2020030501002066,NMFBS,33,21,15,1636.0,24540.0
2020-03-05,2020030501002469,NSEWA,43,6,100,700.0,70000.0
2020-03-05,2020030501002093,NUBL,57,22,500,976.0,488000.0
2020-03-05,2020030501002065,NUBL,57,18,80,960.0,76800.0
2020-03-05,2020030501002064,NUBL,57,42,20,960.0,19200.0
2020-03-05,2020030501002221,OHL,34,54,545,450.0,245250.0
2020-03-05,2020030501002248,PCBL,48,34,33,307.0,10131.0
2020-03-05,2020030501002216,PCBL,56,5,100,305.0,30500.0
2020-03-05,2020030501002195,PCBL,56,53,12,305.0,3660.0
2020-03-05,2020030501002183,PCBL,56,56,73,304.0,22192.0
2020-03-05,2020030501002153,PCBL,56,50,148,303.0,44844.0
2020-03-05,2020030501002099,PCBL,47,42,342,302.0,103284.0
2020-03-05,2020030501002085,PCBL,47,21,500,302.0,151000.0
2020-03-05,2020030501002076,PCBL,11,5,100,301.0,30100.0
2020-03-05,2020030501002360,PIC,57,35,15,615.0,9225.0
2020-03-05,2020030501002359,PIC,57,50,100,615.0,61500.0
2020-03-05,2020030501002357,PIC,6,48,19,612.0,11628.0
2020-03-05,2020030501002233,PIC,6,50,20,612.0,12240.0
2020-03-05,2020030501002040,PIC,6,4,11,610.0,6710.0
2020-03-05,2020030501002456,PICL,1,32,100,477.0,47700.0
2020-03-05,2020030501002262,PLIC,22,17,600,600.0,360000.0
2020-03-05,2020030501002107,PLIC,34,51,91,595.0,54145.0
2020-03-05,2020030501002506,PRVU,56,47,260,261.0,67860.0
2020-03-05,2020030501002491,PRVU,56,26,20,262.0,5240.0
2020-03-05,2020030501002490,PRVU,56,34,500,262.0,131000.0
2020-03-05,2020030501002453,PRVU,56,58,100,261.0,26100.0
2020-03-05,2020030501002452,PRVU,56,37,500,261.0,130500.0
2020-03-05,2020030501002451,PRVU,56,34,340,261.0,88740.0
2020-03-05,2020030501002145,PRVU,46,45,62,257.0,15934.0
2020-03-05,2020030501002083,PRVU,34,34,295,255.0,75225.0
2020-03-05,2020030501002372,PRVU,56,5,200,257.0,51400.0
2020-03-05,2020030501002371,PRVU,56,52,100,257.0,25700.0
2020-03-05,2020030501002370,PRVU,56,25,87,257.0,22359.0
2020-03-05,2020030501002369,PRVU,56,14,500,257.0,128500.0
2020-03-05,2020030501002368,PRVU,56,45,138,257.0,35466.0
2020-03-05,2020030501002450,PRVU,56,53,100,261.0,26100.0
2020-03-05,2020030501002449,PRVU,56,57,200,260.0,52000.0
2020-03-05,2020030501002408,PRVU,56,26,500,259.0,129500.0
2020-03-05,2020030501002407,PRVU,56,19,200,259.0,51800.0
2020-03-05,2020030501002378,PRVU,56,40,500,258.0,129000.0
2020-03-05,2020030501002377,PRVU,56,19,226,258.0,58308.0
2020-03-05,2020030501002184,RHPC,58,42,19,85.0,1615.0
2020-03-05,2020030501002525,RHPL,42,17,30,159.0,4770.0
2020-03-05,2020030501002507,RHPL,40,40,40,160.0,6400.0
2020-03-05,2020030501002493,RHPL,42,48,40,159.0,6360.0
2020-03-05,2020030501002488,RHPL,42,42,30,159.0,4770.0
2020-03-05,2020030501002389,RHPL,40,40,40,160.0,6400.0
2020-03-05,2020030501002300,RHPL,42,4,50,159.0,7950.0
2020-03-05,2020030501002291,RHPL,40,40,40,160.0,6400.0
2020-03-05,2020030501002271,RHPL,42,32,50,159.0,7950.0
2020-03-05,2020030501002039,RHPL,49,14,40,159.0,6360.0
2020-03-05,2020030501002501,RSDC,14,1,100,485.0,48500.0
2020-03-05,2020030501002500,RSDC,14,34,60,482.0,28920.0
2020-03-05,2020030501002355,RSDC,19,34,100,482.0,48200.0
2020-03-05,2020030501002167,RSDC,44,45,99,482.0,47718.0
2020-03-05,2020030501002111,RSDC,50,40,100,481.0,48100.0
2020-03-05,2020030501002445,SABSL,42,5,20,740.0,14800.0
2020-03-05,2020030501002466,SANIMA,35,41,310,367.0,113770.0
2020-03-05,2020030501002109,SANIMA,52,51,100,361.0,36100.0
2020-03-05,2020030501002108,SANIMA,49,51,100,361.0,36100.0
2020-03-05,2020030501002356,SBI,21,42,50,472.0,23600.0
2020-03-05,2020030501002401,SBL,35,1,196,330.0,64680.0
2020-03-05,2020030501002307,SBL,35,53,30,330.0,9900.0
2020-03-05,2020030501002268,SBL,35,4,3235,330.0,1067550.0
2020-03-05,2020030501002344,SCB,45,1,460,700.0,322000.0
2020-03-05,2020030501002263,SCB,35,42,25,698.0,17450.0
2020-03-05,2020030501002225,SCB,11,17,100,690.0,69000.0
2020-03-05,2020030501002224,SCB,11,41,40,689.0,27560.0
2020-03-05,2020030501002061,SCB,49,45,250,683.0,170750.0
2020-03-05,2020030501002038,SCB,22,45,50,683.0,34150.0
2020-03-05,2020030501002199,SCB,16,42,20,689.0,13780.0
2020-03-05,2020030501002149,SCB,6,42,50,688.0,34400.0
2020-03-05,2020030501002127,SCB,29,28,102,684.0,69768.0
2020-03-05,2020030501002302,SDESI,22,46,11,910.0,10010.0
2020-03-05,2020030501002094,SDESI,22,21,23,910.0,20930.0
2020-03-05,2020030501002492,SHINE,51,45,29,294.0,8526.0
2020-03-05,2020030501002204,SHINE,33,45,100,299.0,29900.0
2020-03-05,2020030501002203,SHINE,33,42,40,299.0,11960.0
2020-03-05,2020030501002202,SHINE,33,47,100,299.0,29900.0
2020-03-05,2020030501002421,SHIVM,14,21,50,601.0,30050.0
2020-03-05,2020030501002303,SHIVM,58,48,450,600.0,270000.0
2020-03-05,2020030501002060,SHIVM,58,13,50,595.0,29750.0
2020-03-05,2020030501002059,SHIVM,37,19,200,600.0,120000.0
2020-03-05,2020030501002175,SHIVM,49,48,50,600.0,30000.0
2020-03-05,2020030501002138,SHIVM,49,39,300,600.0,180000.0
2020-03-05,2020030501002137,SHIVM,49,51,50,600.0,30000.0
2020-03-05,2020030501002136,SHIVM,49,42,50,600.0,30000.0
2020-03-05,2020030501002135,SHIVM,49,19,50,600.0,30000.0
2020-03-05,2020030501002150,SHL,34,39,100,177.0,17700.0
2020-03-05,2020030501002124,SHPC,53,34,100,211.0,21100.0
2020-03-05,2020030501002123,SHPC,53,34,200,212.0,42400.0
2020-03-05,2020030501002122,SHPC,32,34,100,215.0,21500.0
2020-03-05,2020030501002390,SIC,45,34,34,709.0,24106.0
2020-03-05,2020030501002480,SICL,34,48,215,972.0,208980.0
2020-03-05,2020030501002380,SICL,46,48,10,972.0,9720.0
2020-03-05,2020030501002265,SICL,33,40,200,972.0,194400.0
2020-03-05,2020030501002264,SICL,35,40,300,975.0,292500.0
2020-03-05,2020030501002374,SIFC,59,4,344,161.0,55384.0
2020-03-05,2020030501002156,SIL,22,49,140,573.0,80220.0
2020-03-05,2020030501002517,SJCL,58,42,20,153.0,3060.0
2020-03-05,2020030501002508,SJCL,58,17,20,153.0,3060.0
2020-03-05,2020030501002468,SJCL,26,48,20,152.0,3040.0
2020-03-05,2020030501002395,SJCL,26,42,10,152.0,1520.0
2020-03-05,2020030501002255,SJCL,26,42,20,153.0,3060.0
2020-03-05,2020030501002288,SKBBL,43,36,100,1138.0,113800.0
2020-03-05,2020030501002287,SKBBL,43,58,100,1132.0,113200.0
2020-03-05,2020030501002054,SKBBL,43,56,100,1116.0,111600.0
2020-03-05,2020030501002531,SLBBL,16,46,100,880.0,88000.0
2020-03-05,2020030501002530,SLBBL,16,6,100,880.0,88000.0
2020-03-05,2020030501002495,SLBSL,57,4,10,860.0,8600.0
2020-03-05,2020030501002335,SLICL,28,48,40,465.0,18600.0
2020-03-05,2020030501002312,SLICL,44,17,300,468.0,140400.0
2020-03-05,2020030501002299,SLICL,28,46,100,465.0,46500.0
2020-03-05,2020030501002226,SLICL,28,54,190,465.0,88350.0
2020-03-05,2020030501002090,SLICL,49,54,10,465.0,4650.0
2020-03-05,2020030501002077,SLICL,49,49,90,465.0,41850.0
2020-03-05,2020030501002177,SMATA,34,54,100,692.0,69200.0
2020-03-05,2020030501002176,SMATA,34,49,36,690.0,24840.0
2020-03-05,2020030501002112,SMATA,34,49,64,690.0,44160.0
2020-03-05,2020030501002448,SMFBS,25,58,10,1000.0,10000.0
2020-03-05,2020030501002182,SMFBS,25,21,10,982.0,9820.0
2020-03-05,2020030501002387,SPARS,34,34,10,820.0,8200.0
2020-03-05,2020030501002386,SPARS,34,59,180,820.0,147600.0
2020-03-05,2020030501002385,SPARS,34,21,100,819.0,81900.0
2020-03-05,2020030501002227,SPARS,45,21,10,804.0,8040.0
2020-03-05,2020030501002346,SRBL,57,32,725,265.0,192125.0
2020-03-05,2020030501002345,SRBL,57,45,275,265.0,72875.0
2020-03-05,2020030501002290,SRBL,52,41,900,261.0,234900.0
2020-03-05,2020030501002252,UIC,45,17,20,374.0,7480.0
2020-03-05,2020030501002220,UIC,45,17,100,374.0,37400.0
2020-03-05,2020030501002166,UIC,51,17,330,374.0,123420.0
2020-03-05,2020030501002165,UIC,51,32,170,374.0,63580.0
2020-03-05,2020030501002164,UIC,51,39,240,374.0,89760.0
2020-03-05,2020030501002163,UIC,51,53,160,374.0,59840.0
2020-03-05,2020030501002162,UIC,51,35,100,373.0,37300.0
2020-03-05,2020030501002120,UMHL,36,39,500,107.0,53500.0
2020-03-05,2020030501002119,UMHL,36,49,14,107.0,1498.0
2020-03-05,2020030501002515,UPPER,29,4,50,236.0,11800.0
2020-03-05,2020030501002424,UPPER,29,42,40,236.0,9440.0
2020-03-05,2020030501002418,UPPER,29,48,40,236.0,9440.0
2020-03-05,2020030501002334,UPPER,29,42,50,236.0,11800.0
2020-03-05,2020030501002317,UPPER,29,4,50,236.0,11800.0
2020-03-05,2020030501002181,UPPER,29,4,40,236.0,9440.0
2020-03-05,2020030501002178,UPPER,29,51,72,236.0,16992.0
2020-03-05,2020030501002088,UPPER,4,3,30,238.0,7140.0
2020-03-05,2020030501002087,UPPER,4,48,20,238.0,4760.0
2020-03-05,2020030501002416,VLBS,41,54,20,975.0,19500.0
2020-03-05,2020030501002396,VLBS,37,54,50,975.0,48750.0
2020-03-05,2020030501002340,VLBS,46,54,81,975.0,78975.0
2020-03-05,2020030501002339,VLBS,34,50,26,961.0,24986.0
2020-03-05,2020030501002223,VLBS,17,42,13,960.0,12480.0
2020-03-05,2020030501002338,WOMI,11,57,31,985.0,30535.0
2020-03-05,2020030501002337,WOMI,46,57,25,985.0,24625.0
2020-03-05,2020030501003433,ADBL,52,49,100,410.0,41000.0
2020-03-05,2020030501003201,ADBL,58,36,16,414.0,6624.0
2020-03-05,2020030501003358,AKJCL,59,14,20,52.0,1040.0
2020-03-05,2020030501003225,AKPL,1,42,13,126.0,1638.0
2020-03-05,2020030501003306,ALBSL,29,6,11,658.0,7238.0
2020-03-05,2020030501003126,ALBSL,29,21,11,657.0,7227.0
2020-03-05,2020030501003125,ALBSL,29,55,11,657.0,7227.0
2020-03-05,2020030501003124,ALBSL,29,6,20,657.0,13140.0
2020-03-05,2020030501003123,ALBSL,14,6,20,657.0,13140.0
2020-03-05,2020030501003122,ALBSL,14,6,10,657.0,6570.0
2020-03-05,2020030501003469,ALICL,25,52,460,582.0,267720.0
2020-03-05,2020030501003460,ALICL,25,54,40,582.0,23280.0
2020-03-05,2020030501003416,ALICL,52,52,150,585.0,87750.0
2020-03-05,2020030501003302,ALICL,38,52,390,593.0,231270.0
2020-03-05,2020030501003301,ALICL,38,6,10,592.0,5920.0
2020-03-05,2020030501003300,ALICL,38,52,100,591.0,59100.0
2020-03-05,2020030501003218,ALICL,38,52,100,590.0,59000.0
2020-03-05,2020030501003242,API,13,42,18,130.0,2340.0
2020-03-05,2020030501003431,BARUN,41,14,10,92.0,920.0
2020-03-05,2020030501003254,BARUN,34,42,10,92.0,920.0
2020-03-05,2020030501003456,BOKL,32,6,502,251.0,126002.0
2020-03-05,2020030501003108,BPCL,52,21,11,356.0,3916.0
2020-03-05,2020030501003485,CBBL,17,58,12,1039.0,12468.0
2020-03-05,2020030501003260,CBBL,54,58,450,1050.0,472500.0
2020-03-05,2020030501003419,CBL,16,29,200,150.0,30000.0
2020-03-05,2020030501003418,CBL,16,29,874,150.0,131100.0
2020-03-05,2020030501003417,CBL,56,29,286,151.0,43186.0
2020-03-05,2020030501003361,CBL,56,49,250,151.0,37750.0
2020-03-05,2020030501003509,CCBL,33,14,96,187.0,17952.0
2020-03-05,2020030501003508,CCBL,33,42,87,187.0,16269.0
2020-03-05,2020030501003507,CCBL,33,28,116,187.0,21692.0
2020-03-05,2020030501003487,CCBL,44,59,300,187.0,56100.0
2020-03-05,2020030501003098,CCBL,32,11,250,189.0,47250.0
2020-03-05,2020030501003305,CHCL,34,42,100,409.0,40900.0
2020-03-05,2020030501003189,CHCL,10,10,20,412.0,8240.0
2020-03-05,2020030501003188,CHCL,10,28,261,412.0,107532.0
2020-03-05,2020030501003187,CHCL,10,28,105,412.0,43260.0
2020-03-05,2020030501003076,CHCL,3,28,1000,412.0,412000.0
2020-03-05,2020030501003053,CHCL,3,19,30,411.0,12330.0
2020-03-05,2020030501003410,CIT,18,25,300,2700.0,810000.0
2020-03-05,2020030501003409,CIT,18,22,155,2700.0,418500.0
2020-03-05,2020030501003215,CIT,43,56,30,2699.0,80970.0
2020-03-05,2020030501003353,CORBL,42,32,150,128.0,19200.0
2020-03-05,2020030501003304,CZBIL,13,41,107,208.0,22256.0
2020-03-05,2020030501003303,CZBIL,13,48,93,208.0,19344.0
2020-03-05,2020030501003425,DDBL,13,22,410,865.0,354650.0
2020-03-05,2020030501003424,DDBL,13,45,100,864.0,86400.0
2020-03-05,2020030501003423,DDBL,13,51,145,862.0,124990.0
2020-03-05,2020030501003372,DDBL,32,51,10,855.0,8550.0
2020-03-05,2020030501003172,DDBL,14,22,90,865.0,77850.0
2020-03-05,2020030501003171,DDBL,14,52,10,864.0,8640.0
2020-03-05,2020030501003100,DDBL,25,43,50,855.0,42750.0
2020-03-05,2020030501003096,DDBL,17,43,50,855.0,42750.0
2020-03-05,2020030501003349,DHPL,42,42,10,50.0,500.0
2020-03-05,2020030501003374,EIC,6,21,100,405.0,40500.0
2020-03-05,2020030501003373,EIC,21,21,200,405.0,81000.0
2020-03-05,2020030501003257,EIC,44,20,90,408.0,36720.0
2020-03-05,2020030501003174,EIC,21,58,50,409.0,20450.0
2020-03-05,2020030501003173,EIC,21,13,50,409.0,20450.0
2020-03-05,2020030501003115,EIC,44,13,50,409.0,20450.0
2020-03-05,2020030501003059,EIC,44,13,10,408.0,4080.0
2020-03-05,2020030501003524,FMDBL,48,39,17,510.0,8670.0
2020-03-05,2020030501003403,FMDBL,47,58,66,517.0,34122.0
2020-03-05,2020030501003402,FMDBL,47,7,500,515.0,257500.0
2020-03-05,2020030501003401,FMDBL,47,41,434,515.0,223510.0
2020-03-05,2020030501003400,FMDBL,47,43,200,514.0,102800.0
2020-03-05,2020030501003350,FMDBL,53,7,300,515.0,154500.0
2020-03-05,2020030501003296,FMDBL,48,52,353,510.0,180030.0
2020-03-05,2020030501003284,FMDBL,29,58,10,517.0,5170.0
2020-03-05,2020030501003244,FMDBL,48,35,30,510.0,15300.0
2020-03-05,2020030501003241,FMDBL,45,35,20,510.0,10200.0
2020-03-05,2020030501003240,FMDBL,45,47,80,510.0,40800.0
2020-03-05,2020030501003198,FMDBL,52,47,100,510.0,51000.0
2020-03-05,2020030501003488,FOWAD,43,33,200,1480.0,296000.0
2020-03-05,2020030501003369,FOWAD,43,42,19,1480.0,28120.0
2020-03-05,2020030501003517,GBBL,33,32,142,246.0,34932.0
2020-03-05,2020030501003380,GBBL,39,36,20,248.0,4960.0
2020-03-05,2020030501003313,GBBL,33,19,161,246.0,39606.0
2020-03-05,2020030501003261,GBBL,57,49,249,245.0,61005.0
2020-03-05,2020030501003250,GBBL,25,47,500,242.0,121000.0
2020-03-05,2020030501003049,GBBL,25,49,500,245.0,122500.0
2020-03-05,2020030501003451,GBIME,4,4,10000,290.0,2900000.0
2020-03-05,2020030501003446,GBIME,51,42,4000,286.0,1144000.0
2020-03-05,2020030501003445,GBIME,58,42,3000,286.0,858000.0
2020-03-05,2020030501003412,GBIME,39,42,127,286.0,36322.0
2020-03-05,2020030501003333,GBIME,47,49,100,287.0,28700.0
2020-03-05,2020030501003332,GBIME,28,49,1000,287.0,287000.0
2020-03-05,2020030501003331,GBIME,56,49,1000,287.0,287000.0
2020-03-05,2020030501003330,GBIME,28,49,466,287.0,133742.0
2020-03-05,2020030501003329,GBIME,59,49,100,288.0,28800.0
2020-03-05,2020030501003328,GBIME,1,49,500,288.0,144000.0
2020-03-05,2020030501003150,GBIME,33,6,100,289.0,28900.0
2020-03-05,2020030501003399,GBLBS,52,46,60,503.0,30180.0
2020-03-05,2020030501003289,GBLBS,52,46,440,503.0,221320.0
2020-03-05,2020030501003288,GBLBS,52,6,100,503.0,50300.0
2020-03-05,2020030501003287,GBLBS,52,56,500,499.0,249500.0
2020-03-05,2020030501003286,GBLBS,52,55,250,494.0,123500.0
2020-03-05,2020030501003285,GBLBS,52,13,10,494.0,4940.0
2020-03-05,2020030501003279,GLBSL,17,45,100,650.0,65000.0
2020-03-05,2020030501003522,GLICL,38,49,10,487.0,4870.0
2020-03-05,2020030501003520,GLICL,38,39,10,487.0,4870.0
2020-03-05,2020030501003519,GLICL,38,39,90,487.0,43830.0
2020-03-05,2020030501003483,GLICL,48,44,121,488.0,59048.0
2020-03-05,2020030501003481,GLICL,48,42,49,488.0,23912.0
2020-03-05,2020030501003477,GLICL,48,39,80,488.0,39040.0
2020-03-05,2020030501003220,GLICL,34,38,100,495.0,49500.0
2020-03-05,2020030501003133,GLICL,35,52,55,494.0,27170.0
2020-03-05,2020030501003074,GLICL,47,52,500,494.0,247000.0
2020-03-05,2020030501003045,GLICL,46,52,100,494.0,49400.0
2020-03-05,2020030501003038,GLICL,40,52,100,494.0,49400.0
2020-03-05,2020030501003340,GLICL,32,39,50,493.0,24650.0
2020-03-05,2020030501003253,GLICL,32,43,20,493.0,9860.0
2020-03-05,2020030501003239,GLICL,17,39,100,494.0,49400.0
2020-03-05,2020030501003223,GLICL,17,38,100,494.0,49400.0
2020-03-05,2020030501003222,GLICL,38,38,50,494.0,24700.0
2020-03-05,2020030501003221,GLICL,35,38,45,494.0,22230.0
2020-03-05,2020030501003414,GLICL,49,39,85,490.0,41650.0
2020-03-05,2020030501003413,GLICL,57,39,15,490.0,7350.0
2020-03-05,2020030501003378,GLICL,57,16,385,490.0,188650.0
2020-03-05,2020030501003377,GLICL,16,16,50,491.0,24550.0
2020-03-05,2020030501003376,GLICL,35,16,50,492.0,24600.0
2020-03-05,2020030501003360,GLICL,32,49,10,493.0,4930.0
2020-03-05,2020030501003476,GLICL,38,39,20,488.0,9760.0
2020-03-05,2020030501003449,GLICL,1,38,100,490.0,49000.0
2020-03-05,2020030501003448,GLICL,13,38,50,490.0,24500.0
2020-03-05,2020030501003447,GLICL,49,38,715,490.0,350350.0
2020-03-05,2020030501003444,GLICL,49,39,100,490.0,49000.0
2020-03-05,2020030501003434,GLICL,49,45,100,490.0,49000.0
2020-03-05,2020030501003473,GMFIL,45,25,62,138.0,8556.0
2020-03-05,2020030501003310,GMFIL,45,35,910,138.0,125580.0
2020-03-05,2020030501003309,GMFIL,45,35,90,139.0,12510.0
2020-03-05,2020030501003347,HDL,41,48,100,1644.0,164400.0
2020-03-05,2020030501003346,HDL,41,33,100,1643.0,164300.0
2020-03-05,2020030501003297,HDL,25,14,100,1616.0,161600.0
2020-03-05,2020030501003247,HDL,46,48,200,1630.0,326000.0
2020-03-05,2020030501003246,HDL,21,48,50,1635.0,81750.0
2020-03-05,2020030501003226,HDL,38,49,330,1645.0,542850.0
2020-03-05,2020030501003095,HDL,8,14,25,1651.0,41275.0
2020-03-05,2020030501003094,HDL,8,52,75,1651.0,123825.0
2020-03-05,2020030501003092,HDL,39,52,25,1651.0,41275.0
2020-03-05,2020030501003091,HDL,39,41,100,1650.0,165000.0
2020-03-05,2020030501003067,HDL,39,52,100,1651.0,165100.0
2020-03-05,2020030501003052,HDL,38,48,165,1649.0,272085.0
2020-03-05,2020030501003140,HDL,8,48,200,1651.0,330200.0
2020-03-05,2020030501003107,HDL,47,48,195,1670.0,325650.0
2020-03-05,2020030501003106,HDL,47,25,105,1667.0,175035.0
2020-03-05,2020030501003105,HDL,47,4,100,1666.0,166600.0
2020-03-05,2020030501003104,HDL,47,48,200,1660.0,332000.0
2020-03-05,2020030501003103,HDL,8,45,20,1651.0,33020.0
2020-03-05,2020030501003211,HDL,44,52,75,1649.0,123675.0
2020-03-05,2020030501003203,HDL,44,45,25,1649.0,41225.0
2020-03-05,2020030501003182,HDL,52,48,125,1650.0,206250.0
2020-03-05,2020030501003181,HDL,25,48,100,1651.0,165100.0
2020-03-05,2020030501003159,HDL,25,48,100,1651.0,165100.0
2020-03-05,2020030501003158,HDL,8,48,100,1651.0,165100.0
2020-03-05,2020030501003117,HGI,16,26,167,409.0,68303.0
2020-03-05,2020030501003116,HGI,16,48,50,409.0,20450.0
2020-03-05,2020030501003518,IGI,46,40,200,428.0,85600.0
2020-03-05,2020030501003266,ILBS,57,42,150,745.0,111750.0
2020-03-05,2020030501003265,ILBS,57,38,10,744.0,7440.0
2020-03-05,2020030501003264,ILBS,57,48,10,740.0,7400.0
2020-03-05,2020030501003263,ILBS,57,5,10,740.0,7400.0
2020-03-05,2020030501003262,ILBS,57,21,20,738.0,14760.0
2020-03-05,2020030501003231,ILBS,57,48,10,735.0,7350.0
2020-03-05,2020030501003044,ILBS,49,51,10,727.0,7270.0
2020-03-05,2020030501003043,ILBS,49,42,10,727.0,7270.0
2020-03-05,2020030501003042,ILBS,49,50,10,725.0,7250.0
2020-03-05,2020030501003514,KBL,56,50,1600,213.0,340800.0
2020-03-05,2020030501003411,KBL,56,57,200,213.0,42600.0
2020-03-05,2020030501003382,KBL,56,34,200,213.0,42600.0
2020-03-05,2020030501003267,KBL,49,45,200,215.0,43000.0
2020-03-05,2020030501003238,KBL,56,18,282,214.0,60348.0
2020-03-05,2020030501003210,KBL,56,18,718,214.0,153652.0
2020-03-05,2020030501003209,KBL,56,14,500,214.0,107000.0
2020-03-05,2020030501003208,KBL,56,39,22,213.0,4686.0
2020-03-05,2020030501003207,KBL,56,14,1500,213.0,319500.0
2020-03-05,2020030501003206,KBL,56,50,260,213.0,55380.0
2020-03-05,2020030501003121,KBL,29,50,100,213.0,21300.0
2020-03-05,2020030501003120,KBL,42,50,140,213.0,29820.0
2020-03-05,2020030501003523,KPCL,11,14,10,106.0,1060.0
2020-03-05,2020030501003505,LBBL,53,25,100,195.0,19500.0
2020-03-05,2020030501003191,LBBL,57,51,300,192.0,57600.0
2020-03-05,2020030501003322,LBBL,22,32,234,194.0,45396.0
2020-03-05,2020030501003321,LBBL,22,11,74,194.0,14356.0
2020-03-05,2020030501003256,LBBL,28,51,1400,192.0,268800.0
2020-03-05,2020030501003224,LBBL,55,51,300,192.0,57600.0
2020-03-05,2020030501003214,LBBL,51,51,1000,192.0,192000.0
2020-03-05,2020030501003176,LBL,13,41,150,233.0,34950.0
2020-03-05,2020030501003175,LBL,29,41,50,233.0,11650.0
2020-03-05,2020030501003527,LGIL,51,4,21,499.0,10479.0
2020-03-05,2020030501003528,MBL,56,32,311,251.0,78061.0
2020-03-05,2020030501003462,MBL,11,32,100,252.0,25200.0
2020-03-05,2020030501003461,MBL,56,32,1710,252.0,430920.0
2020-03-05,2020030501003432,MBL,56,25,290,252.0,73080.0
2020-03-05,2020030501003073,MDB,43,56,58,449.0,26042.0
2020-03-05,2020030501003501,MEGA,32,58,457,231.0,105567.0
2020-03-05,2020030501003500,MEGA,49,58,100,231.0,23100.0
2020-03-05,2020030501003499,MEGA,51,58,354,231.0,81774.0
2020-03-05,2020030501003498,MEGA,58,58,89,232.0,20648.0
2020-03-05,2020030501003386,MEGA,58,50,700,232.0,162400.0
2020-03-05,2020030501003345,MEGA,58,50,211,232.0,48952.0
2020-03-05,2020030501003051,MEGA,1,37,300,237.0,71100.0
2020-03-05,2020030501003145,MEGA,33,28,148,235.0,34780.0
2020-03-05,2020030501003144,MEGA,22,28,122,237.0,28914.0
2020-03-05,2020030501003119,MEGA,1,28,500,238.0,119000.0
2020-03-05,2020030501003102,MEGA,22,4,78,237.0,18486.0
2020-03-05,2020030501003072,MEGA,22,48,100,237.0,23700.0
2020-03-05,2020030501003323,MEGA,34,50,200,232.0,46400.0
2020-03-05,2020030501003283,MEGA,38,50,500,232.0,116000.0
2020-03-05,2020030501003282,MEGA,46,50,10,233.0,2330.0
2020-03-05,2020030501003156,MEGA,33,50,79,235.0,18565.0
2020-03-05,2020030501003307,MERO,45,58,84,655.0,55020.0
2020-03-05,2020030501003275,MERO,45,56,110,655.0,72050.0
2020-03-05,2020030501003274,MERO,45,41,299,655.0,195845.0
2020-03-05,2020030501003273,MERO,45,16,300,655.0,196500.0
2020-03-05,2020030501003272,MERO,45,6,401,655.0,262655.0
2020-03-05,2020030501003271,MERO,45,32,493,654.0,322422.0
2020-03-05,2020030501003270,MERO,45,34,13,654.0,8502.0
2020-03-05,2020030501003269,MERO,45,22,300,653.0,195900.0
2020-03-05,2020030501003443,MFIL,16,21,400,299.0,119600.0
2020-03-05,2020030501003442,MFIL,49,21,100,300.0,30000.0
2020-03-05,2020030501003405,MFIL,33,53,147,304.0,44688.0
2020-03-05,2020030501003404,MFIL,33,6,153,303.0,46359.0
2020-03-05,2020030501003311,MFIL,55,1,500,304.0,152000.0
2020-03-05,2020030501003219,MLBL,21,6,10,223.0,2230.0
2020-03-05,2020030501003071,MLBL,21,42,94,219.0,20586.0
2020-03-05,2020030501003070,MLBL,21,42,10,219.0,2190.0
2020-03-05,2020030501003439,MNBBL,16,56,30,333.0,9990.0
2020-03-05,2020030501003392,MNBBL,56,19,1000,334.0,334000.0
2020-03-05,2020030501003391,MNBBL,6,19,200,335.0,67000.0
2020-03-05,2020030501003390,MNBBL,49,19,100,335.0,33500.0
2020-03-05,2020030501003389,MNBBL,21,19,500,336.0,168000.0
2020-03-05,2020030501003356,MNBBL,22,52,81,341.0,27621.0
2020-03-05,2020030501003388,MNBBL,37,19,1000,336.0,336000.0
2020-03-05,2020030501003387,MNBBL,58,19,131,340.0,44540.0
2020-03-05,2020030501003365,MNBBL,58,44,369,340.0,125460.0
2020-03-05,2020030501003364,MNBBL,46,44,500,340.0,170000.0
2020-03-05,2020030501003363,MNBBL,17,44,131,341.0,44671.0
2020-03-05,2020030501003357,MNBBL,17,52,19,341.0,6479.0
2020-03-05,2020030501003233,MSMBS,5,48,12,740.0,8880.0
2020-03-05,2020030501003177,MSMBS,14,48,10,740.0,7400.0
2020-03-05,2020030501003147,MSMBS,5,42,11,735.0,8085.0
2020-03-05,2020030501003502,NABIL,6,14,100,840.0,84000.0
2020-03-05,2020030501003491,NABIL,6,25,100,840.0,84000.0
2020-03-05,2020030501003475,NABIL,6,14,200,840.0,168000.0
2020-03-05,2020030501003430,NABIL,48,58,195,847.0,165165.0
2020-03-05,2020030501003342,NABIL,42,34,30,848.0,25440.0
2020-03-05,2020030501003075,NABIL,20,34,38,850.0,32300.0
2020-03-05,2020030501003099,NADEP,5,17,23,685.0,15755.0
2020-03-05,2020030501003525,NBB,57,25,291,227.0,66057.0
2020-03-05,2020030501003490,NBB,57,50,409,227.0,92843.0
2020-03-05,2020030501003459,NBB,16,34,10,229.0,2290.0
2020-03-05,2020030501003458,NBB,56,34,700,229.0,160300.0
2020-03-05,2020030501003438,NBB,56,45,500,229.0,114500.0
2020-03-05,2020030501003415,NBB,56,45,500,229.0,114500.0
2020-03-05,2020030501003381,NBB,6,25,100,231.0,23100.0
2020-03-05,2020030501003258,NBB,6,14,300,232.0,69600.0
2020-03-05,2020030501003141,NBB,56,55,300,229.0,68700.0
2020-03-05,2020030501003408,NBL,52,49,1000,286.0,286000.0
2020-03-05,2020030501003407,NBL,47,49,100,286.0,28600.0
2020-03-05,2020030501003406,NBL,43,49,410,286.0,117260.0
2020-03-05,2020030501003293,NBL,35,44,100,287.0,28700.0
2020-03-05,2020030501003292,NBL,32,44,450,287.0,129150.0
2020-03-05,2020030501003291,NBL,32,44,120,287.0,34440.0
2020-03-05,2020030501003127,NBL,32,4,580,287.0,166460.0
2020-03-05,2020030501003068,NBL,50,4,10,287.0,2870.0
2020-03-05,2020030501003195,NBL,56,53,100,288.0,28800.0
2020-03-05,2020030501003186,NBL,6,53,150,288.0,43200.0
2020-03-05,2020030501003185,NBL,6,32,150,288.0,43200.0
2020-03-05,2020030501003152,NBL,44,50,500,288.0,144000.0
2020-03-05,2020030501003151,NBL,44,32,500,288.0,144000.0
2020-03-05,2020030501003128,NBL,32,5,300,287.0,86100.0
2020-03-05,2020030501003327,NCCB,37,32,873,204.0,178092.0
2020-03-05,2020030501003278,NCCB,56,32,127,204.0,25908.0
2020-03-05,2020030501003248,NCCB,56,38,2000,204.0,408000.0
2020-03-05,2020030501003155,NCCB,56,28,350,204.0,71400.0
2020-03-05,2020030501003114,NCCB,56,38,400,205.0,82000.0
2020-03-05,2020030501003113,NCCB,56,33,10,205.0,2050.0
2020-03-05,2020030501003085,NCCB,56,38,997,204.0,203388.0
2020-03-05,2020030501003084,NCCB,56,52,199,204.0,40596.0
2020-03-05,2020030501003083,NCCB,56,32,436,204.0,88944.0
2020-03-05,2020030501003112,NCCB,56,41,1900,205.0,389500.0
2020-03-05,2020030501003111,NCCB,56,32,85,205.0,17425.0
2020-03-05,2020030501003110,NCCB,56,38,150,204.0,30600.0
2020-03-05,2020030501003088,NCCB,56,34,40,204.0,8160.0
2020-03-05,2020030501003087,NCCB,56,3,201,204.0,41004.0
2020-03-05,2020030501003086,NCCB,56,32,500,204.0,102000.0
2020-03-05,2020030501003398,NIB,56,33,2000,425.0,850000.0
2020-03-05,2020030501003397,NIB,56,32,140,425.0,59500.0
2020-03-05,2020030501003396,NIB,56,35,44,424.0,18656.0
2020-03-05,2020030501003395,NIB,56,49,131,424.0,55544.0
2020-03-05,2020030501003394,NIB,56,34,100,423.0,42300.0
2020-03-05,2020030501003216,NIB,11,34,100,423.0,42300.0
2020-03-05,2020030501003341,NIBLPF,11,42,253,8.4,2125.2
2020-03-05,2020030501003467,NICA,19,29,11,575.0,6325.0
2020-03-05,2020030501003202,NICA,33,6,300,580.0,174000.0
2020-03-05,2020030501003161,NICA,33,6,150,580.0,87000.0
2020-03-05,2020030501003160,NICA,33,16,50,580.0,29000.0
2020-03-05,2020030501003137,NICA,37,42,128,574.0,73472.0
2020-03-05,2020030501003136,NICA,48,42,49,575.0,28175.0
2020-03-05,2020030501003135,NICA,29,42,50,579.0,28950.0
2020-03-05,2020030501003037,NICA,49,21,633,579.0,366507.0
2020-03-05,2020030501003036,NICA,49,44,450,579.0,260550.0
2020-03-05,2020030501003169,NICL,5,52,500,471.0,235500.0
2020-03-05,2020030501003034,NICL,13,1,100,470.0,47000.0
2020-03-05,2020030501003033,NICL,13,52,100,470.0,47000.0
2020-03-05,2020030501003521,NIL,14,5,200,591.0,118200.0
2020-03-05,2020030501003516,NIL,14,59,300,591.0,177300.0
2020-03-05,2020030501003515,NIL,38,59,200,591.0,118200.0
2020-03-05,2020030501003504,NIL,36,3,100,592.0,59200.0
2020-03-05,2020030501003503,NIL,34,3,171,592.0,101232.0
2020-03-05,2020030501003474,NIL,34,51,100,592.0,59200.0
2020-03-05,2020030501003217,NIL,43,28,200,596.0,119200.0
2020-03-05,2020030501003212,NIL,43,49,300,596.0,178800.0
2020-03-05,2020030501003167,NIL,59,58,500,597.0,298500.0
2020-03-05,2020030501003435,NIL,34,55,229,592.0,135568.0
2020-03-05,2020030501003354,NIL,43,48,400,595.0,238000.0
2020-03-05,2020030501003348,NIL,36,48,20,595.0,11900.0
2020-03-05,2020030501003326,NIL,28,52,800,596.0,476800.0
2020-03-05,2020030501003320,NIL,28,36,200,596.0,119200.0
2020-03-05,2020030501003308,NIL,43,28,300,596.0,178800.0
2020-03-05,2020030501003472,NLBBL,21,37,20,750.0,15000.0
2020-03-05,2020030501003471,NLBBL,14,37,10,750.0,7500.0
2020-03-05,2020030501003315,NLBBL,14,55,100,750.0,75000.0
2020-03-05,2020030501003131,NLBBL,46,5,10,765.0,7650.0
2020-03-05,2020030501003457,NLIC,51,20,200,1248.0,249600.0
2020-03-05,2020030501003450,NLIC,28,29,200,1249.0,249800.0
2020-03-05,2020030501003428,NLIC,39,48,100,1250.0,125000.0
2020-03-05,2020030501003427,NLIC,39,58,262,1250.0,327500.0
2020-03-05,2020030501003359,NLIC,39,53,60,1248.0,74880.0
2020-03-05,2020030501003277,NLIC,33,16,65,1254.0,81510.0
2020-03-05,2020030501003139,NLIC,16,34,100,1250.0,125000.0
2020-03-05,2020030501003138,NLIC,41,34,50,1250.0,62500.0
2020-03-05,2020030501003047,NLIC,42,34,100,1257.0,125700.0
2020-03-05,2020030501003041,NLIC,52,34,53,1257.0,66621.0
2020-03-05,2020030501003040,NLIC,52,49,97,1256.0,121832.0
2020-03-05,2020030501003035,NLIC,47,49,50,1256.0,62800.0
2020-03-05,2020030501003276,NLIC,33,45,10,1253.0,12530.0
2020-03-05,2020030501003230,NLIC,44,16,55,1248.0,68640.0
2020-03-05,2020030501003229,NLIC,28,16,160,1248.0,199680.0
2020-03-05,2020030501003228,NLIC,58,16,300,1249.0,374700.0
2020-03-05,2020030501003227,NLIC,11,16,50,1250.0,62500.0
2020-03-05,2020030501003200,NLIC,57,58,50,1255.0,62750.0
2020-03-05,2020030501003384,NLICL,41,41,200,719.0,143800.0
2020-03-05,2020030501003339,NLICL,36,41,200,711.0,142200.0
2020-03-05,2020030501003338,NLICL,35,41,168,712.0,119616.0
2020-03-05,2020030501003337,NLICL,7,41,57,714.0,40698.0
2020-03-05,2020030501003268,NLICL,34,28,50,715.0,35750.0
2020-03-05,2020030501003204,NLICL,7,1,143,714.0,102102.0
2020-03-05,2020030501003199,NLICL,51,1,100,714.0,71400.0
2020-03-05,2020030501003143,NLICL,44,1,107,714.0,76398.0
2020-03-05,2020030501003066,NLICL,35,49,32,712.0,22784.0
2020-03-05,2020030501003065,NLICL,29,49,200,713.0,142600.0
2020-03-05,2020030501003531,NMB,18,14,89,460.0,40940.0
2020-03-05,2020030501003530,NMB,47,14,814,460.0,374440.0
2020-03-05,2020030501003529,NMB,1,14,11,462.0,5082.0
2020-03-05,2020030501003466,NMB,1,57,89,462.0,41118.0
2020-03-05,2020030501003465,NMB,45,57,100,462.0,46200.0
2020-03-05,2020030501003368,NMB,35,45,1800,463.0,833400.0
2020-03-05,2020030501003184,NMB,45,59,360,470.0,169200.0
2020-03-05,2020030501003183,NMB,45,58,740,470.0,347800.0
2020-03-05,2020030501003166,NMB,41,34,32,466.0,14912.0
2020-03-05,2020030501003165,NMB,22,34,168,468.0,78624.0
2020-03-05,2020030501003048,NMB,22,21,132,468.0,61776.0
2020-03-05,2020030501003325,NMB,46,45,500,463.0,231500.0
2020-03-05,2020030501003324,NMB,21,45,200,464.0,92800.0
2020-03-05,2020030501003298,NMB,21,58,300,464.0,139200.0
2020-03-05,2020030501003194,NMB,14,4,1000,465.0,465000.0
2020-03-05,2020030501003193,NMB,57,4,1000,466.0,466000.0
2020-03-05,2020030501003192,NMB,41,4,468,466.0,218088.0
2020-03-05,2020030501003486,NMBHF1,47,10,100,9.71,971.0
2020-03-05,2020030501003379,NMBMF,25,34,20,799.0,15980.0
2020-03-05,2020030501003154,NMBMF,42,42,25,784.0,19600.0
2020-03-05,2020030501003153,NMBMF,41,42,16,795.0,12720.0
2020-03-05,2020030501003489,NMFBS,26,42,10,1669.0,16690.0
2020-03-05,2020030501003077,NMFBS,26,57,50,1669.0,83450.0
2020-03-05,2020030501003237,NUBL,47,17,100,999.0,99900.0
2020-03-05,2020030501003236,NUBL,47,17,100,999.0,99900.0
2020-03-05,2020030501003235,NUBL,47,22,500,999.0,499500.0
2020-03-05,2020030501003180,NUBL,47,13,96,980.0,94080.0
2020-03-05,2020030501003179,NUBL,47,45,60,980.0,58800.0
2020-03-05,2020030501003168,PCBL,56,42,243,303.0,73629.0
2020-03-05,2020030501003054,PFL,13,38,13,160.0,2080.0
2020-03-05,2020030501003355,PIC,5,5,500,625.0,312500.0
2020-03-05,2020030501003318,PIC,11,42,11,615.0,6765.0
2020-03-05,2020030501003057,PICL,51,34,194,478.0,92732.0
2020-03-05,2020030501003470,PLIC,53,52,50,600.0,30000.0
2020-03-05,2020030501003429,PLIC,43,22,120,601.0,72120.0
2020-03-05,2020030501003385,PLIC,43,22,380,601.0,228380.0
2020-03-05,2020030501003426,PRIN,37,49,12,453.0,5436.0
2020-03-05,2020030501003362,PRIN,37,6,43,453.0,19479.0
2020-03-05,2020030501003058,PRIN,45,6,157,453.0,71121.0
2020-03-05,2020030501003055,PRIN,45,45,43,453.0,19479.0
2020-03-05,2020030501003050,PRIN,29,6,100,450.0,45000.0
2020-03-05,2020030501003393,PRVU,38,28,100,258.0,25800.0
2020-03-05,2020030501003352,PRVU,43,54,30,260.0,7800.0
2020-03-05,2020030501003383,RBCL,51,20,10,10000.0,100000.0
2020-03-05,2020030501003190,RHPC,58,42,19,85.0,1615.0
2020-03-05,2020030501003056,RHPC,58,21,50,85.0,4250.0
2020-03-05,2020030501003351,RHPL,42,39,10,159.0,1590.0
2020-03-05,2020030501003196,RHPL,40,40,10,160.0,1600.0
2020-03-05,2020030501003142,RHPL,42,38,10,159.0,1590.0
2020-03-05,2020030501003130,RHPL,42,4,50,159.0,7950.0
2020-03-05,2020030501003097,RHPL,40,40,40,160.0,6400.0
2020-03-05,2020030501003063,RRHP,42,42,10,98.0,980.0
2020-03-05,2020030501003506,RSDC,39,41,100,490.0,49000.0
2020-03-05,2020030501003343,RSDC,53,21,84,489.0,41076.0
2020-03-05,2020030501003281,RSDC,37,41,50,498.0,24900.0
2020-03-05,2020030501003280,RSDC,37,22,30,497.0,14910.0
2020-03-05,2020030501003252,RSDC,37,41,115,489.0,56235.0
2020-03-05,2020030501003213,RSDC,36,42,63,481.0,30303.0
2020-03-05,2020030501003078,RSDC,44,39,37,483.0,17871.0
2020-03-05,2020030501003046,RSDC,44,42,63,483.0,30429.0
2020-03-05,2020030501003148,RSDC,41,39,78,480.0,37440.0
2020-03-05,2020030501003118,RSDC,41,39,100,480.0,48000.0
2020-03-05,2020030501003082,RSDC,17,39,50,481.0,24050.0
2020-03-05,2020030501003081,RSDC,50,39,50,481.0,24050.0
2020-03-05,2020030501003080,RSDC,50,39,100,481.0,48100.0
2020-03-05,2020030501003079,RSDC,7,39,250,482.0,120500.0
2020-03-05,2020030501003526,SANIMA,52,58,100,370.0,37000.0
2020-03-05,2020030501003468,SANIMA,49,35,200,367.0,73400.0
2020-03-05,2020030501003421,SANIMA,56,35,300,367.0,110100.0
2020-03-05,2020030501003420,SANIMA,44,35,500,367.0,183500.0
2020-03-05,2020030501003245,SANIMA,33,58,300,370.0,111000.0
2020-03-05,2020030501003197,SANIMA,44,54,237,369.0,87453.0
2020-03-05,2020030501003375,SBI,59,55,180,481.0,86580.0
2020-03-05,2020030501003178,SBL,59,18,400,336.0,134400.0
2020-03-05,2020030501003101,SBL,59,18,100,336.0,33600.0
2020-03-05,2020030501003482,SCB,35,49,25,698.0,17450.0
2020-03-05,2020030501003480,SCB,35,3,50,698.0,34900.0
2020-03-05,2020030501003464,SCB,35,29,400,698.0,279200.0
2020-03-05,2020030501003463,SCB,47,29,100,699.0,69900.0
2020-03-05,2020030501003455,SCB,42,49,20,700.0,14000.0
2020-03-05,2020030501003454,SCB,6,38,42,700.0,29400.0
2020-03-05,2020030501003453,SCB,45,38,190,700.0,133000.0
2020-03-05,2020030501003367,SCB,49,38,50,711.0,35550.0
2020-03-05,2020030501003366,SCB,45,38,10,715.0,7150.0
2020-03-05,2020030501003255,SCB,45,56,20,715.0,14300.0
2020-03-05,2020030501003232,SCB,45,42,20,715.0,14300.0
2020-03-05,2020030501003069,SDESI,14,42,11,929.0,10219.0
2020-03-05,2020030501003163,SHINE,38,13,100,304.0,30400.0
2020-03-05,2020030501003162,SHINE,38,4,1000,304.0,304000.0
2020-03-05,2020030501003497,SHIVM,56,48,500,600.0,300000.0
2020-03-05,2020030501003496,SHIVM,34,48,500,600.0,300000.0
2020-03-05,2020030501003495,SHIVM,51,48,100,600.0,60000.0
2020-03-05,2020030501003494,SHIVM,49,48,500,600.0,300000.0
2020-03-05,2020030501003493,SHIVM,58,48,100,601.0,60100.0
2020-03-05,2020030501003492,SHIVM,14,48,50,601.0,30050.0
2020-03-05,2020030501003344,SHIVM,42,36,500,610.0,305000.0
2020-03-05,2020030501003335,SHIVM,4,48,500,604.0,302000.0
2020-03-05,2020030501003334,SHIVM,7,48,200,605.0,121000.0
2020-03-05,2020030501003317,SHIVM,39,48,500,606.0,303000.0
2020-03-05,2020030501003316,SHIVM,51,48,100,606.0,60600.0
2020-03-05,2020030501003437,SHIVM,45,36,500,610.0,305000.0
2020-03-05,2020030501003436,SHIVM,45,52,500,609.0,304500.0
2020-03-05,2020030501003422,SHIVM,46,6,200,602.0,120400.0
2020-03-05,2020030501003371,SHIVM,42,36,1200,610.0,732000.0
2020-03-05,2020030501003370,SHIVM,42,16,500,609.0,304500.0
2020-03-05,2020030501003157,SHPC,49,38,39,215.0,8385.0
2020-03-05,2020030501003299,SICL,29,49,100,990.0,99000.0
2020-03-05,2020030501003295,SICL,59,49,280,990.0,277200.0
2020-03-05,2020030501003294,SICL,59,41,20,989.0,19780.0
2020-03-05,2020030501003032,SICL,34,55,220,989.0,217580.0
2020-03-05,2020030501003062,SICL,37,40,40,976.0,39040.0
2020-03-05,2020030501003061,SICL,42,40,100,976.0,97600.0
2020-03-05,2020030501003060,SICL,52,40,10,980.0,9800.0
2020-03-05,2020030501003251,SICL,7,41,30,989.0,29670.0
2020-03-05,2020030501003205,SINDU,43,43,100,130.0,13000.0
2020-03-05,2020030501003132,SJCL,58,21,20,153.0,3060.0
2020-03-05,2020030501003312,SJCL,58,39,10,153.0,1530.0
2020-03-05,2020030501003170,SJCL,58,38,20,153.0,3060.0
2020-03-05,2020030501003484,SKBBL,43,55,250,1122.0,280500.0
2020-03-05,2020030501003129,SLBBL,34,58,60,897.0,53820.0
2020-03-05,2020030501003093,SLBBL,34,58,40,897.0,35880.0
2020-03-05,2020030501003090,SLBBL,34,44,331,912.0,301872.0
2020-03-05,2020030501003089,SLBBL,34,39,100,897.0,89700.0
2020-03-05,2020030501003039,SLBBL,34,40,10,897.0,8970.0
2020-03-05,2020030501003479,SLICL,45,57,150,465.0,69750.0
2020-03-05,2020030501003478,SLICL,50,57,50,465.0,23250.0
2020-03-05,2020030501003441,SLICL,13,32,500,466.0,233000.0
2020-03-05,2020030501003440,SLICL,19,32,100,466.0,46600.0
2020-03-05,2020030501003109,SMATA,16,10,40,705.0,28200.0
2020-03-05,2020030501003314,SRBL,57,56,10,262.0,2620.0
2020-03-05,2020030501003249,SRBL,57,42,466,262.0,122092.0
2020-03-05,2020030501003513,UIC,39,29,100,388.0,38800.0
2020-03-05,2020030501003512,UIC,39,6,200,388.0,77600.0
2020-03-05,2020030501003511,UIC,39,14,10,387.0,3870.0
2020-03-05,2020030501003510,UIC,39,25,60,383.0,22980.0
2020-03-05,2020030501003290,UIC,52,25,100,383.0,38300.0
2020-03-05,2020030501003243,UIC,13,25,80,386.0,30880.0
2020-03-05,2020030501003164,UIC,13,41,20,386.0,7720.0
2020-03-05,2020030501003064,UIC,26,48,10,381.0,3810.0
2020-03-05,2020030501003234,UPPER,40,40,50,236.0,11800.0
2020-03-05,2020030501003149,UPPER,40,40,50,236.0,11800.0
2020-03-05,2020030501003336,VLBS,13,21,13,995.0,12935.0
2020-03-05,2020030501003452,VLBS,51,48,50,985.0,49250.0
2020-03-05,2020030501003259,WOMI,1,42,67,1000.0,67000.0
2020-03-05,2020030501003134,WOMI,51,33,10,1004.0,10040.0
2020-03-05,2020030501002905,ADBL,26,45,400,415.0,166000.0
2020-03-05,2020030501002831,ADBL,58,45,100,415.0,41500.0
2020-03-05,2020030501002827,ADBL,58,18,30,414.0,12420.0
2020-03-05,2020030501002787,ADBL,58,4,54,414.0,22356.0
2020-03-05,2020030501002730,ADBL,21,4,400,414.0,165600.0
2020-03-05,2020030501003025,ALICL,38,52,100,589.0,58900.0
2020-03-05,2020030501003024,ALICL,38,17,479,589.0,282131.0
2020-03-05,2020030501003023,ALICL,38,44,200,587.0,117400.0
2020-03-05,2020030501002883,ALICL,45,6,10,585.0,5850.0
2020-03-05,2020030501002882,ALICL,45,57,101,585.0,59085.0
2020-03-05,2020030501002832,ALICL,16,52,63,580.0,36540.0
2020-03-05,2020030501002807,ALICL,16,26,129,580.0,74820.0
2020-03-05,2020030501002806,ALICL,35,26,100,580.0,58000.0
2020-03-05,2020030501003013,API,42,19,925,130.0,120250.0
2020-03-05,2020030501003012,API,51,19,100,130.0,13000.0
2020-03-05,2020030501003011,API,55,19,1000,130.0,130000.0
2020-03-05,2020030501002547,API,16,58,500,129.0,64500.0
2020-03-05,2020030501002546,API,16,17,318,129.0,41022.0
2020-03-05,2020030501002545,API,16,26,30,128.0,3840.0
2020-03-05,2020030501003029,BFC,43,50,200,102.0,20400.0
2020-03-05,2020030501002960,BOKL,5,38,400,250.0,100000.0
2020-03-05,2020030501002936,BOKL,29,34,500,250.0,125000.0
2020-03-05,2020030501002556,BOKL,44,42,176,249.0,43824.0
2020-03-05,2020030501002917,BPCL,33,52,27,360.0,9720.0
2020-03-05,2020030501002871,BPCL,14,52,50,360.0,18000.0
2020-03-05,2020030501002870,BPCL,14,58,250,360.0,90000.0
2020-03-05,2020030501002731,BPCL,21,42,33,354.0,11682.0
2020-03-05,2020030501002973,CBBL,42,58,50,1050.0,52500.0
2020-03-05,2020030501002700,CBBL,33,42,300,1031.0,309300.0
2020-03-05,2020030501002548,CBL,11,29,100,153.0,15300.0
2020-03-05,2020030501002735,CCBL,14,11,500,189.0,94500.0
2020-03-05,2020030501002607,CCBL,25,11,10,189.0,1890.0
2020-03-05,2020030501002606,CCBL,25,42,200,188.0,37600.0
2020-03-05,2020030501002576,CCBL,25,6,1000,186.0,186000.0
2020-03-05,2020030501002575,CCBL,25,49,2316,186.0,430776.0
2020-03-05,2020030501002574,CCBL,25,50,53,186.0,9858.0
2020-03-05,2020030501002569,CCBL,13,49,10,186.0,1860.0
2020-03-05,2020030501002560,CHCL,22,42,86,403.0,34658.0
2020-03-05,2020030501002559,CHCL,26,42,100,404.0,40400.0
2020-03-05,2020030501002558,CHCL,13,42,39,408.0,15912.0
2020-03-05,2020030501002534,CHCL,13,42,36,408.0,14688.0
2020-03-05,2020030501002533,CHCL,11,42,100,408.0,40800.0
2020-03-05,2020030501002645,CZBIL,1,42,69,205.0,14145.0
2020-03-05,2020030501002584,CZBIL,4,42,500,205.0,102500.0
2020-03-05,2020030501002583,CZBIL,34,42,65,207.0,13455.0
2020-03-05,2020030501002566,CZBIL,34,38,20,207.0,4140.0
2020-03-05,2020030501002565,CZBIL,34,49,309,207.0,63963.0
2020-03-05,2020030501002564,CZBIL,34,10,179,207.0,37053.0
2020-03-05,2020030501002563,CZBIL,34,49,27,206.0,5562.0
2020-03-05,2020030501003027,DDBL,25,45,16,855.0,13680.0
2020-03-05,2020030501002997,DDBL,45,10,100,855.0,85500.0
2020-03-05,2020030501002989,DDBL,38,10,200,855.0,171000.0
2020-03-05,2020030501002920,DDBL,36,1,800,850.0,680000.0
2020-03-05,2020030501002919,DDBL,36,19,51,850.0,43350.0
2020-03-05,2020030501002894,DDBL,34,52,158,849.0,134142.0
2020-03-05,2020030501002893,DDBL,34,1,490,849.0,416010.0
2020-03-05,2020030501002887,DDBL,34,1,1000,849.0,849000.0
2020-03-05,2020030501002840,DDBL,52,45,70,848.0,59360.0
2020-03-05,2020030501002811,DDBL,34,45,430,848.0,364640.0
2020-03-05,2020030501002810,DDBL,34,45,50,848.0,42400.0
2020-03-05,2020030501002809,DDBL,34,45,320,845.0,270400.0
2020-03-05,2020030501002907,EBL,34,49,301,777.0,233877.0
2020-03-05,2020030501002906,EBL,34,45,10,770.0,7700.0
2020-03-05,2020030501002798,EBL,58,34,20,764.0,15280.0
2020-03-05,2020030501002716,EBL,40,34,10,764.0,7640.0
2020-03-05,2020030501002713,EBL,49,34,50,764.0,38200.0
2020-03-05,2020030501002702,EBL,26,34,100,764.0,76400.0
2020-03-05,2020030501002666,EBL,49,34,20,764.0,15280.0
2020-03-05,2020030501002785,EIC,1,1,200,405.0,81000.0
2020-03-05,2020030501002729,EIC,38,25,138,401.0,55338.0
2020-03-05,2020030501002712,EIC,1,25,50,401.0,20050.0
2020-03-05,2020030501002707,EIC,41,25,50,401.0,20050.0
2020-03-05,2020030501002706,EIC,38,25,12,401.0,4812.0
2020-03-05,2020030501002705,EIC,36,25,50,402.0,20100.0
2020-03-05,2020030501002704,EIC,1,25,100,405.0,40500.0
2020-03-05,2020030501002668,EIC,1,25,400,405.0,162000.0
2020-03-05,2020030501002667,EIC,50,25,100,405.0,40500.0
2020-03-05,2020030501002909,FMDBL,19,53,300,509.0,152700.0
2020-03-05,2020030501002874,FMDBL,41,26,41,508.0,20828.0
2020-03-05,2020030501002768,FMDBL,41,26,100,508.0,50800.0
2020-03-05,2020030501002767,FMDBL,41,57,58,508.0,29464.0
2020-03-05,2020030501002659,FMDBL,6,16,200,507.0,101400.0
2020-03-05,2020030501002570,FMDBL,51,14,70,499.0,34930.0
2020-03-05,2020030501002944,FOWAD,22,59,164,1493.0,244852.0
2020-03-05,2020030501002850,FOWAD,25,59,26,1493.0,38818.0
2020-03-05,2020030501002849,FOWAD,25,48,24,1485.0,35640.0
2020-03-05,2020030501002675,FOWAD,43,45,10,1480.0,14800.0
2020-03-05,2020030501002674,FOWAD,43,45,10,1480.0,14800.0
2020-03-05,2020030501002624,FOWAD,25,42,19,1465.0,27835.0
2020-03-05,2020030501002603,FOWAD,43,42,19,1460.0,27740.0
2020-03-05,2020030501003022,GBBL,39,26,63,244.0,15372.0
2020-03-05,2020030501003021,GBBL,39,19,500,244.0,122000.0
2020-03-05,2020030501002978,GBBL,45,19,13464,243.0,3271752.0
2020-03-05,2020030501002717,GBIME,28,59,200,289.0,57800.0
2020-03-05,2020030501002701,GBIME,41,34,110,290.0,31900.0
2020-03-05,2020030501002661,GBIME,41,34,581,290.0,168490.0
2020-03-05,2020030501002660,GBIME,41,54,260,288.0,74880.0
2020-03-05,2020030501002646,GBIME,18,54,100,288.0,28800.0
2020-03-05,2020030501002622,GBIME,28,42,281,287.0,80647.0
2020-03-05,2020030501002613,GBIME,28,44,253,287.0,72611.0
2020-03-05,2020030501002562,GBIME,33,44,4747,287.0,1362389.0
2020-03-05,2020030501002557,GBIME,41,54,100,288.0,28800.0
2020-03-05,2020030501002848,GBLBS,36,13,490,494.0,242060.0
2020-03-05,2020030501002847,GBLBS,36,49,10,493.0,4930.0
2020-03-05,2020030501002852,GILB,37,57,30,1339.0,40170.0
2020-03-05,2020030501003010,GLICL,32,55,120,493.0,59160.0
2020-03-05,2020030501002991,GLICL,57,55,200,493.0,98600.0
2020-03-05,2020030501002987,GLICL,38,55,100,493.0,49300.0
2020-03-05,2020030501002955,GLICL,38,55,80,493.0,39440.0
2020-03-05,2020030501002954,GLICL,38,39,90,493.0,44370.0
2020-03-05,2020030501002884,GLICL,59,39,10,493.0,4930.0
2020-03-05,2020030501002642,GLICL,39,41,20,485.0,9700.0
2020-03-05,2020030501002536,GLICL,47,41,150,485.0,72750.0
2020-03-05,2020030501002535,GLICL,47,48,150,485.0,72750.0
2020-03-05,2020030501002753,GLICL,41,32,15,485.0,7275.0
2020-03-05,2020030501002752,GLICL,39,32,70,487.0,34090.0
2020-03-05,2020030501002694,GLICL,6,26,200,488.0,97600.0
2020-03-05,2020030501002673,GLICL,26,50,50,488.0,24400.0
2020-03-05,2020030501002663,GLICL,54,50,50,488.0,24400.0
2020-03-05,2020030501002643,GLICL,39,48,10,485.0,4850.0
2020-03-05,2020030501002996,GMFBS,28,42,10,796.0,7960.0
2020-03-05,2020030501002995,GMFBS,28,22,100,795.0,79500.0
2020-03-05,2020030501002994,GMFBS,28,4,10,795.0,7950.0
2020-03-05,2020030501002662,HBL,44,56,500,618.0,309000.0
2020-03-05,2020030501002640,HBL,44,25,100,617.0,61700.0
2020-03-05,2020030501002620,HBL,44,56,296,610.0,180560.0
2020-03-05,2020030501002619,HBL,44,32,200,610.0,122000.0
2020-03-05,2020030501003005,HDL,25,48,35,1649.0,57715.0
2020-03-05,2020030501002974,HDL,38,41,170,1644.0,279480.0
2020-03-05,2020030501002943,HDL,39,48,100,1643.0,164300.0
2020-03-05,2020030501002930,HDL,16,41,100,1644.0,164400.0
2020-03-05,2020030501002908,HDL,57,25,100,1643.0,164300.0
2020-03-05,2020030501002898,HDL,39,58,20,1640.0,32800.0
2020-03-05,2020030501002897,HDL,39,21,150,1640.0,246000.0
2020-03-05,2020030501002788,HDL,25,10,100,1635.0,163500.0
2020-03-05,2020030501002684,HDL,49,25,75,1635.0,122625.0
2020-03-05,2020030501002594,HDL,57,55,100,1634.0,163400.0
2020-03-05,2020030501002999,HIDCL,48,21,11,137.0,1507.0
2020-03-05,2020030501002664,HIDCL,48,42,31,137.0,4247.0
2020-03-05,2020030501002586,HIDCL,48,42,31,137.0,4247.0
2020-03-05,2020030501002550,HIDCL,48,38,63,137.0,8631.0
2020-03-05,2020030501002946,HURJA,16,49,20,100.0,2000.0
2020-03-05,2020030501002934,IGI,52,21,420,435.0,182700.0
2020-03-05,2020030501002799,IGI,14,13,100,424.0,42400.0
2020-03-05,2020030501002783,IGI,53,13,100,424.0,42400.0
2020-03-05,2020030501002889,IGI,52,11,35,428.0,14980.0
2020-03-05,2020030501002888,IGI,52,33,50,428.0,21400.0
2020-03-05,2020030501002816,IGI,41,17,1000,425.0,425000.0
2020-03-05,2020030501002879,JBBL,49,10,12,194.0,2328.0
2020-03-05,2020030501002672,JBBL,21,38,16,191.0,3056.0
2020-03-05,2020030501002952,JSLBB,48,40,25,1476.0,36900.0
2020-03-05,2020030501002764,JSLBB,37,48,40,1495.0,59800.0
2020-03-05,2020030501002648,JSLBB,39,48,32,1475.0,47200.0
2020-03-05,2020030501002699,KBL,32,42,57,211.0,12027.0
2020-03-05,2020030501002965,KMCDB,38,38,50,854.0,42700.0
2020-03-05,2020030501002926,KMCDB,7,38,50,854.0,42700.0
2020-03-05,2020030501002703,KMCDB,17,41,10,855.0,8550.0
2020-03-05,2020030501003009,KPCL,11,42,10,108.0,1080.0
2020-03-05,2020030501002962,KRBL,37,42,180,107.0,19260.0
2020-03-05,2020030501002961,KRBL,34,42,20,107.0,2140.0
2020-03-05,2020030501002749,KSBBL,47,42,59,165.0,9735.0
2020-03-05,2020030501002748,KSBBL,54,42,300,166.0,49800.0
2020-03-05,2020030501002863,LBBL,42,19,4954,190.0,941260.0
2020-03-05,2020030501002857,LBBL,57,19,500,190.0,95000.0
2020-03-05,2020030501002826,LBBL,42,19,5000,190.0,950000.0
2020-03-05,2020030501002549,LBBL,26,33,37,190.0,7030.0
2020-03-05,2020030501002655,LBBL,6,19,500,190.0,95000.0
2020-03-05,2020030501002654,LBBL,59,19,100,190.0,19000.0
2020-03-05,2020030501002653,LBBL,26,19,177,190.0,33630.0
2020-03-05,2020030501002656,LBBL,4,19,40,190.0,7600.0
2020-03-05,2020030501002855,LBL,14,56,250,233.0,58250.0
2020-03-05,2020030501002618,LGIL,5,33,150,490.0,73500.0
2020-03-05,2020030501002617,LGIL,5,42,100,490.0,49000.0
2020-03-05,2020030501002616,LGIL,5,16,500,490.0,245000.0
2020-03-05,2020030501002599,LGIL,29,5,10,484.0,4840.0
2020-03-05,2020030501002947,LICN,25,40,50,1510.0,75500.0
2020-03-05,2020030501002911,LLBS,21,42,27,1050.0,28350.0
2020-03-05,2020030501002910,LLBS,21,42,27,1037.0,27999.0
2020-03-05,2020030501002985,MBL,22,51,850,254.0,215900.0
2020-03-05,2020030501002950,MBL,19,51,300,254.0,76200.0
2020-03-05,2020030501002949,MBL,19,47,200,253.0,50600.0
2020-03-05,2020030501002904,MBL,56,26,200,253.0,50600.0
2020-03-05,2020030501002892,MBL,56,58,290,252.0,73080.0
2020-03-05,2020030501002854,MBL,56,32,2000,251.0,502000.0
2020-03-05,2020030501002853,MBL,56,13,189,250.0,47250.0
2020-03-05,2020030501002651,MDB,40,28,570,449.0,255930.0
2020-03-05,2020030501002650,MDB,40,38,130,449.0,58370.0
2020-03-05,2020030501002649,MDB,40,39,90,448.0,40320.0
2020-03-05,2020030501003026,MEGA,33,42,73,235.0,17155.0
2020-03-05,2020030501002959,MEGA,52,58,1018,236.0,240248.0
2020-03-05,2020030501002958,MEGA,52,45,335,236.0,79060.0
2020-03-05,2020030501002957,MEGA,52,34,200,236.0,47200.0
2020-03-05,2020030501002945,MEGA,33,52,300,235.0,70500.0
2020-03-05,2020030501002938,MEGA,36,52,300,235.0,70500.0
2020-03-05,2020030501002903,MEGA,36,52,300,235.0,70500.0
2020-03-05,2020030501002844,MEGA,52,52,100,235.0,23500.0
2020-03-05,2020030501002817,MEGA,51,42,46,231.0,10626.0
2020-03-05,2020030501002761,MEGA,5,49,100,235.0,23500.0
2020-03-05,2020030501002760,MEGA,5,38,30,232.0,6960.0
2020-03-05,2020030501002966,MERO,25,58,40,653.0,26120.0
2020-03-05,2020030501002836,MERO,57,42,42,643.0,27006.0
2020-03-05,2020030501002772,MERO,26,58,22,652.0,14344.0
2020-03-05,2020030501002671,MERO,1,21,40,650.0,26000.0
2020-03-05,2020030501002670,MERO,1,49,42,650.0,27300.0
2020-03-05,2020030501002604,MERO,1,3,43,649.0,27907.0
2020-03-05,2020030501002856,MFIL,33,42,30,305.0,9150.0
2020-03-05,2020030501002784,MFIL,57,21,50,300.0,15000.0
2020-03-05,2020030501002626,MFIL,43,47,10,306.0,3060.0
2020-03-05,2020030501003031,MNBBL,22,40,419,341.0,142879.0
2020-03-05,2020030501003030,MNBBL,35,40,81,342.0,27702.0
2020-03-05,2020030501003017,MNBBL,35,10,19,342.0,6498.0
2020-03-05,2020030501002598,MNBBL,18,45,80,346.0,27680.0
2020-03-05,2020030501002597,MNBBL,18,58,20,345.0,6900.0
2020-03-05,2020030501002573,MNBBL,53,58,30,345.0,10350.0
2020-03-05,2020030501002758,MNBBL,40,41,156,346.0,53976.0
2020-03-05,2020030501002757,MNBBL,40,45,344,346.0,119024.0
2020-03-05,2020030501002737,MNBBL,25,45,175,346.0,60550.0
2020-03-05,2020030501002727,MNBBL,46,59,200,342.0,68400.0
2020-03-05,2020030501002726,MNBBL,46,59,150,343.0,51450.0
2020-03-05,2020030501002979,MSMBS,5,42,11,735.0,8085.0
2020-03-05,2020030501002595,MSMBS,25,42,22,750.0,16500.0
2020-03-05,2020030501003020,NABIL,16,41,76,852.0,64752.0
2020-03-05,2020030501003019,NABIL,16,41,74,852.0,63048.0
2020-03-05,2020030501003006,NABIL,20,40,12,850.0,10200.0
2020-03-05,2020030501002998,NABIL,48,14,100,847.0,84700.0
2020-03-05,2020030501002977,NABIL,3,41,70,852.0,59640.0
2020-03-05,2020030501002878,NABIL,48,32,205,847.0,173635.0
2020-03-05,2020030501002542,NABIL,16,51,19,840.0,15960.0
2020-03-05,2020030501002541,NABIL,16,40,31,840.0,26040.0
2020-03-05,2020030501002741,NABIL,34,32,414,840.0,347760.0
2020-03-05,2020030501002740,NABIL,34,41,350,840.0,294000.0
2020-03-05,2020030501002739,NABIL,34,51,81,840.0,68040.0
2020-03-05,2020030501002738,NABIL,34,14,100,839.0,83900.0
2020-03-05,2020030501002555,NABIL,46,26,68,830.0,56440.0
2020-03-05,2020030501002554,NABIL,49,26,88,836.0,73568.0
2020-03-05,2020030501002875,NABIL,33,33,1500,835.0,1252500.0
2020-03-05,2020030501002771,NABIL,34,32,390,847.0,330330.0
2020-03-05,2020030501002770,NABIL,34,41,10,846.0,8460.0
2020-03-05,2020030501002769,NABIL,34,50,100,846.0,84600.0
2020-03-05,2020030501002743,NABIL,34,1,100,840.0,84000.0
2020-03-05,2020030501002742,NABIL,34,7,500,840.0,420000.0
2020-03-05,2020030501002953,NADEP,44,38,13,674.0,8762.0
2020-03-05,2020030501002858,NADEP,5,38,10,674.0,6740.0
2020-03-05,2020030501002972,NBB,29,6,100,233.0,23300.0
2020-03-05,2020030501002931,NBB,29,7,200,233.0,46600.0
2020-03-05,2020030501002790,NBB,29,5,50,233.0,11650.0
2020-03-05,2020030501002789,NBB,29,47,200,233.0,46600.0
2020-03-05,2020030501002725,NBB,56,35,1000,230.0,230000.0
2020-03-05,2020030501002724,NBB,56,52,100,230.0,23000.0
2020-03-05,2020030501002658,NBB,38,41,200,229.0,45800.0
2020-03-05,2020030501002723,NBB,56,51,100,230.0,23000.0
2020-03-05,2020030501002722,NBB,56,32,1000,230.0,230000.0
2020-03-05,2020030501002721,NBB,56,58,300,230.0,69000.0
2020-03-05,2020030501002625,NBF2,26,26,400,8.81,3524.0
2020-03-05,2020030501002902,NBL,43,4,410,287.0,117670.0
2020-03-05,2020030501002901,NBL,43,4,90,287.0,25830.0
2020-03-05,2020030501002845,NBL,43,10,90,286.0,25740.0
2020-03-05,2020030501002641,NBL,28,4,100,287.0,28700.0
2020-03-05,2020030501002605,NBL,28,4,300,287.0,86100.0
2020-03-05,2020030501002588,NBL,10,44,1750,286.0,500500.0
2020-03-05,2020030501002579,NBL,11,44,250,286.0,71500.0
2020-03-05,2020030501002538,NBL,43,41,170,285.0,48450.0
2020-03-05,2020030501002867,NCCB,17,32,64,204.0,13056.0
2020-03-05,2020030501002866,NCCB,17,38,86,204.0,17544.0
2020-03-05,2020030501002647,NHPC,36,38,90,60.0,5400.0
2020-03-05,2020030501002828,NIB,55,34,100,425.0,42500.0
2020-03-05,2020030501002685,NIB,17,45,48,420.0,20160.0
2020-03-05,2020030501002682,NIB,29,56,500,424.0,212000.0
2020-03-05,2020030501002681,NIB,29,38,17,423.0,7191.0
2020-03-05,2020030501002680,NIB,29,29,50,422.0,21100.0
2020-03-05,2020030501002532,NIB,56,44,715,420.0,300300.0
2020-03-05,2020030501003008,NICA,49,19,300,578.0,173400.0
2020-03-05,2020030501002942,NICA,48,37,51,575.0,29325.0
2020-03-05,2020030501002941,NICA,56,37,70,575.0,40250.0
2020-03-05,2020030501002940,NICA,56,37,30,575.0,17250.0
2020-03-05,2020030501002939,NICA,44,37,149,576.0,85824.0
2020-03-05,2020030501002891,NICA,44,42,151,576.0,86976.0
2020-03-05,2020030501002885,NICA,49,44,50,579.0,28950.0
2020-03-05,2020030501002837,NICA,1,44,400,579.0,231600.0
2020-03-05,2020030501002808,NICA,8,44,200,579.0,115800.0
2020-03-05,2020030501002762,NICA,1,44,500,579.0,289500.0
2020-03-05,2020030501002734,NICA,51,44,300,579.0,173700.0
2020-03-05,2020030501002719,NICA,46,44,10,579.0,5790.0
2020-03-05,2020030501003002,NICL,49,22,230,463.0,106490.0
2020-03-05,2020030501002801,NICL,52,52,200,462.0,92400.0
2020-03-05,2020030501002800,NICL,52,47,215,461.0,99115.0
2020-03-05,2020030501002776,NICL,52,52,100,460.0,46000.0
2020-03-05,2020030501002775,NICL,52,17,100,460.0,46000.0
2020-03-05,2020030501002774,NICL,52,1,100,460.0,46000.0
2020-03-05,2020030501002629,NICL,13,41,431,456.0,196536.0
2020-03-05,2020030501002628,NICL,13,48,1440,456.0,656640.0
2020-03-05,2020030501002593,NICL,51,17,1000,455.0,455000.0
2020-03-05,2020030501002581,NICL,13,32,100,454.0,45400.0
2020-03-05,2020030501002868,NIL,36,58,180,595.0,107100.0
2020-03-05,2020030501002830,NIL,53,58,100,595.0,59500.0
2020-03-05,2020030501002829,NIL,58,58,100,595.0,59500.0
2020-03-05,2020030501002822,NIL,38,58,100,595.0,59500.0
2020-03-05,2020030501002696,NIL,6,58,20,595.0,11900.0
2020-03-05,2020030501002568,NLBBL,14,32,90,750.0,67500.0
2020-03-05,2020030501002690,NLG,29,40,200,637.0,127400.0
2020-03-05,2020030501002689,NLG,18,40,100,642.0,64200.0
2020-03-05,2020030501002688,NLG,7,40,100,643.0,64300.0
2020-03-05,2020030501003014,NLIC,52,34,100,1257.0,125700.0
2020-03-05,2020030501002990,NLIC,42,58,22,1259.0,27698.0
2020-03-05,2020030501002925,NLIC,45,28,22,1256.0,27632.0
2020-03-05,2020030501002923,NLIC,45,42,22,1256.0,27632.0
2020-03-05,2020030501002900,NLIC,50,32,129,1260.0,162540.0
2020-03-05,2020030501002899,NLIC,50,44,1000,1260.0,1260000.0
2020-03-05,2020030501002611,NLIC,45,38,182,1260.0,229320.0
2020-03-05,2020030501002551,NLIC,37,38,18,1260.0,22680.0
2020-03-05,2020030501002795,NLIC,48,58,50,1257.0,62850.0
2020-03-05,2020030501002763,NLIC,37,58,16,1257.0,20112.0
2020-03-05,2020030501002750,NLIC,53,58,10,1257.0,12570.0
2020-03-05,2020030501002736,NLIC,42,58,100,1257.0,125700.0
2020-03-05,2020030501002679,NLIC,39,1,100,1260.0,126000.0
2020-03-05,2020030501002678,NLIC,39,44,1000,1260.0,1260000.0
2020-03-05,2020030501002880,NLIC,26,6,168,1259.0,211512.0
2020-03-05,2020030501002861,NLIC,26,32,268,1259.0,337412.0
2020-03-05,2020030501002860,NLIC,26,20,40,1258.0,50320.0
2020-03-05,2020030501002859,NLIC,26,26,24,1258.0,30192.0
2020-03-05,2020030501002819,NLIC,26,26,176,1258.0,221408.0
2020-03-05,2020030501002818,NLIC,26,58,824,1257.0,1035768.0
2020-03-05,2020030501002988,NLICL,51,1,50,714.0,35700.0
2020-03-05,2020030501002814,NLICL,34,28,355,715.0,253825.0
2020-03-05,2020030501003018,NMB,57,58,260,470.0,122200.0
2020-03-05,2020030501002993,NMB,57,13,306,470.0,143820.0
2020-03-05,2020030501002992,NMB,57,34,434,470.0,203980.0
2020-03-05,2020030501002924,NMB,52,34,66,470.0,31020.0
2020-03-05,2020030501002833,NMB,48,40,90,468.0,42120.0
2020-03-05,2020030501002794,NMB,47,40,10,468.0,4680.0
2020-03-05,2020030501002577,NMB,35,26,100,463.0,46300.0
2020-03-05,2020030501002793,NMB,47,48,500,468.0,234000.0
2020-03-05,2020030501002792,NMB,47,58,1000,467.0,467000.0
2020-03-05,2020030501002791,NMB,47,33,1490,465.0,692850.0
2020-03-05,2020030501002602,NMB,28,33,10,465.0,4650.0
2020-03-05,2020030501002601,NMB,28,33,100,463.0,46300.0
2020-03-05,2020030501002578,NMB,35,33,1400,463.0,648200.0
2020-03-05,2020030501002948,NMFBS,33,42,15,1645.0,24675.0
2020-03-05,2020030501002873,NMFBS,51,57,10,1669.0,16690.0
2020-03-05,2020030501002805,NMFBS,33,33,15,1645.0,24675.0
2020-03-05,2020030501002766,NMFBS,33,33,25,1645.0,41125.0
2020-03-05,2020030501002693,NTC,26,43,100,665.0,66500.0
2020-03-05,2020030501002692,NTC,26,5,50,665.0,33250.0
2020-03-05,2020030501002691,NTC,26,38,36,664.0,23904.0
2020-03-05,2020030501002839,NUBL,6,52,78,980.0,76440.0
2020-03-05,2020030501002838,NUBL,6,28,273,980.0,267540.0
2020-03-05,2020030501002933,OHL,39,10,80,450.0,36000.0
2020-03-05,2020030501002932,OHL,22,10,20,450.0,9000.0
2020-03-05,2020030501002872,OHL,34,5,200,459.0,91800.0
2020-03-05,2020030501002676,PCBL,56,55,208,303.0,63024.0
2020-03-05,2020030501002967,PIC,5,45,10,627.0,6270.0
2020-03-05,2020030501002813,PIC,38,48,31,615.0,19065.0
2020-03-05,2020030501002913,PICL,19,34,106,478.0,50668.0
2020-03-05,2020030501002912,PICL,19,17,594,478.0,283932.0
2020-03-05,2020030501002585,PICL,34,35,100,471.0,47100.0
2020-03-05,2020030501002916,PLIC,52,14,500,612.0,306000.0
2020-03-05,2020030501002915,PLIC,52,58,600,610.0,366000.0
2020-03-05,2020030501002914,PLIC,52,32,100,606.0,60600.0
2020-03-05,2020030501002865,PLIC,42,52,71,600.0,42600.0
2020-03-05,2020030501002864,PLIC,42,42,450,600.0,270000.0
2020-03-05,2020030501002835,PLIC,53,42,320,600.0,192000.0
2020-03-05,2020030501002820,PLIC,53,41,80,599.0,47920.0
2020-03-05,2020030501002751,PLIC,13,26,424,595.0,252280.0
2020-03-05,2020030501002711,PLIC,13,57,500,598.0,299000.0
2020-03-05,2020030501002621,PLIC,17,14,100,590.0,59000.0
2020-03-05,2020030501002592,PMHPL,59,59,10,83.0,830.0
2020-03-05,2020030501002591,PMHPL,29,59,10,85.0,850.0
2020-03-05,2020030501002956,PRIN,45,45,30,453.0,13590.0
2020-03-05,2020030501002862,PRIN,45,11,70,452.0,31640.0
2020-03-05,2020030501002781,PRIN,43,11,100,452.0,45200.0
2020-03-05,2020030501002733,PRIN,41,32,100,448.0,44800.0
2020-03-05,2020030501002732,PRIN,41,17,330,448.0,147840.0
2020-03-05,2020030501002728,PRIN,25,17,200,448.0,89600.0
2020-03-05,2020030501002710,PRIN,54,17,470,448.0,210560.0
2020-03-05,2020030501002709,PRIN,54,8,30,445.0,13350.0
2020-03-05,2020030501002600,PRIN,32,48,400,444.0,177600.0
2020-03-05,2020030501002572,PRIN,45,48,100,444.0,44400.0
2020-03-05,2020030501002969,PRVU,33,54,400,260.0,104000.0
2020-03-05,2020030501002968,PRVU,33,58,100,260.0,26000.0
2020-03-05,2020030501002683,PRVU,57,49,200,261.0,52200.0
2020-03-05,2020030501002976,RBCLPO,7,32,10,8981.0,89810.0
2020-03-05,2020030501002975,RBCLPO,7,11,30,8980.0,269400.0
2020-03-05,2020030501003015,RHPC,58,42,19,85.0,1615.0
2020-03-05,2020030501003028,RHPL,42,38,50,159.0,7950.0
2020-03-05,2020030501002708,RHPL,42,17,30,159.0,4770.0
2020-03-05,2020030501002630,RHPL,42,17,30,159.0,4770.0
2020-03-05,2020030501002571,RHPL,42,17,30,159.0,4770.0
2020-03-05,2020030501002747,RMDC,38,57,50,690.0,34500.0
2020-03-05,2020030501002746,RMDC,38,48,635,690.0,438150.0
2020-03-05,2020030501002745,RMDC,38,41,50,689.0,34450.0
2020-03-05,2020030501002744,RMDC,38,45,100,689.0,68900.0
2020-03-05,2020030501002834,RSDC,26,51,41,490.0,20090.0
2020-03-05,2020030501002765,RSDC,36,59,100,488.0,48800.0
2020-03-05,2020030501002582,RSDC,45,45,609,488.0,297192.0
2020-03-05,2020030501002937,SABSL,6,17,10,740.0,7400.0
2020-03-05,2020030501002896,SABSL,22,41,10,750.0,7500.0
2020-03-05,2020030501002841,SABSL,42,38,10,740.0,7400.0
2020-03-05,2020030501002786,SABSL,6,38,10,740.0,7400.0
2020-03-05,2020030501002580,SABSL,36,45,125,740.0,92500.0
2020-03-05,2020030501002539,SABSL,46,45,10,740.0,7400.0
2020-03-05,2020030501002951,SADBL,39,14,20,169.0,3380.0
2020-03-05,2020030501002886,SANIMA,53,58,500,370.0,185000.0
2020-03-05,2020030501002804,SANIMA,16,28,462,368.0,170016.0
2020-03-05,2020030501002803,SANIMA,16,57,500,367.0,183500.0
2020-03-05,2020030501002614,SANIMA,58,33,100,362.0,36200.0
2020-03-05,2020030501003001,SBI,59,22,100,481.0,48100.0
2020-03-05,2020030501003000,SBI,59,46,12,481.0,5772.0
2020-03-05,2020030501002869,SBL,36,18,200,336.0,67200.0
2020-03-05,2020030501002715,SBL,57,18,200,336.0,67200.0
2020-03-05,2020030501002677,SBL,56,18,600,333.0,199800.0
2020-03-05,2020030501002610,SBL,56,58,300,333.0,99900.0
2020-03-05,2020030501002609,SBL,56,41,25,332.0,8300.0
2020-03-05,2020030501002608,SBL,56,36,61,330.0,20130.0
2020-03-05,2020030501002567,SBL,35,36,39,330.0,12870.0
2020-03-05,2020030501002928,SCB,58,8,100,718.0,71800.0
2020-03-05,2020030501002687,SCB,48,32,100,711.0,71100.0
2020-03-05,2020030501002686,SCB,48,56,700,711.0,497700.0
2020-03-05,2020030501002665,SCB,34,45,250,709.0,177250.0
2020-03-05,2020030501002612,SCB,26,45,50,709.0,35450.0
2020-03-05,2020030501002596,SCB,45,46,350,700.0,245000.0
2020-03-05,2020030501002970,SDESI,33,39,190,934.0,177460.0
2020-03-05,2020030501002918,SDESI,33,39,80,934.0,74720.0
2020-03-05,2020030501002846,SDESI,46,35,10,928.0,9280.0
2020-03-05,2020030501002652,SDESI,14,28,77,910.0,70070.0
2020-03-05,2020030501002540,SDESI,22,28,123,910.0,111930.0
2020-03-05,2020030501002825,SHINE,14,13,105,299.0,31395.0
2020-03-05,2020030501002824,SHINE,14,58,100,299.0,29900.0
2020-03-05,2020030501002823,SHINE,14,17,50,299.0,14950.0
2020-03-05,2020030501002587,SHINE,51,26,71,294.0,20874.0
2020-03-05,2020030501002797,SHINE,14,17,500,299.0,149500.0
2020-03-05,2020030501002657,SHINE,53,26,29,294.0,8526.0
2020-03-05,2020030501002984,SHIVM,56,46,500,612.0,306000.0
2020-03-05,2020030501002983,SHIVM,56,49,50,612.0,30600.0
2020-03-05,2020030501002982,SHIVM,56,16,200,610.0,122000.0
2020-03-05,2020030501002981,SHIVM,56,19,100,607.0,60700.0
2020-03-05,2020030501002980,SHIVM,56,19,100,607.0,60700.0
2020-03-05,2020030501002777,SHIVM,6,19,50,608.0,30400.0
2020-03-05,2020030501002720,SHIVM,35,13,100,607.0,60700.0
2020-03-05,2020030501002644,SHL,29,35,100,183.0,18300.0
2020-03-05,2020030501002544,SHL,59,50,500,180.0,90000.0
2020-03-05,2020030501002543,SHL,59,39,100,180.0,18000.0
2020-03-05,2020030501002986,SICL,42,55,40,989.0,39560.0
2020-03-05,2020030501002929,SICL,35,55,30,989.0,29670.0
2020-03-05,2020030501002881,SICL,35,55,100,989.0,98900.0
2020-03-05,2020030501002851,SICL,46,55,10,989.0,9890.0
2020-03-05,2020030501002935,SINDU,41,43,200,130.0,26000.0
2020-03-05,2020030501002615,SJCL,58,17,20,153.0,3060.0
2020-03-05,2020030501002553,SJCL,58,17,20,153.0,3060.0
2020-03-05,2020030501002695,SJCL,58,17,20,153.0,3060.0
2020-03-05,2020030501002812,SKBBL,32,36,70,1139.0,79730.0
2020-03-05,2020030501002756,SKBBL,43,36,30,1139.0,34170.0
2020-03-05,2020030501002755,SKBBL,43,45,70,1138.0,79660.0
2020-03-05,2020030501002754,SKBBL,43,45,200,1130.0,226000.0
2020-03-05,2020030501002627,SKBBL,43,22,480,1121.0,538080.0
2020-03-05,2020030501003016,SLBBL,49,47,50,895.0,44750.0
2020-03-05,2020030501002971,SLBBL,54,44,100,885.0,88500.0
2020-03-05,2020030501002773,SLBBL,16,45,65,880.0,57200.0
2020-03-05,2020030501002843,SLBBL,18,45,15,880.0,13200.0
2020-03-05,2020030501002842,SLBBL,16,45,35,880.0,30800.0
2020-03-05,2020030501002718,SLBSL,57,40,10,843.0,8430.0
2020-03-05,2020030501002964,SLICL,13,42,60,470.0,28200.0
2020-03-05,2020030501002963,SLICL,13,32,190,470.0,89300.0
2020-03-05,2020030501002922,SLICL,44,32,10,470.0,4700.0
2020-03-05,2020030501002921,SLICL,44,6,10,469.0,4690.0
2020-03-05,2020030501002890,SLICL,38,17,650,468.0,304200.0
2020-03-05,2020030501002802,SLICL,29,17,30,468.0,14040.0
2020-03-05,2020030501002782,SLICL,33,17,20,468.0,9360.0
2020-03-05,2020030501002638,SLICL,44,45,210,465.0,97650.0
2020-03-05,2020030501002637,SLICL,45,45,100,465.0,46500.0
2020-03-05,2020030501002636,SLICL,35,45,50,465.0,23250.0
2020-03-05,2020030501002635,SLICL,50,45,100,465.0,46500.0
2020-03-05,2020030501002634,SLICL,28,45,40,465.0,18600.0
2020-03-05,2020030501002927,SMFBS,22,58,100,980.0,98000.0
2020-03-05,2020030501002714,SPDL,47,50,15,99.0,1485.0
2020-03-05,2020030501002877,SRBL,13,40,125,265.0,33125.0
2020-03-05,2020030501002876,SRBL,13,32,275,265.0,72875.0
2020-03-05,2020030501002590,SRBL,34,45,220,263.0,57860.0
2020-03-05,2020030501002589,SRBL,34,33,14,263.0,3682.0
2020-03-05,2020030501002796,UIC,58,29,100,380.0,38000.0
2020-03-05,2020030501002639,UIC,46,10,500,375.0,187500.0
2020-03-05,2020030501002631,UIC,29,33,100,371.0,37100.0
2020-03-05,2020030501002623,UIC,56,10,500,375.0,187500.0
2020-03-05,2020030501002815,UMHL,18,50,23,105.0,2415.0
2020-03-05,2020030501003007,UPPER,33,21,50,234.0,11700.0
2020-03-05,2020030501002895,UPPER,7,38,15,236.0,3540.0
2020-03-05,2020030501002698,UPPER,36,50,265,236.0,62540.0
2020-03-05,2020030501002697,UPPER,49,50,28,236.0,6608.0
2020-03-05,2020030501002633,UPPER,49,17,22,236.0,5192.0
2020-03-05,2020030501002632,UPPER,29,17,28,236.0,6608.0
2020-03-05,2020030501002561,UPPER,29,42,50,236.0,11800.0
2020-03-05,2020030501002537,UPPER,29,42,40,236.0,9440.0
2020-03-05,2020030501002780,UPPER,7,17,50,236.0,11800.0
2020-03-05,2020030501002779,UPPER,7,17,15,236.0,3540.0
2020-03-05,2020030501002778,UPPER,36,17,35,236.0,8260.0
2020-03-05,2020030501002821,UPPER,7,38,35,236.0,8260.0
2020-03-05,2020030501002759,VLBS,37,41,10,998.0,9980.0
2020-03-05,2020030501002669,VLBS,37,49,10,979.0,9790.0
2020-03-05,2020030501002552,VLBS,37,54,30,975.0,29250.0
2020-03-05,2020030501001989,ADBL,51,36,20,408.0,8160.0
2020-03-05,2020030501001929,ADBL,53,36,61,408.0,24888.0
2020-03-05,2020030501001928,ADBL,53,45,100,408.0,40800.0
2020-03-05,2020030501001927,ADBL,53,55,29,408.0,11832.0
2020-03-05,2020030501001926,ADBL,53,32,10,407.0,4070.0
2020-03-05,2020030501001853,ADBL,22,32,190,407.0,77330.0
2020-03-05,2020030501001852,ADBL,22,48,10,405.0,4050.0
2020-03-05,2020030501001650,AKJCL,47,4,20,53.0,1060.0
2020-03-05,2020030501001884,ALICL,52,17,21,578.0,12138.0
2020-03-05,2020030501001694,ALICL,46,54,650,567.0,368550.0
2020-03-05,2020030501001686,ALICL,46,4,224,567.0,127008.0
2020-03-05,2020030501001685,ALICL,25,4,100,569.0,56900.0
2020-03-05,2020030501001904,API,51,34,200,127.0,25400.0
2020-03-05,2020030501001903,API,53,34,50,127.0,6350.0
2020-03-05,2020030501001902,API,35,34,10,127.0,1270.0
2020-03-05,2020030501001983,BOKL,46,4,10,245.0,2450.0
2020-03-05,2020030501001942,BOKL,57,4,50,245.0,12250.0
2020-03-05,2020030501001846,BOKL,46,4,200,245.0,49000.0
2020-03-05,2020030501001745,BOKL,46,19,604,244.0,147376.0
2020-03-05,2020030501001616,BOKL,35,50,433,240.0,103920.0
2020-03-05,2020030501001615,BOKL,22,50,97,240.0,23280.0
2020-03-05,2020030501002029,BPCL,14,52,30,357.0,10710.0
2020-03-05,2020030501002028,BPCL,45,52,100,357.0,35700.0
2020-03-05,2020030501002027,BPCL,53,52,10,357.0,3570.0
2020-03-05,2020030501001671,BPCL,4,5,30,363.0,10890.0
2020-03-05,2020030501001825,CBBL,57,38,500,1020.0,510000.0
2020-03-05,2020030501001824,CBBL,57,19,56,1015.0,56840.0
2020-03-05,2020030501001730,CBBL,57,45,22,1000.0,22000.0
2020-03-05,2020030501001567,CBBL,53,51,30,1005.0,30150.0
2020-03-05,2020030501001566,CBBL,53,19,10,1005.0,10050.0
2020-03-05,2020030501001538,CBBL,39,19,40,1005.0,40200.0
2020-03-05,2020030501001537,CBBL,39,40,10,1004.0,10040.0
2020-03-05,2020030501001729,CBBL,57,45,218,1000.0,218000.0
2020-03-05,2020030501001728,CBBL,45,45,10,1000.0,10000.0
2020-03-05,2020030501001670,CBBL,45,45,100,1020.0,102000.0
2020-03-05,2020030501001579,CBBL,57,52,236,1015.0,239540.0
2020-03-05,2020030501001963,CBL,38,29,40,153.0,6120.0
2020-03-05,2020030501001782,CBL,56,49,1000,153.0,153000.0
2020-03-05,2020030501001781,CBL,56,37,250,153.0,38250.0
2020-03-05,2020030501001753,CBL,56,19,2000,152.0,304000.0
2020-03-05,2020030501001752,CBL,56,36,100,152.0,15200.0
2020-03-05,2020030501001751,CBL,56,34,66,152.0,10032.0
2020-03-05,2020030501001733,CBL,56,52,1000,151.0,151000.0
2020-03-05,2020030501001628,CBL,16,25,1000,150.0,150000.0
2020-03-05,2020030501001547,CBL,16,19,900,148.0,133200.0
2020-03-05,2020030501001546,CBL,22,19,100,149.0,14900.0
2020-03-05,2020030501001785,CCBL,57,34,199,184.0,36616.0
2020-03-05,2020030501001784,CCBL,57,57,1400,184.0,257600.0
2020-03-05,2020030501001706,CCBL,1,28,13,183.0,2379.0
2020-03-05,2020030501001705,CCBL,1,42,87,183.0,15921.0
2020-03-05,2020030501001713,CHCL,13,45,200,408.0,81600.0
2020-03-05,2020030501001841,CIT,35,38,164,2620.0,429680.0
2020-03-05,2020030501001831,CIT,21,38,10,2620.0,26200.0
2020-03-05,2020030501001811,CIT,41,38,137,2620.0,358940.0
2020-03-05,2020030501001776,CIT,4,38,10,2620.0,26200.0
2020-03-05,2020030501001775,CIT,38,38,100,2620.0,262000.0
2020-03-05,2020030501001774,CIT,53,38,70,2620.0,183400.0
2020-03-05,2020030501001618,CIT,22,38,100,2663.0,266300.0
2020-03-05,2020030501001773,CIT,18,38,50,2621.0,131050.0
2020-03-05,2020030501001772,CIT,50,38,50,2621.0,131050.0
2020-03-05,2020030501001666,CIT,53,19,10,2620.0,26200.0
2020-03-05,2020030501001665,CIT,26,19,10,2621.0,26210.0
2020-03-05,2020030501001664,CIT,7,19,20,2622.0,52440.0
2020-03-05,2020030501001663,CIT,38,19,10,2650.0,26500.0
2020-03-05,2020030501001988,CZBIL,36,34,956,205.0,195980.0
2020-03-05,2020030501001905,CZBIL,58,1,1030,204.0,210120.0
2020-03-05,2020030501001818,CZBIL,38,6,212,206.0,43672.0
2020-03-05,2020030501001575,CZBIL,1,19,390,203.0,79170.0
2020-03-05,2020030501001574,CZBIL,58,19,100,204.0,20400.0
2020-03-05,2020030501001573,CZBIL,53,19,10,204.0,2040.0
2020-03-05,2020030501001754,DDBL,44,52,10,848.0,8480.0
2020-03-05,2020030501001984,EBL,35,43,200,748.0,149600.0
2020-03-05,2020030501001826,EBL,14,42,30,739.0,22170.0
2020-03-05,2020030501001723,EBL,33,5,50,733.0,36650.0
2020-03-05,2020030501001704,EBL,46,42,20,739.0,14780.0
2020-03-05,2020030501001673,EBL,56,17,200,739.0,147800.0
2020-03-05,2020030501001620,EBL,56,54,100,738.0,73800.0
2020-03-05,2020030501001597,EBL,33,49,250,733.0,183250.0
2020-03-05,2020030501001847,EDBL,37,36,100,385.0,38500.0
2020-03-05,2020030501001700,EDBL,4,17,100,384.0,38400.0
2020-03-05,2020030501001891,EIC,20,45,130,404.0,52520.0
2020-03-05,2020030501001711,EIC,20,38,90,397.0,35730.0
2020-03-05,2020030501001600,EIC,49,38,210,397.0,83370.0
2020-03-05,2020030501001581,EIC,49,17,90,397.0,35730.0
2020-03-05,2020030501001580,EIC,1,17,20,397.0,7940.0
2020-03-05,2020030501001944,FMDBL,52,34,253,481.0,121693.0
2020-03-05,2020030501001896,FMDBL,7,34,43,481.0,20683.0
2020-03-05,2020030501001895,FMDBL,43,34,200,481.0,96200.0
2020-03-05,2020030501001894,FMDBL,47,34,200,481.0,96200.0
2020-03-05,2020030501001735,FMDBL,38,36,200,490.0,98000.0
2020-03-05,2020030501001715,FMDBL,38,21,43,485.0,20855.0
2020-03-05,2020030501001724,FOWAD,43,42,19,1484.0,28196.0
2020-03-05,2020030501001714,FOWAD,43,56,20,1460.0,29200.0
2020-03-05,2020030501001643,FOWAD,43,56,50,1459.0,72950.0
2020-03-05,2020030501001642,FOWAD,43,6,19,1455.0,27645.0
2020-03-05,2020030501001548,FOWAD,33,39,49,1450.0,71050.0
2020-03-05,2020030501001857,GBBL,49,1,16,240.0,3840.0
2020-03-05,2020030501001856,GBBL,49,32,1500,240.0,360000.0
2020-03-05,2020030501001855,GBBL,49,57,348,240.0,83520.0
2020-03-05,2020030501001854,GBBL,49,26,50,239.0,11950.0
2020-03-05,2020030501001541,GBBL,7,26,200,239.0,47800.0
2020-03-05,2020030501002031,GBIME,39,17,106,287.0,30422.0
2020-03-05,2020030501001974,GBIME,39,36,24,287.0,6888.0
2020-03-05,2020030501001830,GBIME,39,6,70,287.0,20090.0
2020-03-05,2020030501001828,GBIME,28,54,300,288.0,86400.0
2020-03-05,2020030501001827,GBIME,28,6,200,288.0,57600.0
2020-03-05,2020030501001727,GBIME,51,54,50,288.0,14400.0
2020-03-05,2020030501001696,GBIME,39,40,300,287.0,86100.0
2020-03-05,2020030501002006,GBLBS,34,33,100,490.0,49000.0
2020-03-05,2020030501001839,GBLBS,29,42,15,485.0,7275.0
2020-03-05,2020030501001806,GBLBS,32,35,240,481.0,115440.0
2020-03-05,2020030501001788,GBLBS,39,35,60,481.0,28860.0
2020-03-05,2020030501001738,GBLBS,46,19,100,480.0,48000.0
2020-03-05,2020030501001591,GBLBS,44,6,20,473.0,9460.0
2020-03-05,2020030501001590,GBLBS,52,6,200,473.0,94600.0
2020-03-05,2020030501001589,GBLBS,22,6,230,473.0,108790.0
2020-03-05,2020030501001588,GBLBS,26,6,50,474.0,23700.0
2020-03-05,2020030501001756,GILB,36,49,27,1288.0,34776.0
2020-03-05,2020030501001565,GILB,36,49,15,1288.0,19320.0
2020-03-05,2020030501002007,GLBSL,10,43,200,654.0,130800.0
2020-03-05,2020030501001649,GLBSL,45,45,50,650.0,32500.0
2020-03-05,2020030501001648,GLBSL,45,26,10,650.0,6500.0
2020-03-05,2020030501001647,GLBSL,45,42,10,650.0,6500.0
2020-03-05,2020030501001605,GLBSL,45,51,10,649.0,6490.0
2020-03-05,2020030501001908,GLICL,5,52,110,471.0,51810.0
2020-03-05,2020030501001882,GLICL,42,52,15,471.0,7065.0
2020-03-05,2020030501001755,GLICL,44,52,200,471.0,94200.0
2020-03-05,2020030501001709,GLICL,22,26,390,470.0,183300.0
2020-03-05,2020030501001708,GLICL,41,26,10,470.0,4700.0
2020-03-05,2020030501001707,GLICL,21,26,600,470.0,282000.0
2020-03-05,2020030501001654,GLICL,21,55,100,470.0,47000.0
2020-03-05,2020030501001619,GLICL,42,55,100,470.0,47000.0
2020-03-05,2020030501001585,GLICL,26,55,200,470.0,94000.0
2020-03-05,2020030501001533,GLICL,32,55,50,470.0,23500.0
2020-03-05,2020030501002025,GMFBS,20,4,10,795.0,7950.0
2020-03-05,2020030501001737,GRDBL,19,19,100,119.0,11900.0
2020-03-05,2020030501001656,HBL,14,42,50,602.0,30100.0
2020-03-05,2020030501001655,HBL,14,35,300,602.0,180600.0
2020-03-05,2020030501001544,HBL,19,41,50,601.0,30050.0
2020-03-05,2020030501001543,HBL,19,40,50,601.0,30050.0
2020-03-05,2020030501001710,HDL,45,25,100,1644.0,164400.0
2020-03-05,2020030501001631,HDL,54,6,20,1630.0,32600.0
2020-03-05,2020030501001630,HDL,54,1,130,1620.0,210600.0
2020-03-05,2020030501001629,HDL,54,48,50,1618.0,80900.0
2020-03-05,2020030501001587,HDL,17,38,100,1617.0,161700.0
2020-03-05,2020030501001557,HGI,3,45,50,400.0,20000.0
2020-03-05,2020030501001556,HGI,3,11,100,400.0,40000.0
2020-03-05,2020030501001555,HGI,3,50,50,400.0,20000.0
2020-03-05,2020030501001960,HIDCL,48,50,25,138.0,3450.0
2020-03-05,2020030501001959,HIDCL,46,50,12,138.0,1656.0
2020-03-05,2020030501001750,HIDCL,58,40,58,136.0,7888.0
2020-03-05,2020030501001749,HIDCL,11,40,69,137.0,9453.0
2020-03-05,2020030501001734,ICFC,34,53,1000,183.0,183000.0
2020-03-05,2020030501001790,ILBS,52,4,10,712.0,7120.0
2020-03-05,2020030501001893,JBBL,21,32,500,190.0,95000.0
2020-03-05,2020030501001892,JBBL,21,45,200,190.0,38000.0
2020-03-05,2020030501001699,JBBL,21,6,400,188.0,75200.0
2020-03-05,2020030501001672,JBBL,44,48,113,187.0,21131.0
2020-03-05,2020030501001934,JSLBB,10,45,33,1495.0,49335.0
2020-03-05,2020030501001933,JSLBB,10,41,100,1495.0,149500.0
2020-03-05,2020030501001932,JSLBB,10,50,50,1490.0,74500.0
2020-03-05,2020030501001627,JSLBB,16,48,32,1480.0,47360.0
2020-03-05,2020030501001626,JSLBB,16,55,20,1470.0,29400.0
2020-03-05,2020030501002023,KBL,34,1,500,208.0,104000.0
2020-03-05,2020030501001917,KBL,36,17,400,210.0,84000.0
2020-03-05,2020030501001916,KBL,36,29,1000,210.0,210000.0
2020-03-05,2020030501001915,KBL,36,41,200,210.0,42000.0
2020-03-05,2020030501001914,KBL,36,25,20,210.0,4200.0
2020-03-05,2020030501001702,KBL,6,25,80,210.0,16800.0
2020-03-05,2020030501001674,KBL,39,34,160,209.0,33440.0
2020-03-05,2020030501001551,KBL,56,50,1755,208.0,365040.0
2020-03-05,2020030501001550,KBL,56,26,400,208.0,83200.0
2020-03-05,2020030501002002,KMCDB,44,45,10,860.0,8600.0
2020-03-05,2020030501001783,KMCDB,7,32,10,851.0,8510.0
2020-03-05,2020030501001535,KSBBL,47,42,249,164.0,40836.0
2020-03-05,2020030501001563,LBBL,14,42,52,191.0,9932.0
2020-03-05,2020030501001909,LBL,11,32,100,228.0,22800.0
2020-03-05,2020030501001862,LBL,1,17,200,226.0,45200.0
2020-03-05,2020030501001562,LGIL,43,49,100,475.0,47500.0
2020-03-05,2020030501001578,LICN,14,35,60,1503.0,90180.0
2020-03-05,2020030501001577,LICN,14,19,500,1490.0,745000.0
2020-03-05,2020030501001576,LICN,14,41,25,1485.0,37125.0
2020-03-05,2020030501002009,LLBS,57,18,25,1038.0,25950.0
2020-03-05,2020030501001969,LLBS,57,11,125,1038.0,129750.0
2020-03-05,2020030501001948,LLBS,57,18,100,1030.0,103000.0
2020-03-05,2020030501001676,LLBS,45,28,50,1010.0,50500.0
2020-03-05,2020030501001633,LLBS,25,42,27,1008.0,27216.0
2020-03-05,2020030501001718,MBL,11,39,220,245.0,53900.0
2020-03-05,2020030501001717,MBL,11,39,640,245.0,156800.0
2020-03-05,2020030501001716,MBL,50,39,500,246.0,123000.0
2020-03-05,2020030501001742,MDB,40,17,30,449.0,13470.0
2020-03-05,2020030501001741,MDB,43,17,70,449.0,31430.0
2020-03-05,2020030501001652,MDB,43,45,130,449.0,58370.0
2020-03-05,2020030501001651,MDB,17,45,70,450.0,31500.0
2020-03-05,2020030501001635,MDB,43,29,70,450.0,31500.0
2020-03-05,2020030501001601,MDB,43,17,150,450.0,67500.0
2020-03-05,2020030501001973,MEGA,35,43,1000,229.0,229000.0
2020-03-05,2020030501001870,MEGA,25,35,100,227.0,22700.0
2020-03-05,2020030501001836,MEGA,25,45,100,227.0,22700.0
2020-03-05,2020030501001821,MEGA,34,39,1500,228.0,342000.0
2020-03-05,2020030501001820,MEGA,34,49,100,228.0,22800.0
2020-03-05,2020030501001819,MEGA,34,37,1000,228.0,228000.0
2020-03-05,2020030501001613,MEGA,40,41,100,227.0,22700.0
2020-03-05,2020030501001612,MEGA,40,51,100,227.0,22700.0
2020-03-05,2020030501001611,MEGA,40,25,97,227.0,22019.0
2020-03-05,2020030501001570,MEGA,36,25,500,227.0,113500.0
2020-03-05,2020030501001748,MEGA,25,50,200,227.0,45400.0
2020-03-05,2020030501001736,MEGA,25,32,100,227.0,22700.0
2020-03-05,2020030501001726,MEGA,22,1,273,226.0,61698.0
2020-03-05,2020030501001725,MEGA,33,1,227,226.0,51302.0
2020-03-05,2020030501001677,MEGA,33,42,73,226.0,16498.0
2020-03-05,2020030501001614,MEGA,40,36,200,227.0,45400.0
2020-03-05,2020030501002003,MERO,22,21,43,631.0,27133.0
2020-03-05,2020030501001999,MERO,57,46,100,635.0,63500.0
2020-03-05,2020030501001814,MERO,19,45,43,635.0,27305.0
2020-03-05,2020030501001791,MERO,58,34,20,625.0,12500.0
2020-03-05,2020030501001712,MERO,19,46,43,630.0,27090.0
2020-03-05,2020030501001599,MERO,57,47,73,619.0,45187.0
2020-03-05,2020030501001598,MERO,16,47,50,620.0,31000.0
2020-03-05,2020030501002005,MNBBL,46,48,100,336.0,33600.0
2020-03-05,2020030501001964,MNBBL,46,45,50,336.0,16800.0
2020-03-05,2020030501001950,MNBBL,46,34,40,336.0,13440.0
2020-03-05,2020030501001919,MNBBL,39,29,1800,338.0,608400.0
2020-03-05,2020030501001834,MNBBL,39,32,500,333.0,166500.0
2020-03-05,2020030501001815,MSMBS,13,48,89,739.0,65771.0
2020-03-05,2020030501001747,MSMBS,50,42,11,731.0,8041.0
2020-03-05,2020030501001912,NABIL,46,6,12,828.0,9936.0
2020-03-05,2020030501001869,NABIL,8,55,99,828.0,81972.0
2020-03-05,2020030501001868,NABIL,19,55,200,828.0,165600.0
2020-03-05,2020030501001867,NABIL,42,55,25,828.0,20700.0
2020-03-05,2020030501001866,NABIL,25,55,100,828.0,82800.0
2020-03-05,2020030501001865,NABIL,1,55,76,828.0,62928.0
2020-03-05,2020030501001810,NABIL,1,34,24,828.0,19872.0
2020-03-05,2020030501001809,NABIL,38,34,25,829.0,20725.0
2020-03-05,2020030501001653,NABIL,1,49,74,828.0,61272.0
2020-03-05,2020030501001545,NABIL,1,56,26,828.0,21528.0
2020-03-05,2020030501001542,NABIL,49,56,100,828.0,82800.0
2020-03-05,2020030501001610,NADEP,57,46,46,673.0,30958.0
2020-03-05,2020030501001609,NADEP,57,38,150,673.0,100950.0
2020-03-05,2020030501001873,NBB,19,16,788,229.0,180452.0
2020-03-05,2020030501001872,NBB,19,49,212,229.0,48548.0
2020-03-05,2020030501001812,NBB,28,45,500,225.0,112500.0
2020-03-05,2020030501001795,NBB,40,45,500,225.0,112500.0
2020-03-05,2020030501001722,NBB,40,34,500,225.0,112500.0
2020-03-05,2020030501001697,NBB,38,45,288,224.0,64512.0
2020-03-05,2020030501001692,NBB,41,19,260,221.0,57460.0
2020-03-05,2020030501001691,NBB,38,19,200,222.0,44400.0
2020-03-05,2020030501001690,NBB,45,19,40,223.0,8920.0
2020-03-05,2020030501001640,NBB,45,40,260,223.0,57980.0
2020-03-05,2020030501001602,NBB,51,40,40,223.0,8920.0
2020-03-05,2020030501001864,NBL,43,39,400,286.0,114400.0
2020-03-05,2020030501001863,NBL,43,4,50,285.0,14250.0
2020-03-05,2020030501001758,NBL,8,10,180,286.0,51480.0
2020-03-05,2020030501001669,NBL,8,6,500,285.0,142500.0
2020-03-05,2020030501001996,NCCB,35,36,25,203.0,5075.0
2020-03-05,2020030501001945,NCCB,35,36,50,203.0,10150.0
2020-03-05,2020030501001695,NCCB,35,32,200,203.0,40600.0
2020-03-05,2020030501001571,NCCB,34,32,300,203.0,60900.0
2020-03-05,2020030501001559,NCCB,35,32,500,204.0,102000.0
2020-03-05,2020030501001558,NHPC,25,17,100,58.0,5800.0
2020-03-05,2020030501001679,NIB,52,45,13,418.0,5434.0
2020-03-05,2020030501002019,NICA,56,29,500,580.0,290000.0
2020-03-05,2020030501002018,NICA,56,52,200,580.0,116000.0
2020-03-05,2020030501001995,NICA,56,52,100,580.0,58000.0
2020-03-05,2020030501001975,NICA,56,28,70,575.0,40250.0
2020-03-05,2020030501001971,NICA,52,28,100,575.0,57500.0
2020-03-05,2020030501001941,NICA,56,28,50,575.0,28750.0
2020-03-05,2020030501001720,NICA,50,36,30,576.0,17280.0
2020-03-05,2020030501001668,NICA,57,14,50,579.0,28950.0
2020-03-05,2020030501001657,NICA,19,47,500,579.0,289500.0
2020-03-05,2020030501001624,NICA,50,40,620,576.0,357120.0
2020-03-05,2020030501001623,NICA,50,48,150,575.0,86250.0
2020-03-05,2020030501001940,NICA,46,28,75,579.0,43425.0
2020-03-05,2020030501001939,NICA,56,28,85,579.0,49215.0
2020-03-05,2020030501001938,NICA,56,41,55,579.0,31845.0
2020-03-05,2020030501001921,NICA,33,14,140,579.0,81060.0
2020-03-05,2020030501001888,NICA,33,45,140,578.0,80920.0
2020-03-05,2020030501001765,NICA,14,14,400,579.0,231600.0
2020-03-05,2020030501001829,NICL,49,17,300,453.0,135900.0
2020-03-05,2020030501001800,NICL,10,21,245,454.0,111230.0
2020-03-05,2020030501001740,NICL,33,21,100,454.0,45400.0
2020-03-05,2020030501001568,NICL,49,41,100,453.0,45300.0
2020-03-05,2020030501001617,NICL,6,21,100,454.0,45400.0
2020-03-05,2020030501001569,NICL,49,59,100,453.0,45300.0
2020-03-05,2020030501001859,NIL,38,22,15,580.0,8700.0
2020-03-05,2020030501001858,NIL,38,39,110,580.0,63800.0
2020-03-05,2020030501001844,NIL,44,36,900,575.0,517500.0
2020-03-05,2020030501001822,NIL,29,49,100,579.0,57900.0
2020-03-05,2020030501001793,NIL,44,50,100,575.0,57500.0
2020-03-05,2020030501001595,NIL,50,49,200,574.0,114800.0
2020-03-05,2020030501001554,NIL,5,41,500,571.0,285500.0
2020-03-05,2020030501001532,NIL,50,49,297,570.0,169290.0
2020-03-05,2020030501001986,NLBBL,38,28,200,726.0,145200.0
2020-03-05,2020030501001985,NLBBL,38,17,220,726.0,159720.0
2020-03-05,2020030501001911,NLBBL,43,5,50,725.0,36250.0
2020-03-05,2020030501001910,NLBBL,43,59,20,712.0,14240.0
2020-03-05,2020030501001787,NLBBL,33,17,980,726.0,711480.0
2020-03-05,2020030501001786,NLBBL,33,32,20,726.0,14520.0
2020-03-05,2020030501001762,NLBBL,33,5,10,714.0,7140.0
2020-03-05,2020030501001991,NLG,33,42,50,650.0,32500.0
2020-03-05,2020030501002030,NLIC,42,40,16,1245.0,19920.0
2020-03-05,2020030501002022,NLIC,42,41,50,1245.0,62250.0
2020-03-05,2020030501002021,NLIC,42,41,100,1245.0,124500.0
2020-03-05,2020030501002020,NLIC,42,17,384,1245.0,478080.0
2020-03-05,2020030501002016,NLIC,39,17,50,1245.0,62250.0
2020-03-05,2020030501002011,NLIC,44,19,8331,1244.0,10363764.0
2020-03-05,2020030501001534,NLIC,37,49,100,1242.0,124200.0
2020-03-05,2020030501001632,NLIC,52,49,150,1243.0,186450.0
2020-03-05,2020030501001583,NLIC,55,49,240,1243.0,298320.0
2020-03-05,2020030501001582,NLIC,55,33,60,1242.0,74520.0
2020-03-05,2020030501001561,NLIC,53,33,10,1242.0,12420.0
2020-03-05,2020030501001560,NLIC,53,49,90,1242.0,111780.0
2020-03-05,2020030501001539,NLIC,52,50,111,1242.0,137862.0
2020-03-05,2020030501001954,NLIC,58,47,33,1237.0,40821.0
2020-03-05,2020030501001898,NLIC,58,16,67,1237.0,82879.0
2020-03-05,2020030501001881,NLIC,52,16,150,1237.0,185550.0
2020-03-05,2020030501001880,NLIC,37,16,33,1237.0,40821.0
2020-03-05,2020030501001879,NLIC,37,54,67,1237.0,82879.0
2020-03-05,2020030501001703,NLIC,14,17,22,1235.0,27170.0
2020-03-05,2020030501001990,NLIC,44,49,1500,1243.0,1864500.0
2020-03-05,2020030501001978,NLIC,33,25,150,1240.0,186000.0
2020-03-05,2020030501001977,NLIC,33,11,100,1240.0,124000.0
2020-03-05,2020030501001957,NLIC,36,47,191,1236.0,236076.0
2020-03-05,2020030501001956,NLIC,43,47,100,1236.0,123600.0
2020-03-05,2020030501001955,NLIC,1,47,10,1237.0,12370.0
2020-03-05,2020030501001981,NLICL,36,59,400,710.0,284000.0
2020-03-05,2020030501001980,NLICL,36,45,81,710.0,57510.0
2020-03-05,2020030501001899,NLICL,36,16,700,709.0,496300.0
2020-03-05,2020030501001763,NLICL,34,41,100,705.0,70500.0
2020-03-05,2020030501002004,NMB,47,50,186,460.0,85560.0
2020-03-05,2020030501002001,NMB,40,28,150,460.0,69000.0
2020-03-05,2020030501001965,NMB,40,45,50,460.0,23000.0
2020-03-05,2020030501001961,NMB,33,42,200,459.0,91800.0
2020-03-05,2020030501001958,NMB,10,38,188,460.0,86480.0
2020-03-05,2020030501001949,NMB,33,45,50,459.0,22950.0
2020-03-05,2020030501001608,NMB,57,21,637,456.0,290472.0
2020-03-05,2020030501001596,NMB,1,21,100,457.0,45700.0
2020-03-05,2020030501001768,NMB,35,25,70,455.0,31850.0
2020-03-05,2020030501001767,NMB,41,25,200,456.0,91200.0
2020-03-05,2020030501001766,NMB,49,25,580,456.0,264480.0
2020-03-05,2020030501001667,NMB,49,44,112,456.0,51072.0
2020-03-05,2020030501001641,NMB,49,21,1308,456.0,596448.0
2020-03-05,2020030501001639,NMB,33,1,500,455.0,227500.0
2020-03-05,2020030501001883,NMB,36,1,700,459.0,321300.0
2020-03-05,2020030501001861,NMB,33,1,50,459.0,22950.0
2020-03-05,2020030501001860,NMB,36,19,1698,459.0,779382.0
2020-03-05,2020030501001851,NMB,50,1,250,459.0,114750.0
2020-03-05,2020030501001803,NMB,50,21,203,458.0,92974.0
2020-03-05,2020030501001796,NMB,45,1,500,456.0,228000.0
2020-03-05,2020030501001931,NMB,48,38,50,460.0,23000.0
2020-03-05,2020030501001925,NMB,40,38,262,460.0,120520.0
2020-03-05,2020030501001924,NMB,40,42,50,460.0,23000.0
2020-03-05,2020030501001923,NMB,40,6,113,460.0,51980.0
2020-03-05,2020030501001922,NMB,40,41,75,460.0,34500.0
2020-03-05,2020030501001913,NMB,26,6,50,460.0,23000.0
2020-03-05,2020030501002000,NMBMF,41,55,414,795.0,329130.0
2020-03-05,2020030501001951,NMBMF,40,55,200,795.0,159000.0
2020-03-05,2020030501001638,NMBMF,38,17,23,780.0,17940.0
2020-03-05,2020030501001637,NMBMF,14,17,37,781.0,28897.0
2020-03-05,2020030501001593,NMBMF,14,41,63,781.0,49203.0
2020-03-05,2020030501001780,NMFBS,33,42,15,1636.0,24540.0
2020-03-05,2020030501001757,NMFBS,16,57,40,1669.0,66760.0
2020-03-05,2020030501001687,NMFBS,58,40,10,1668.0,16680.0
2020-03-05,2020030501001994,NUBL,35,52,10,950.0,9500.0
2020-03-05,2020030501001993,NUBL,38,52,20,950.0,19000.0
2020-03-05,2020030501001992,NUBL,34,52,50,950.0,47500.0
2020-03-05,2020030501001935,NUBL,34,42,50,950.0,47500.0
2020-03-05,2020030501001979,PCBL,11,45,50,301.0,15050.0
2020-03-05,2020030501001966,PCBL,11,49,171,301.0,51471.0
2020-03-05,2020030501001875,PCBL,11,22,150,302.0,45300.0
2020-03-05,2020030501001808,PCBL,36,36,400,301.0,120400.0
2020-03-05,2020030501001759,PCBL,25,42,91,300.0,27300.0
2020-03-05,2020030501001698,PCBL,50,49,100,300.0,30000.0
2020-03-05,2020030501001540,PCBL,22,36,100,301.0,30100.0
2020-03-05,2020030501001592,PFL,13,49,261,160.0,41760.0
2020-03-05,2020030501001901,PIC,29,57,100,612.0,61200.0
2020-03-05,2020030501001900,PIC,29,58,86,612.0,52632.0
2020-03-05,2020030501001871,PIC,38,37,150,605.0,90750.0
2020-03-05,2020030501001798,PICL,28,37,140,469.0,65660.0
2020-03-05,2020030501001797,PICL,10,37,10,469.0,4690.0
2020-03-05,2020030501002010,PLIC,16,51,10,595.0,5950.0
2020-03-05,2020030501001918,PLIC,32,54,150,585.0,87750.0
2020-03-05,2020030501001835,PLIC,35,54,50,586.0,29300.0
2020-03-05,2020030501001721,PLIC,35,35,100,586.0,58600.0
2020-03-05,2020030501001701,PLIC,49,37,200,580.0,116000.0
2020-03-05,2020030501001646,PLIC,34,29,125,585.0,73125.0
2020-03-05,2020030501001645,PLIC,34,5,56,585.0,32760.0
2020-03-05,2020030501001987,PPCL,39,4,10,118.0,1180.0
2020-03-05,2020030501001586,PRIN,53,6,200,440.0,88000.0
2020-03-05,2020030501002013,PRVU,41,34,205,255.0,52275.0
2020-03-05,2020030501002012,PRVU,41,55,95,255.0,24225.0
2020-03-05,2020030501001962,PRVU,56,55,1000,255.0,255000.0
2020-03-05,2020030501001930,PRVU,43,45,50,254.0,12700.0
2020-03-05,2020030501001897,PRVU,43,32,300,254.0,76200.0
2020-03-05,2020030501001887,PRVU,41,55,1225,255.0,312375.0
2020-03-05,2020030501001778,PRVU,51,32,2061,254.0,523494.0
2020-03-05,2020030501001777,PRVU,51,44,2939,254.0,746506.0
2020-03-05,2020030501001693,PRVU,43,50,348,253.0,88044.0
2020-03-05,2020030501001684,PRVU,32,44,1000,254.0,254000.0
2020-03-05,2020030501001564,PRVU,54,44,200,254.0,50800.0
2020-03-05,2020030501001886,PRVU,41,26,125,255.0,31875.0
2020-03-05,2020030501001885,PRVU,41,58,150,255.0,38250.0
2020-03-05,2020030501001874,PRVU,43,51,230,254.0,58420.0
2020-03-05,2020030501001823,PRVU,43,32,194,254.0,49276.0
2020-03-05,2020030501001799,PRVU,54,32,200,254.0,50800.0
2020-03-05,2020030501001794,PRVU,43,42,56,253.0,14168.0
2020-03-05,2020030501001952,RHPC,58,51,70,85.0,5950.0
2020-03-05,2020030501001805,RHPL,22,14,200,159.0,31800.0
2020-03-05,2020030501001804,RHPL,41,14,40,159.0,6360.0
2020-03-05,2020030501001744,RHPL,41,42,40,159.0,6360.0
2020-03-05,2020030501001536,RLFL,25,1,500,146.0,73000.0
2020-03-05,2020030501002015,RMDC,22,48,150,690.0,103500.0
2020-03-05,2020030501001968,RSDC,42,45,11,490.0,5390.0
2020-03-05,2020030501001967,RSDC,42,5,89,490.0,43610.0
2020-03-05,2020030501001842,RSDC,57,5,50,490.0,24500.0
2020-03-05,2020030501001876,SABSL,59,50,11,755.0,8305.0
2020-03-05,2020030501001807,SABSL,59,52,11,760.0,8360.0
2020-03-05,2020030501001779,SABSL,46,55,10,758.0,7580.0
2020-03-05,2020030501001682,SANIMA,47,6,300,360.0,108000.0
2020-03-05,2020030501001681,SANIMA,47,26,110,360.0,39600.0
2020-03-05,2020030501001680,SANIMA,47,56,19,360.0,6840.0
2020-03-05,2020030501001675,SANIMA,43,56,100,360.0,36000.0
2020-03-05,2020030501001625,SANIMA,59,56,100,360.0,36000.0
2020-03-05,2020030501001553,SANIMA,52,56,200,360.0,72000.0
2020-03-05,2020030501001789,SBI,11,5,92,463.0,42596.0
2020-03-05,2020030501001662,SBI,51,22,150,472.0,70800.0
2020-03-05,2020030501001661,SBI,51,20,100,472.0,47200.0
2020-03-05,2020030501001660,SBI,51,48,200,470.0,94000.0
2020-03-05,2020030501001659,SBI,51,16,50,465.0,23250.0
2020-03-05,2020030501001845,SBL,36,41,24,328.0,7872.0
2020-03-05,2020030501001802,SBL,58,29,50,329.0,16450.0
2020-03-05,2020030501001689,SBL,36,45,60,328.0,19680.0
2020-03-05,2020030501001688,SBL,36,44,400,328.0,131200.0
2020-03-05,2020030501001644,SBL,50,19,500,324.0,162000.0
2020-03-05,2020030501001621,SBL,18,44,500,328.0,164000.0
2020-03-05,2020030501001998,SCB,25,41,130,682.0,88660.0
2020-03-05,2020030501001997,SCB,25,16,80,682.0,54560.0
2020-03-05,2020030501001878,SCB,40,16,120,682.0,81840.0
2020-03-05,2020030501001877,SCB,40,1,380,678.0,257640.0
2020-03-05,2020030501001813,SCB,29,1,250,678.0,169500.0
2020-03-05,2020030501001792,SCB,29,49,50,678.0,33900.0
2020-03-05,2020030501001683,SCB,57,45,100,683.0,68300.0
2020-03-05,2020030501001622,SCB,53,45,100,683.0,68300.0
2020-03-05,2020030501001607,SCB,35,48,300,676.0,202800.0
2020-03-05,2020030501001594,SCB,6,43,126,682.0,85932.0
2020-03-05,2020030501002017,SDESI,22,21,23,910.0,20930.0
2020-03-05,2020030501001769,SDESI,22,59,20,910.0,18200.0
2020-03-05,2020030501001731,SDESI,45,46,50,918.0,45900.0
2020-03-05,2020030501001817,SHINE,57,53,1152,294.0,338688.0
2020-03-05,2020030501002024,SHIVM,58,39,50,595.0,29750.0
2020-03-05,2020030501001982,SHIVM,48,39,50,595.0,29750.0
2020-03-05,2020030501001920,SHIVM,48,39,50,595.0,29750.0
2020-03-05,2020030501001848,SHIVM,21,21,110,591.0,65010.0
2020-03-05,2020030501001840,SHIVM,21,39,50,591.0,29550.0
2020-03-05,2020030501001584,SHIVM,29,19,150,600.0,90000.0
2020-03-05,2020030501001816,SHIVM,58,14,500,595.0,297500.0
2020-03-05,2020030501001771,SHIVM,37,39,50,595.0,29750.0
2020-03-05,2020030501001770,SHIVM,40,39,50,595.0,29750.0
2020-03-05,2020030501001739,SHIVM,43,19,100,600.0,60000.0
2020-03-05,2020030501001658,SHPC,29,25,100,214.0,21400.0
2020-03-05,2020030501001606,SHPC,53,25,200,214.0,42800.0
2020-03-05,2020030501001572,SHPC,38,19,8626,213.0,1837338.0
2020-03-05,2020030501002014,SICL,33,16,300,972.0,291600.0
2020-03-05,2020030501001976,SICL,56,14,2000,961.0,1922000.0
2020-03-05,2020030501001890,SIL,1,46,76,562.0,42712.0
2020-03-05,2020030501001889,SIL,1,45,24,561.0,13464.0
2020-03-05,2020030501001732,SIL,46,45,44,561.0,24684.0
2020-03-05,2020030501001907,SINDU,39,50,345,130.0,44850.0
2020-03-05,2020030501001906,SINDU,45,50,100,130.0,13000.0
2020-03-05,2020030501001761,SKBBL,57,17,90,1095.0,98550.0
2020-03-05,2020030501001636,SKBBL,6,17,10,1095.0,10950.0
2020-03-05,2020030501001947,SLICL,36,17,500,464.0,232000.0
2020-03-05,2020030501001832,SLICL,38,17,500,464.0,232000.0
2020-03-05,2020030501001801,SLICL,39,6,100,469.0,46900.0
2020-03-05,2020030501001719,SLICL,39,53,100,464.0,46400.0
2020-03-05,2020030501001678,SLICL,44,53,68,460.0,31280.0
2020-03-05,2020030501001634,SLICL,44,53,200,459.0,91800.0
2020-03-05,2020030501001552,SLICL,44,42,50,455.0,22750.0
2020-03-05,2020030501001972,SMATA,34,37,136,690.0,93840.0
2020-03-05,2020030501001850,SMATA,34,28,120,700.0,84000.0
2020-03-05,2020030501001849,SMATA,34,42,30,700.0,21000.0
2020-03-05,2020030501001833,SMATA,34,28,200,699.0,139800.0
2020-03-05,2020030501001746,SMFBS,34,6,10,963.0,9630.0
2020-03-05,2020030501001843,SPARS,45,6,10,804.0,8040.0
2020-03-05,2020030501001760,SRBL,34,21,155,258.0,39990.0
2020-03-05,2020030501001743,SRBL,34,32,500,260.0,130000.0
2020-03-05,2020030501001549,SRBL,34,49,328,259.0,84952.0
2020-03-05,2020030501001953,UIC,45,35,100,372.0,37200.0
2020-03-05,2020030501001937,UIC,45,35,100,371.0,37100.0
2020-03-05,2020030501001936,UIC,45,35,100,370.0,37000.0
2020-03-05,2020030501001970,UMHL,38,48,317,105.0,33285.0
2020-03-05,2020030501002008,UPCL,14,4,50,76.0,3800.0
2020-03-05,2020030501002026,UPPER,29,4,40,236.0,9440.0
2020-03-05,2020030501001946,UPPER,11,48,20,238.0,4760.0
2020-03-05,2020030501001764,UPPER,29,10,500,236.0,118000.0
2020-03-05,2020030501001943,VLBS,14,21,10,967.0,9670.0
2020-03-05,2020030501001604,VLBS,34,21,90,967.0,87030.0
2020-03-05,2020030501001603,VLBS,34,22,110,966.0,106260.0
2020-03-05,2020030501001838,WOMI,48,22,90,966.0,86940.0
2020-03-05,2020030501001837,WOMI,33,22,10,966.0,9660.0
2020-03-05,2020030501000915,ADBL,22,53,200,408.0,81600.0
2020-03-05,2020030501000856,ADBL,49,40,297,405.0,120285.0
2020-03-05,2020030501000855,ADBL,16,40,203,406.0,82418.0
2020-03-05,2020030501000852,ADBL,16,42,47,406.0,19082.0
2020-03-05,2020030501000851,ADBL,16,38,50,406.0,20300.0
2020-03-05,2020030501000561,ADBL,49,42,200,405.0,81000.0
2020-03-05,2020030501000992,AKPL,46,49,13,122.0,1586.0
2020-03-05,2020030501000608,AKPL,46,42,13,122.0,1586.0
2020-03-05,2020030501000979,ALICL,38,57,100,562.0,56200.0
2020-03-05,2020030501000978,ALICL,57,57,100,562.0,56200.0
2020-03-05,2020030501000682,ALICL,34,45,14,562.0,7868.0
2020-03-05,2020030501000681,ALICL,47,45,50,563.0,28150.0
2020-03-05,2020030501000566,ALICL,34,49,204,562.0,114648.0
2020-03-05,2020030501000774,API,25,17,182,129.0,23478.0
2020-03-05,2020030501000771,API,25,50,318,129.0,41022.0
2020-03-05,2020030501000770,API,25,50,182,131.0,23842.0
2020-03-05,2020030501000645,API,25,42,18,131.0,2358.0
2020-03-05,2020030501000991,BOKL,32,40,50,237.0,11850.0
2020-03-05,2020030501000961,BOKL,39,40,50,241.0,12050.0
2020-03-05,2020030501000960,BOKL,37,40,100,241.0,24100.0
2020-03-05,2020030501000959,BOKL,39,40,200,241.0,48200.0
2020-03-05,2020030501000621,BOKL,22,4,919,245.0,225155.0
2020-03-05,2020030501000620,BOKL,22,37,231,245.0,56595.0
2020-03-05,2020030501000619,BOKL,22,26,50,241.0,12050.0
2020-03-05,2020030501000575,BOKL,22,26,88,241.0,21208.0
2020-03-05,2020030501000574,BOKL,22,6,50,237.0,11850.0
2020-03-05,2020030501000569,BOKL,5,6,100,237.0,23700.0
2020-03-05,2020030501000568,BOKL,5,6,200,237.0,47400.0
2020-03-05,2020030501000567,BOKL,26,6,150,237.0,35550.0
2020-03-05,2020030501001028,CBBL,57,25,46,990.0,45540.0
2020-03-05,2020030501000817,CBBL,58,4,100,986.0,98600.0
2020-03-05,2020030501000668,CBBL,36,45,30,985.0,29550.0
2020-03-05,2020030501000655,CBBL,13,17,27,990.0,26730.0
2020-03-05,2020030501000545,CCBL,51,57,200,183.0,36600.0
2020-03-05,2020030501000544,CCBL,53,57,100,183.0,18300.0
2020-03-05,2020030501000543,CCBL,45,57,1600,183.0,292800.0
2020-03-05,2020030501000631,CHCL,59,1,100,400.0,40000.0
2020-03-05,2020030501000782,CIT,18,45,15,2620.0,39300.0
2020-03-05,2020030501000733,CIT,1,57,20,2611.0,52220.0
2020-03-05,2020030501000694,CIT,14,57,90,2610.0,234900.0
2020-03-05,2020030501000693,CIT,56,57,10,2611.0,26110.0
2020-03-05,2020030501000624,CIT,58,57,200,2611.0,522200.0
2020-03-05,2020030501000891,CZBIL,17,19,911,204.0,185844.0
2020-03-05,2020030501000890,CZBIL,45,19,200,205.0,41000.0
2020-03-05,2020030501000768,CZBIL,45,41,100,205.0,20500.0
2020-03-05,2020030501000756,CZBIL,17,39,200,204.0,40800.0
2020-03-05,2020030501000746,CZBIL,17,45,815,204.0,166260.0
2020-03-05,2020030501000745,CZBIL,43,45,50,204.0,10200.0
2020-03-05,2020030501000744,CZBIL,26,45,35,204.0,7140.0
2020-03-05,2020030501000743,CZBIL,51,45,100,205.0,20500.0
2020-03-05,2020030501000730,CZBIL,51,45,100,205.0,20500.0
2020-03-05,2020030501000750,DDBL,46,8,145,786.0,113970.0
2020-03-05,2020030501000749,DDBL,43,8,100,786.0,78600.0
2020-03-05,2020030501000748,DDBL,50,8,20,787.0,15740.0
2020-03-05,2020030501000673,DDBL,34,56,127,786.0,99822.0
2020-03-05,2020030501000539,DDBL,38,34,75,784.0,58800.0
2020-03-05,2020030501000906,EBL,44,58,1720,725.0,1247000.0
2020-03-05,2020030501000883,EBL,14,58,180,725.0,130500.0
2020-03-05,2020030501000882,EBL,14,45,20,723.0,14460.0
2020-03-05,2020030501000863,EBL,50,45,50,723.0,36150.0
2020-03-05,2020030501000819,EBL,21,28,130,724.0,94120.0
2020-03-05,2020030501000791,EBL,49,45,100,720.0,72000.0
2020-03-05,2020030501000535,EBL,39,14,50,710.0,35500.0
2020-03-05,2020030501000534,EBL,11,14,150,711.0,106650.0
2020-03-05,2020030501000787,EBL,46,14,250,723.0,180750.0
2020-03-05,2020030501000758,EBL,28,57,400,713.0,285200.0
2020-03-05,2020030501000757,EBL,11,57,100,715.0,71500.0
2020-03-05,2020030501000617,EBL,39,14,250,710.0,177500.0
2020-03-05,2020030501000854,EDBL,43,36,200,385.0,77000.0
2020-03-05,2020030501000902,EIC,1,45,20,404.0,8080.0
2020-03-05,2020030501001016,FMDBL,39,44,200,486.0,97200.0
2020-03-05,2020030501000966,FMDBL,17,33,185,485.0,89725.0
2020-03-05,2020030501000965,FMDBL,18,33,15,485.0,7275.0
2020-03-05,2020030501000921,FMDBL,18,45,35,485.0,16975.0
2020-03-05,2020030501000920,FMDBL,26,45,65,487.0,31655.0
2020-03-05,2020030501000860,FMDBL,39,22,30,490.0,14700.0
2020-03-05,2020030501000859,FMDBL,39,42,400,490.0,196000.0
2020-03-05,2020030501000769,FMDBL,26,41,35,487.0,17045.0
2020-03-05,2020030501000637,FMDBL,16,35,200,490.0,98000.0
2020-03-05,2020030501000981,FOWAD,21,36,16,1440.0,23040.0
2020-03-05,2020030501000840,FOWAD,21,49,19,1440.0,27360.0
2020-03-05,2020030501000821,FOWAD,21,32,15,1440.0,21600.0
2020-03-05,2020030501000848,GBBL,25,55,800,237.0,189600.0
2020-03-05,2020030501000847,GBBL,50,55,500,237.0,118500.0
2020-03-05,2020030501000846,GBBL,47,55,200,238.0,47600.0
2020-03-05,2020030501000845,GBBL,46,55,500,238.0,119000.0
2020-03-05,2020030501000975,GBIME,39,45,82,286.0,23452.0
2020-03-05,2020030501000941,GBIME,39,41,450,286.0,128700.0
2020-03-05,2020030501000837,GBIME,49,5,30,287.0,8610.0
2020-03-05,2020030501000773,GBIME,39,45,500,286.0,143000.0
2020-03-05,2020030501000709,GBIME,39,39,338,286.0,96668.0
2020-03-05,2020030501000656,GBIME,39,37,70,286.0,20020.0
2020-03-05,2020030501000547,GBIME,28,26,536,287.0,153832.0
2020-03-05,2020030501000546,GBIME,51,26,114,287.0,32718.0
2020-03-05,2020030501000636,GBIME,39,45,100,286.0,28600.0
2020-03-05,2020030501000612,GBIME,39,21,333,286.0,95238.0
2020-03-05,2020030501000611,GBIME,14,21,400,286.0,114400.0
2020-03-05,2020030501000610,GBIME,41,21,50,287.0,14350.0
2020-03-05,2020030501000609,GBIME,28,21,217,287.0,62279.0
2020-03-05,2020030501000594,GBIME,28,20,247,287.0,70889.0
2020-03-05,2020030501000761,GBLBS,36,57,500,475.0,237500.0
2020-03-05,2020030501000755,GBLBS,57,21,115,480.0,55200.0
2020-03-05,2020030501000708,GBLBS,36,57,900,476.0,428400.0
2020-03-05,2020030501000703,GBLBS,36,20,15,476.0,7140.0
2020-03-05,2020030501000687,GBLBS,36,56,50,476.0,23800.0
2020-03-05,2020030501000658,GBLBS,36,20,15,476.0,7140.0
2020-03-05,2020030501000629,GBLBS,36,20,15,476.0,7140.0
2020-03-05,2020030501000570,GBLBS,36,47,110,475.0,52250.0
2020-03-05,2020030501000537,GBLBS,36,21,340,475.0,161500.0
2020-03-05,2020030501000536,GBLBS,46,21,260,476.0,123760.0
2020-03-05,2020030501000875,GILB,36,13,327,1288.0,421176.0
2020-03-05,2020030501000857,GILB,36,42,23,1288.0,29624.0
2020-03-05,2020030501000785,GILB,36,50,100,1314.0,131400.0
2020-03-05,2020030501001022,GLICL,38,1,10,458.0,4580.0
2020-03-05,2020030501000913,GLICL,38,1,50,458.0,22900.0
2020-03-05,2020030501000841,GLICL,38,1,200,458.0,91600.0
2020-03-05,2020030501000715,GLICL,34,1,50,458.0,22900.0
2020-03-05,2020030501000714,GLICL,43,1,20,458.0,9160.0
2020-03-05,2020030501000713,GLICL,19,1,100,458.0,45800.0
2020-03-05,2020030501000663,GLICL,44,26,20,467.0,9340.0
2020-03-05,2020030501000613,GLICL,22,50,100,470.0,47000.0
2020-03-05,2020030501000556,GLICL,40,40,150,462.0,69300.0
2020-03-05,2020030501000555,GLICL,16,40,100,466.0,46600.0
2020-03-05,2020030501000554,GLICL,26,40,200,467.0,93400.0
2020-03-05,2020030501000553,GLICL,17,40,100,470.0,47000.0
2020-03-05,2020030501000712,GLICL,34,1,470,458.0,215260.0
2020-03-05,2020030501000711,GLICL,43,1,100,461.0,46100.0
2020-03-05,2020030501000667,GLICL,34,59,30,458.0,13740.0
2020-03-05,2020030501000666,GLICL,40,59,50,462.0,23100.0
2020-03-05,2020030501000665,GLICL,38,59,20,467.0,9340.0
2020-03-05,2020030501000664,GLICL,38,26,80,467.0,37360.0
2020-03-05,2020030501000947,GMFBS,28,39,80,781.0,62480.0
2020-03-05,2020030501000861,GMFBS,28,11,100,781.0,78100.0
2020-03-05,2020030501000707,GMFBS,28,4,20,781.0,15620.0
2020-03-05,2020030501000706,GMFBS,43,4,10,781.0,7810.0
2020-03-05,2020030501000549,GMFIL,45,52,10,139.0,1390.0
2020-03-05,2020030501000914,HBL,44,25,100,591.0,59100.0
2020-03-05,2020030501000685,HBL,44,37,116,591.0,68556.0
2020-03-05,2020030501000990,HDL,1,55,80,1580.0,126400.0
2020-03-05,2020030501000983,HDL,7,57,200,1581.0,316200.0
2020-03-05,2020030501000949,HDL,7,57,200,1581.0,316200.0
2020-03-05,2020030501000864,HDL,58,57,190,1581.0,300390.0
2020-03-05,2020030501000850,HDL,53,57,300,1581.0,474300.0
2020-03-05,2020030501000849,HDL,45,57,10,1581.0,15810.0
2020-03-05,2020030501000832,HDL,45,25,190,1581.0,300390.0
2020-03-05,2020030501000831,HDL,7,25,10,1595.0,15950.0
2020-03-05,2020030501000824,HDL,7,53,630,1595.0,1004850.0
2020-03-05,2020030501000806,HDL,53,53,10,1595.0,15950.0
2020-03-05,2020030501000764,HDL,14,53,110,1595.0,175450.0
2020-03-05,2020030501000559,HDL,11,14,150,1570.0,235500.0
2020-03-05,2020030501001017,ICFC,34,6,100,186.0,18600.0
2020-03-05,2020030501000929,ICFC,38,6,100,186.0,18600.0
2020-03-05,2020030501001009,IGI,34,33,50,428.0,21400.0
2020-03-05,2020030501001025,ILBS,32,49,10,726.0,7260.0
2020-03-05,2020030501001007,ILBS,32,32,10,726.0,7260.0
2020-03-05,2020030501000974,ILBS,32,49,10,726.0,7260.0
2020-03-05,2020030501000926,ILBS,32,49,10,726.0,7260.0
2020-03-05,2020030501000876,ILBS,32,3,10,726.0,7260.0
2020-03-05,2020030501000977,JBBL,46,6,100,188.0,18800.0
2020-03-05,2020030501000925,JSLBB,28,42,22,1466.0,32252.0
2020-03-05,2020030501000924,JSLBB,34,42,10,1466.0,14660.0
2020-03-05,2020030501000993,KBL,5,50,45,208.0,9360.0
2020-03-05,2020030501000784,KBL,5,46,58,208.0,12064.0
2020-03-05,2020030501000783,KBL,5,1,355,206.0,73130.0
2020-03-05,2020030501000781,KBL,48,1,2645,206.0,544870.0
2020-03-05,2020030501000780,KBL,48,39,300,206.0,61800.0
2020-03-05,2020030501000688,KBL,48,44,55,207.0,11385.0
2020-03-05,2020030501000654,KBL,43,48,209,205.0,42845.0
2020-03-05,2020030501000587,KBL,43,34,1000,205.0,205000.0
2020-03-05,2020030501000948,KMCDB,54,34,10,847.0,8470.0
2020-03-05,2020030501000705,KMCDB,18,34,10,863.0,8630.0
2020-03-05,2020030501000672,KMCDB,18,38,10,868.0,8680.0
2020-03-05,2020030501000898,LGIL,51,57,100,481.0,48100.0
2020-03-05,2020030501000897,LGIL,32,57,172,481.0,82732.0
2020-03-05,2020030501000869,LGIL,32,5,28,481.0,13468.0
2020-03-05,2020030501000868,LGIL,46,5,50,481.0,24050.0
2020-03-05,2020030501000562,LICN,14,17,319,1474.0,470206.0
2020-03-05,2020030501000710,LLBS,21,37,27,1005.0,27135.0
2020-03-05,2020030501000573,LLBS,34,18,478,998.0,477044.0
2020-03-05,2020030501000572,LLBS,57,18,10,998.0,9980.0
2020-03-05,2020030501000571,LLBS,28,18,112,1000.0,112000.0
2020-03-05,2020030501001021,MBL,34,45,150,245.0,36750.0
2020-03-05,2020030501000767,MBL,34,47,10,250.0,2500.0
2020-03-05,2020030501000989,MDB,40,1,500,455.0,227500.0
2020-03-05,2020030501001031,MEGA,5,45,300,223.0,66900.0
2020-03-05,2020030501001030,MEGA,58,45,200,223.0,44600.0
2020-03-05,2020030501000995,MEGA,58,36,100,223.0,22300.0
2020-03-05,2020030501000901,MEGA,44,50,1000,224.0,224000.0
2020-03-05,2020030501000563,MEGA,51,25,200,227.0,45400.0
2020-03-05,2020030501000867,MEGA,32,41,500,225.0,112500.0
2020-03-05,2020030501000805,MEGA,32,41,200,225.0,45000.0
2020-03-05,2020030501000690,MEGA,32,41,100,225.0,22500.0
2020-03-05,2020030501000644,MEGA,32,39,700,225.0,157500.0
2020-03-05,2020030501000632,MEGA,32,8,200,225.0,45000.0
2020-03-05,2020030501000625,MEGA,32,39,300,225.0,67500.0
2020-03-05,2020030501000858,MERO,57,21,50,643.0,32150.0
2020-03-05,2020030501000704,MFIL,49,34,61,285.0,17385.0
2020-03-05,2020030501000927,MNBBL,48,21,449,324.0,145476.0
2020-03-05,2020030501000907,MNBBL,48,21,51,324.0,16524.0
2020-03-05,2020030501000894,MNBBL,58,32,1000,325.0,325000.0
2020-03-05,2020030501000893,MNBBL,58,57,352,325.0,114400.0
2020-03-05,2020030501000892,MNBBL,58,42,100,325.0,32500.0
2020-03-05,2020030501000734,MNBBL,52,42,200,325.0,65000.0
2020-03-05,2020030501000699,MNBBL,48,49,49,324.0,15876.0
2020-03-05,2020030501000646,MNBBL,53,49,2500,324.0,810000.0
2020-03-05,2020030501000603,MNBBL,20,49,30,324.0,9720.0
2020-03-05,2020030501000596,MNBBL,47,48,200,321.0,64200.0
2020-03-05,2020030501000595,MNBBL,44,48,100,321.0,32100.0
2020-03-05,2020030501000830,MSMBS,13,48,100,739.0,73900.0
2020-03-05,2020030501000997,NABIL,17,51,24,820.0,19680.0
2020-03-05,2020030501000792,NABIL,33,33,1634,820.0,1339880.0
2020-03-05,2020030501000776,NABIL,33,33,1164,820.0,954480.0
2020-03-05,2020030501000775,NABIL,33,45,336,820.0,275520.0
2020-03-05,2020030501000737,NABIL,6,45,164,820.0,134480.0
2020-03-05,2020030501000736,NABIL,6,13,36,819.0,29484.0
2020-03-05,2020030501000593,NABIL,58,34,500,813.0,406500.0
2020-03-05,2020030501000589,NABIL,58,40,200,813.0,162600.0
2020-03-05,2020030501000542,NABIL,58,48,300,813.0,243900.0
2020-03-05,2020030501000540,NABIL,46,53,86,815.0,70090.0
2020-03-05,2020030501000735,NABIL,6,4,100,815.0,81500.0
2020-03-05,2020030501000725,NABIL,34,58,66,814.0,53724.0
2020-03-05,2020030501000724,NABIL,22,58,100,815.0,81500.0
2020-03-05,2020030501000723,NABIL,11,58,11,815.0,8965.0
2020-03-05,2020030501000660,NABIL,11,41,26,815.0,21190.0
2020-03-05,2020030501000601,NABIL,11,56,13,815.0,10595.0
2020-03-05,2020030501001013,NADEP,32,38,50,686.0,34300.0
2020-03-05,2020030501001008,NBB,52,4,58,219.0,12702.0
2020-03-05,2020030501000969,NBB,54,4,50,219.0,10950.0
2020-03-05,2020030501000968,NBB,50,4,716,219.0,156804.0
2020-03-05,2020030501000912,NBB,51,7,200,220.0,44000.0
2020-03-05,2020030501000911,NBB,51,6,50,220.0,11000.0
2020-03-05,2020030501000818,NBB,50,16,137,219.0,30003.0
2020-03-05,2020030501000801,NBB,50,57,1000,219.0,219000.0
2020-03-05,2020030501000766,NBB,50,25,360,219.0,78840.0
2020-03-05,2020030501000732,NBB,35,6,450,220.0,99000.0
2020-03-05,2020030501000635,NBB,50,45,224,219.0,49056.0
2020-03-05,2020030501000954,NBL,7,48,19,281.0,5339.0
2020-03-05,2020030501000747,NBL,43,53,941,282.0,265362.0
2020-03-05,2020030501000697,NBL,34,53,109,282.0,30738.0
2020-03-05,2020030501000686,NBL,43,53,500,282.0,141000.0
2020-03-05,2020030501000630,NBL,43,44,348,284.0,98832.0
2020-03-05,2020030501000618,NBL,7,39,300,281.0,84300.0
2020-03-05,2020030501000651,NCCB,35,50,402,201.0,80802.0
2020-03-05,2020030501000628,NCCB,17,49,448,200.0,89600.0
2020-03-05,2020030501000627,NCCB,41,49,100,201.0,20100.0
2020-03-05,2020030501000626,NCCB,28,49,51,201.0,10251.0
2020-03-05,2020030501000923,NGPL,35,48,11,113.0,1243.0
2020-03-05,2020030501000640,NGPL,11,49,11,115.0,1265.0
2020-03-05,2020030501000910,NIB,57,48,46,404.0,18584.0
2020-03-05,2020030501000909,NIB,38,48,100,404.0,40400.0
2020-03-05,2020030501000790,NIB,38,37,44,401.0,17644.0
2020-03-05,2020030501000649,NIB,58,45,106,400.0,42400.0
2020-03-05,2020030501000616,NIB,58,40,94,400.0,37600.0
2020-03-05,2020030501000615,NIB,6,40,156,400.0,62400.0
2020-03-05,2020030501000614,NIB,38,40,100,408.0,40800.0
2020-03-05,2020030501001019,NIBPO,39,4,50,355.0,17750.0
2020-03-05,2020030501000935,NICA,28,51,100,570.0,57000.0
2020-03-05,2020030501000934,NICA,28,44,550,570.0,313500.0
2020-03-05,2020030501000933,NICA,28,48,100,570.0,57000.0
2020-03-05,2020030501000932,NICA,28,56,100,570.0,57000.0
2020-03-05,2020030501000918,NICA,29,57,500,565.0,282500.0
2020-03-05,2020030501000917,NICA,28,48,1000,569.0,569000.0
2020-03-05,2020030501000659,NICA,34,28,500,565.0,282500.0
2020-03-05,2020030501000565,NICA,47,48,204,564.0,115056.0
2020-03-05,2020030501000564,NICA,6,48,96,564.0,54144.0
2020-03-05,2020030501000551,NICA,6,57,104,564.0,58656.0
2020-03-05,2020030501000550,NICA,45,57,131,564.0,73884.0
2020-03-05,2020030501000760,NICA,6,3,55,567.0,31185.0
2020-03-05,2020030501000741,NICA,6,5,12,565.0,6780.0
2020-03-05,2020030501000739,NICA,49,36,1004,564.0,566256.0
2020-03-05,2020030501000738,NICA,47,36,296,564.0,166944.0
2020-03-05,2020030501000698,NICA,34,5,100,565.0,56500.0
2020-03-05,2020030501000689,NICA,34,26,400,565.0,226000.0
2020-03-05,2020030501000874,NICA,49,42,620,564.0,349680.0
2020-03-05,2020030501000873,NICA,53,42,150,565.0,84750.0
2020-03-05,2020030501000872,NICA,56,42,30,565.0,16950.0
2020-03-05,2020030501000871,NICA,56,42,200,566.0,113200.0
2020-03-05,2020030501000778,NICA,41,48,500,565.0,282500.0
2020-03-05,2020030501000777,NICA,49,48,1000,565.0,565000.0
2020-03-05,2020030501000829,NICL,49,57,95,445.0,42275.0
2020-03-05,2020030501000828,NICL,28,57,100,445.0,44500.0
2020-03-05,2020030501000827,NICL,6,57,100,445.0,44500.0
2020-03-05,2020030501000826,NICL,52,57,100,446.0,44600.0
2020-03-05,2020030501000825,NICL,34,57,100,447.0,44700.0
2020-03-05,2020030501000731,NICL,6,5,50,446.0,22300.0
2020-03-05,2020030501001026,NIL,46,56,50,560.0,28000.0
2020-03-05,2020030501000971,NIL,34,56,100,560.0,56000.0
2020-03-05,2020030501000970,NIL,46,56,100,560.0,56000.0
2020-03-05,2020030501000963,NIL,47,5,42,560.0,23520.0
2020-03-05,2020030501000729,NIL,38,36,80,568.0,45440.0
2020-03-05,2020030501001000,NLBBL,44,46,500,712.0,356000.0
2020-03-05,2020030501000999,NLBBL,33,46,94,713.0,67022.0
2020-03-05,2020030501000962,NLBBL,33,21,50,713.0,35650.0
2020-03-05,2020030501000928,NLBBL,33,39,176,713.0,125488.0
2020-03-05,2020030501000740,NLBBL,33,42,85,713.0,60605.0
2020-03-05,2020030501001020,NLIC,44,3,22,1231.0,27082.0
2020-03-05,2020030501000988,NLIC,44,37,114,1231.0,140334.0
2020-03-05,2020030501000987,NLIC,56,37,100,1231.0,123100.0
2020-03-05,2020030501000986,NLIC,36,37,20,1232.0,24640.0
2020-03-05,2020030501000985,NLIC,45,37,66,1232.0,81312.0
2020-03-05,2020030501000980,NLIC,45,42,22,1232.0,27104.0
2020-03-05,2020030501000661,NLIC,17,49,10,1233.0,12330.0
2020-03-05,2020030501000922,NLIC,16,42,100,1233.0,123300.0
2020-03-05,2020030501000833,NLIC,45,37,86,1232.0,105952.0
2020-03-05,2020030501000789,NLIC,45,10,26,1232.0,32032.0
2020-03-05,2020030501000788,NLIC,57,10,18,1232.0,22176.0
2020-03-05,2020030501000692,NLIC,57,41,50,1232.0,61600.0
2020-03-05,2020030501000662,NLIC,57,49,76,1233.0,93708.0
2020-03-05,2020030501001015,NMB,45,11,89,453.0,40317.0
2020-03-05,2020030501001014,NMB,28,11,61,456.0,27816.0
2020-03-05,2020030501001003,NMB,28,38,12,456.0,5472.0
2020-03-05,2020030501001002,NMB,28,34,227,456.0,103512.0
2020-03-05,2020030501001001,NMB,28,41,500,455.0,227500.0
2020-03-05,2020030501000973,NMB,45,34,273,456.0,124488.0
2020-03-05,2020030501000647,NMB,44,3,150,455.0,68250.0
2020-03-05,2020030501000643,NMB,51,53,122,452.0,55144.0
2020-03-05,2020030501000642,NMB,34,53,30,452.0,13560.0
2020-03-05,2020030501000641,NMB,34,53,584,452.0,263968.0
2020-03-05,2020030501000638,NMB,34,25,150,452.0,67800.0
2020-03-05,2020030501000541,NMB,34,19,266,452.0,120232.0
2020-03-05,2020030501000843,NMB,49,48,940,453.0,425820.0
2020-03-05,2020030501000839,NMB,49,28,60,453.0,27180.0
2020-03-05,2020030501000815,NMB,50,28,200,453.0,90600.0
2020-03-05,2020030501000814,NMB,58,28,200,453.0,90600.0
2020-03-05,2020030501000813,NMB,41,28,30,454.0,13620.0
2020-03-05,2020030501000812,NMB,17,28,10,454.0,4540.0
2020-03-05,2020030501000950,NMB,45,46,330,455.0,150150.0
2020-03-05,2020030501000940,NMB,51,29,300,452.0,135600.0
2020-03-05,2020030501000904,NMB,41,43,300,454.0,136200.0
2020-03-05,2020030501000903,NMB,51,41,440,452.0,198880.0
2020-03-05,2020030501000900,NMB,51,53,500,452.0,226000.0
2020-03-05,2020030501000844,NMB,51,48,496,452.0,224192.0
2020-03-05,2020030501000972,NMB,45,52,227,456.0,103512.0
2020-03-05,2020030501000956,NMB,41,21,258,452.0,116616.0
2020-03-05,2020030501000955,NMB,51,21,142,452.0,64184.0
2020-03-05,2020030501000953,NMB,45,52,270,456.0,123120.0
2020-03-05,2020030501000952,NMB,45,48,100,455.0,45500.0
2020-03-05,2020030501000951,NMB,45,6,300,455.0,136500.0
2020-03-05,2020030501000862,NMBMF,38,17,300,790.0,237000.0
2020-03-05,2020030501000670,NMBMF,58,17,100,776.0,77600.0
2020-03-05,2020030501000669,NMBMF,16,17,200,776.0,155200.0
2020-03-05,2020030501000653,NMBMF,25,17,10,791.0,7910.0
2020-03-05,2020030501000652,NMBMF,45,17,50,791.0,39550.0
2020-03-05,2020030501000634,NMBMF,45,47,50,791.0,39550.0
2020-03-05,2020030501000602,NMBMF,14,34,100,792.0,79200.0
2020-03-05,2020030501001024,NMFBS,33,5,15,1636.0,24540.0
2020-03-05,2020030501000795,NMFBS,33,47,29,1669.0,48401.0
2020-03-05,2020030501000794,NMFBS,33,47,10,1670.0,16700.0
2020-03-05,2020030501000759,NMFBS,33,42,15,1670.0,25050.0
2020-03-05,2020030501000657,NSEWA,43,37,10,692.0,6920.0
2020-03-05,2020030501000919,NUBL,36,45,500,955.0,477500.0
2020-03-05,2020030501000939,PCBL,33,54,500,300.0,150000.0
2020-03-05,2020030501000938,PCBL,33,56,440,300.0,132000.0
2020-03-05,2020030501000937,PCBL,33,46,155,300.0,46500.0
2020-03-05,2020030501000936,PCBL,33,37,100,299.0,29900.0
2020-03-05,2020030501000796,PCBL,11,37,200,299.0,59800.0
2020-03-05,2020030501000684,PCBL,50,36,87,298.0,25926.0
2020-03-05,2020030501000683,PCBL,49,36,413,298.0,123074.0
2020-03-05,2020030501000650,PCBL,49,40,550,298.0,163900.0
2020-03-05,2020030501000557,PCBL,49,37,37,298.0,11026.0
2020-03-05,2020030501000931,PIC,21,19,21,596.0,12516.0
2020-03-05,2020030501000930,PIC,46,19,79,597.0,47163.0
2020-03-05,2020030501000786,PIC,46,41,21,597.0,12537.0
2020-03-05,2020030501001029,PLIC,49,36,100,575.0,57500.0
2020-03-05,2020030501000957,PLIC,34,14,78,584.0,45552.0
2020-03-05,2020030501000853,PLIC,34,6,100,573.0,57300.0
2020-03-05,2020030501000823,PLIC,34,35,500,574.0,287000.0
2020-03-05,2020030501000799,PLIC,46,14,100,584.0,58400.0
2020-03-05,2020030501000798,PLIC,49,14,22,584.0,12848.0
2020-03-05,2020030501000633,PLIC,49,51,100,584.0,58400.0
2020-03-05,2020030501000533,PLIC,34,37,200,585.0,117000.0
2020-03-05,2020030501000584,PRIN,18,6,100,437.0,43700.0
2020-03-05,2020030501000583,PRIN,13,6,200,437.0,87400.0
2020-03-05,2020030501000582,PRIN,43,6,100,437.0,43700.0
2020-03-05,2020030501000581,PRIN,25,6,500,437.0,218500.0
2020-03-05,2020030501000580,PRIN,44,6,200,437.0,87400.0
2020-03-05,2020030501000579,PRIN,51,6,89,438.0,38982.0
2020-03-05,2020030501000946,PRVU,35,44,8018,253.0,2028554.0
2020-03-05,2020030501000945,PRVU,34,44,962,253.0,243386.0
2020-03-05,2020030501000944,PRVU,59,44,300,254.0,76200.0
2020-03-05,2020030501000943,PRVU,34,44,500,254.0,127000.0
2020-03-05,2020030501000942,PRVU,13,44,220,254.0,55880.0
2020-03-05,2020030501000836,PRVU,13,39,80,254.0,20320.0
2020-03-05,2020030501000793,PRVU,13,21,100,254.0,25400.0
2020-03-05,2020030501000754,PRVU,34,25,38,253.0,9614.0
2020-03-05,2020030501000753,PRVU,51,25,344,253.0,87032.0
2020-03-05,2020030501000639,PRVU,51,34,196,253.0,49588.0
2020-03-05,2020030501000548,PRVU,51,14,160,253.0,40480.0
2020-03-05,2020030501000982,RHPL,41,48,50,159.0,7950.0
2020-03-05,2020030501000976,RHPL,41,17,30,159.0,4770.0
2020-03-05,2020030501000691,RHPL,41,49,40,159.0,6360.0
2020-03-05,2020030501000804,RMDC,46,39,200,677.0,135400.0
2020-03-05,2020030501000600,RMDC,34,5,23,676.0,15548.0
2020-03-05,2020030501000599,RMDC,34,47,100,676.0,67600.0
2020-03-05,2020030501000598,RMDC,34,35,30,676.0,20280.0
2020-03-05,2020030501000671,RSDC,49,28,500,499.0,249500.0
2020-03-05,2020030501000877,SABSL,51,35,11,778.0,8558.0
2020-03-05,2020030501001018,SANIMA,44,22,210,356.0,74760.0
2020-03-05,2020030501000964,SANIMA,44,5,255,356.0,90780.0
2020-03-05,2020030501000889,SANIMA,44,49,411,356.0,146316.0
2020-03-05,2020030501000888,SANIMA,38,49,100,356.0,35600.0
2020-03-05,2020030501000887,SANIMA,44,49,100,356.0,35600.0
2020-03-05,2020030501000886,SANIMA,35,49,1000,356.0,356000.0
2020-03-05,2020030501000885,SANIMA,52,49,50,356.0,17800.0
2020-03-05,2020030501000884,SANIMA,59,49,356,356.0,126736.0
2020-03-05,2020030501000591,SANIMA,59,19,644,356.0,229264.0
2020-03-05,2020030501000590,SANIMA,22,19,500,356.0,178000.0
2020-03-05,2020030501000552,SANIMA,59,56,500,360.0,180000.0
2020-03-05,2020030501001012,SBI,46,35,200,463.0,92600.0
2020-03-05,2020030501001011,SBI,46,45,90,463.0,41670.0
2020-03-05,2020030501000967,SBI,33,39,68,454.0,30872.0
2020-03-05,2020030501000728,SBI,33,26,100,454.0,45400.0
2020-03-05,2020030501000727,SBI,50,26,100,454.0,45400.0
2020-03-05,2020030501000726,SBI,38,26,100,454.0,45400.0
2020-03-05,2020030501000576,SBI,34,45,152,463.0,70376.0
2020-03-05,2020030501000834,SBL,11,8,57,323.0,18411.0
2020-03-05,2020030501000751,SBL,13,59,50,324.0,16200.0
2020-03-05,2020030501000702,SBL,13,42,450,324.0,145800.0
2020-03-05,2020030501000701,SBL,44,42,653,324.0,211572.0
2020-03-05,2020030501000700,SBL,5,42,50,325.0,16250.0
2020-03-05,2020030501000532,SBL,44,52,100,324.0,32400.0
2020-03-05,2020030501001006,SCB,49,34,420,660.0,277200.0
2020-03-05,2020030501001005,SCB,49,42,25,652.0,16300.0
2020-03-05,2020030501001004,SCB,29,42,20,652.0,13040.0
2020-03-05,2020030501000905,SCB,46,40,100,650.0,65000.0
2020-03-05,2020030501000896,SCB,46,55,250,650.0,162500.0
2020-03-05,2020030501000675,SCB,54,40,20,674.0,13480.0
2020-03-05,2020030501000762,SCB,29,10,20,660.0,13200.0
2020-03-05,2020030501000680,SCB,57,40,100,672.0,67200.0
2020-03-05,2020030501000679,SCB,54,40,100,672.0,67200.0
2020-03-05,2020030501000678,SCB,25,40,10,672.0,6720.0
2020-03-05,2020030501000677,SCB,44,40,100,672.0,67200.0
2020-03-05,2020030501000676,SCB,29,40,20,673.0,13460.0
2020-03-05,2020030501000895,SCB,38,55,200,651.0,130200.0
2020-03-05,2020030501000835,SCB,44,58,460,650.0,299000.0
2020-03-05,2020030501000808,SCB,57,58,30,650.0,19500.0
2020-03-05,2020030501000807,SCB,29,58,410,659.0,270190.0
2020-03-05,2020030501000802,SCB,29,10,70,659.0,46130.0
2020-03-05,2020030501000763,SCB,25,10,10,659.0,6590.0
2020-03-05,2020030501001027,SDESI,33,52,13,898.0,11674.0
2020-03-05,2020030501000908,SDESI,33,55,11,898.0,9878.0
2020-03-05,2020030501000752,SDESI,34,6,50,916.0,45800.0
2020-03-05,2020030501000696,SDESI,21,39,150,934.0,140100.0
2020-03-05,2020030501000695,SDESI,34,39,50,934.0,46700.0
2020-03-05,2020030501000622,SDESI,36,33,72,953.0,68616.0
2020-03-05,2020030501000592,SDESI,36,54,23,953.0,21919.0
2020-03-05,2020030501000588,SDESI,36,5,23,953.0,21919.0
2020-03-05,2020030501000586,SDESI,36,55,59,953.0,56227.0
2020-03-05,2020030501000577,SDESI,36,54,23,953.0,21919.0
2020-03-05,2020030501000606,SHINE,38,53,200,289.0,57800.0
2020-03-05,2020030501000605,SHINE,8,53,299,290.0,86710.0
2020-03-05,2020030501000648,SHINE,49,53,49,294.0,14406.0
2020-03-05,2020030501000607,SHINE,47,53,500,289.0,144500.0
2020-03-05,2020030501000881,SHIVM,52,51,50,590.0,29500.0
2020-03-05,2020030501000880,SHIVM,52,53,1000,590.0,590000.0
2020-03-05,2020030501000879,SHIVM,52,19,120,590.0,70800.0
2020-03-05,2020030501000878,SHIVM,52,53,641,590.0,378190.0
2020-03-05,2020030501000822,SHIVM,14,34,50,587.0,29350.0
2020-03-05,2020030501000803,SHIVM,14,56,50,587.0,29350.0
2020-03-05,2020030501000717,SHIVM,1,39,500,588.0,294000.0
2020-03-05,2020030501000716,SHIVM,4,39,10,588.0,5880.0
2020-03-05,2020030501000597,SHIVM,4,57,50,588.0,29400.0
2020-03-05,2020030501000560,SHIVM,46,53,359,590.0,211810.0
2020-03-05,2020030501000800,SHIVM,5,57,200,586.0,117200.0
2020-03-05,2020030501000772,SHIVM,29,39,50,587.0,29350.0
2020-03-05,2020030501000765,SHIVM,49,39,50,587.0,29350.0
2020-03-05,2020030501000742,SHIVM,5,39,55,586.0,32230.0
2020-03-05,2020030501000719,SHIVM,22,39,200,587.0,117400.0
2020-03-05,2020030501000718,SHIVM,59,39,200,587.0,117400.0
2020-03-05,2020030501000842,SHPC,33,26,162,206.0,33372.0
2020-03-05,2020030501000674,SIL,46,47,200,551.0,110200.0
2020-03-05,2020030501000623,SIL,46,37,300,551.0,165300.0
2020-03-05,2020030501000585,SIL,46,46,200,551.0,110200.0
2020-03-05,2020030501000996,SJCL,41,48,20,154.0,3080.0
2020-03-05,2020030501000958,SJCL,41,17,20,154.0,3080.0
2020-03-05,2020030501000916,SKBBL,13,50,535,1074.0,574590.0
2020-03-05,2020030501000810,SKBBL,28,50,120,1074.0,128880.0
2020-03-05,2020030501000809,SKBBL,28,35,180,1074.0,193320.0
2020-03-05,2020030501000797,SKBBL,19,50,100,1075.0,107500.0
2020-03-05,2020030501000578,SKBBL,36,59,100,1072.0,107200.0
2020-03-05,2020030501000984,SLICL,57,57,426,443.0,188718.0
2020-03-05,2020030501000722,SLICL,44,40,50,442.0,22100.0
2020-03-05,2020030501000721,SLICL,34,40,500,443.0,221500.0
2020-03-05,2020030501000720,SLICL,57,40,200,444.0,88800.0
2020-03-05,2020030501000820,SMATA,34,28,200,690.0,138000.0
2020-03-05,2020030501000558,SMATA,34,28,50,690.0,34500.0
2020-03-05,2020030501000998,SPARS,21,59,20,820.0,16400.0
2020-03-05,2020030501000811,SPARS,21,6,130,820.0,106600.0
2020-03-05,2020030501000838,SRBL,45,25,101,257.0,25957.0
2020-03-05,2020030501000816,SRBL,45,10,100,257.0,25700.0
2020-03-05,2020030501001010,UIC,52,38,25,373.0,9325.0
2020-03-05,2020030501001023,UMHL,46,48,20,105.0,2100.0
2020-03-05,2020030501000994,UPPER,33,17,50,234.0,11700.0
2020-03-05,2020030501000870,UPPER,33,34,500,236.0,118000.0
2020-03-05,2020030501000538,VLBS,34,16,200,949.0,189800.0
2020-03-05,2020030501000866,WOMI,52,48,100,976.0,97600.0
2020-03-05,2020030501000865,WOMI,52,55,20,970.0,19400.0
2020-03-05,2020030501000779,WOMI,17,4,100,961.0,96100.0
2020-03-05,2020030501001472,ADBL,14,48,40,401.0,16040.0
2020-03-05,2020030501001353,ADBL,34,48,97,400.0,38800.0
2020-03-05,2020030501001352,ADBL,22,48,250,400.0,100000.0
2020-03-05,2020030501001351,ADBL,42,48,200,400.0,80000.0
2020-03-05,2020030501001350,ADBL,13,48,50,400.0,20000.0
2020-03-05,2020030501001061,ADBL,49,53,904,408.0,368832.0
2020-03-05,2020030501001339,ADBL,49,14,200,405.0,81000.0
2020-03-05,2020030501001276,ADBL,49,36,1000,405.0,405000.0
2020-03-05,2020030501001131,ADBL,51,21,50,406.0,20300.0
2020-03-05,2020030501001130,ADBL,13,21,50,406.0,20300.0
2020-03-05,2020030501001062,ADBL,49,55,96,408.0,39168.0
2020-03-05,2020030501001349,ADBL,49,48,1000,400.0,400000.0
2020-03-05,2020030501001348,ADBL,37,48,50,400.0,20000.0
2020-03-05,2020030501001347,ADBL,29,48,500,401.0,200500.0
2020-03-05,2020030501001346,ADBL,49,48,1000,401.0,401000.0
2020-03-05,2020030501001345,ADBL,51,48,50,401.0,20050.0
2020-03-05,2020030501001344,ADBL,49,48,303,405.0,122715.0
2020-03-05,2020030501001414,ALICL,45,32,250,570.0,142500.0
2020-03-05,2020030501001335,ALICL,52,53,300,569.0,170700.0
2020-03-05,2020030501001311,ALICL,50,34,20,565.0,11300.0
2020-03-05,2020030501001288,ALICL,50,59,300,565.0,169500.0
2020-03-05,2020030501001249,ALICL,45,57,50,562.0,28100.0
2020-03-05,2020030501001514,BOKL,22,22,203,240.0,48720.0
2020-03-05,2020030501001513,BOKL,33,22,20,240.0,4800.0
2020-03-05,2020030501001433,BOKL,33,14,200,240.0,48000.0
2020-03-05,2020030501001432,BOKL,33,13,280,240.0,67200.0
2020-03-05,2020030501001426,BOKL,13,13,20,240.0,4800.0
2020-03-05,2020030501001321,BOKL,11,13,200,240.0,48000.0
2020-03-05,2020030501001137,BOKL,33,37,300,236.0,70800.0
2020-03-05,2020030501001124,BOKL,33,36,50,236.0,11800.0
2020-03-05,2020030501001123,BOKL,13,36,50,236.0,11800.0
2020-03-05,2020030501001046,BOKL,21,40,100,237.0,23700.0
2020-03-05,2020030501001470,CBBL,16,4,50,1004.0,50200.0
2020-03-05,2020030501001358,CBBL,45,52,50,1000.0,50000.0
2020-03-05,2020030501001357,CBBL,45,14,10,1000.0,10000.0
2020-03-05,2020030501001337,CBBL,21,14,10,1000.0,10000.0
2020-03-05,2020030501001203,CBBL,44,36,100,991.0,99100.0
2020-03-05,2020030501001365,CBL,51,52,900,149.0,134100.0
2020-03-05,2020030501001125,CCBL,22,28,200,183.0,36600.0
2020-03-05,2020030501001090,CCBL,32,28,500,183.0,91500.0
2020-03-05,2020030501001488,CHCL,36,38,150,404.0,60600.0
2020-03-05,2020030501001179,CHCL,59,42,180,397.0,71460.0
2020-03-05,2020030501001390,CIT,52,52,50,2663.0,133150.0
2020-03-05,2020030501001286,CIT,7,17,10,2672.0,26720.0
2020-03-05,2020030501001266,CIT,41,50,30,2662.0,79860.0
2020-03-05,2020030501001238,CIT,41,17,50,2662.0,133100.0
2020-03-05,2020030501001237,CIT,41,46,33,2650.0,87450.0
2020-03-05,2020030501001202,CIT,58,17,10,2662.0,26620.0
2020-03-05,2020030501001165,CIT,53,46,20,2620.0,52400.0
2020-03-05,2020030501001086,CORBL,38,32,50,128.0,6400.0
2020-03-05,2020030501001457,CZBIL,58,35,713,205.0,146165.0
2020-03-05,2020030501001065,CZBIL,1,4,176,204.0,35904.0
2020-03-05,2020030501001064,CZBIL,5,4,250,204.0,51000.0
2020-03-05,2020030501001063,CZBIL,17,4,574,204.0,117096.0
2020-03-05,2020030501001485,DDBL,25,6,86,832.0,71552.0
2020-03-05,2020030501001450,DDBL,3,45,50,820.0,41000.0
2020-03-05,2020030501001403,DDBL,38,14,160,816.0,130560.0
2020-03-05,2020030501001399,DDBL,35,14,20,816.0,16320.0
2020-03-05,2020030501001380,DDBL,38,29,135,810.0,109350.0
2020-03-05,2020030501001309,DDBL,45,48,10,801.0,8010.0
2020-03-05,2020030501001250,DHPL,42,42,10,50.0,500.0
2020-03-05,2020030501001530,EBL,56,54,400,738.0,295200.0
2020-03-05,2020030501001379,EBL,51,20,75,725.0,54375.0
2020-03-05,2020030501001355,EBL,6,20,300,725.0,217500.0
2020-03-05,2020030501001354,EBL,50,20,625,725.0,453125.0
2020-03-05,2020030501001331,EBL,50,49,275,725.0,199375.0
2020-03-05,2020030501001330,EBL,6,49,25,726.0,18150.0
2020-03-05,2020030501001329,EBL,37,49,200,726.0,145200.0
2020-03-05,2020030501001187,EBL,50,36,100,725.0,72500.0
2020-03-05,2020030501001452,EIC,7,36,100,400.0,40000.0
2020-03-05,2020030501001416,FMDBL,39,58,481,478.0,229918.0
2020-03-05,2020030501001415,FMDBL,38,58,19,478.0,9082.0
2020-03-05,2020030501001378,FMDBL,52,36,100,480.0,48000.0
2020-03-05,2020030501001225,FMDBL,38,37,81,478.0,38718.0
2020-03-05,2020030501001224,FMDBL,39,37,319,479.0,152801.0
2020-03-05,2020030501001223,FMDBL,39,39,214,479.0,102506.0
2020-03-05,2020030501001186,FMDBL,39,20,267,479.0,127893.0
2020-03-05,2020030501001185,FMDBL,34,20,10,481.0,4810.0
2020-03-05,2020030501001184,FMDBL,17,20,15,485.0,7275.0
2020-03-05,2020030501001511,FOWAD,41,32,19,1450.0,27550.0
2020-03-05,2020030501001510,FOWAD,33,32,31,1450.0,44950.0
2020-03-05,2020030501001368,FOWAD,33,36,94,1450.0,136300.0
2020-03-05,2020030501001367,FOWAD,33,41,25,1445.0,36125.0
2020-03-05,2020030501001366,FOWAD,33,59,50,1445.0,72250.0
2020-03-05,2020030501001193,FOWAD,43,36,84,1440.0,120960.0
2020-03-05,2020030501001080,FOWAD,33,25,20,1426.0,28520.0
2020-03-05,2020030501001079,FOWAD,28,25,150,1427.0,214050.0
2020-03-05,2020030501001078,FOWAD,33,25,100,1428.0,142800.0
2020-03-05,2020030501001077,FOWAD,54,25,10,1435.0,14350.0
2020-03-05,2020030501001076,FOWAD,46,25,33,1436.0,47388.0
2020-03-05,2020030501001248,GBIME,53,5,70,287.0,20090.0
2020-03-05,2020030501001163,GBIME,52,5,300,287.0,86100.0
2020-03-05,2020030501001074,GBIME,11,5,100,287.0,28700.0
2020-03-05,2020030501001411,GBLBS,22,34,100,473.0,47300.0
2020-03-05,2020030501001342,GBLBS,22,37,640,473.0,302720.0
2020-03-05,2020030501001294,GBLBS,22,50,15,473.0,7095.0
2020-03-05,2020030501001269,GBLBS,22,39,15,473.0,7095.0
2020-03-05,2020030501001222,GBLBS,34,45,200,478.0,95600.0
2020-03-05,2020030501001221,GBLBS,34,44,15,475.0,7125.0
2020-03-05,2020030501001067,GBLBS,44,28,400,472.0,188800.0
2020-03-05,2020030501001066,GILB,36,26,11,1263.0,13893.0
2020-03-05,2020030501001506,GLICL,51,55,50,470.0,23500.0
2020-03-05,2020030501001377,GLICL,42,57,100,467.0,46700.0
2020-03-05,2020030501001306,GLICL,37,17,300,465.0,139500.0
2020-03-05,2020030501001232,GLICL,51,17,100,465.0,46500.0
2020-03-05,2020030501001173,GLICL,5,17,50,465.0,23250.0
2020-03-05,2020030501001149,GLICL,40,17,200,465.0,93000.0
2020-03-05,2020030501001133,GLICL,45,59,200,465.0,93000.0
2020-03-05,2020030501001056,GLICL,57,57,100,467.0,46700.0
2020-03-05,2020030501001505,HDL,57,55,300,1612.0,483600.0
2020-03-05,2020030501001504,HDL,57,16,100,1611.0,161100.0
2020-03-05,2020030501001503,HDL,57,52,10,1600.0,16000.0
2020-03-05,2020030501001480,HDL,37,37,60,1596.0,95760.0
2020-03-05,2020030501001455,HDL,57,37,50,1596.0,79800.0
2020-03-05,2020030501001336,HDL,4,25,200,1595.0,319000.0
2020-03-05,2020030501001278,HDL,36,35,80,1592.0,127360.0
2020-03-05,2020030501001277,HDL,36,45,20,1590.0,31800.0
2020-03-05,2020030501001144,HDL,35,59,50,1580.0,79000.0
2020-03-05,2020030501001129,HDL,21,34,20,1576.0,31520.0
2020-03-05,2020030501001128,HDL,21,19,25,1576.0,39400.0
2020-03-05,2020030501001484,HGI,46,48,50,394.0,19700.0
2020-03-05,2020030501001481,HGI,45,21,300,399.0,119700.0
2020-03-05,2020030501001141,HGI,46,57,800,397.0,317600.0
2020-03-05,2020030501001118,HGI,46,5,150,394.0,59100.0
2020-03-05,2020030501001040,HGI,46,17,190,394.0,74860.0
2020-03-05,2020030501001039,HGI,17,17,10,395.0,3950.0
2020-03-05,2020030501001320,HIDCL,11,42,31,137.0,4247.0
2020-03-05,2020030501001392,ICFC,35,17,1000,186.0,186000.0
2020-03-05,2020030501001265,ILBS,59,38,10,712.0,7120.0
2020-03-05,2020030501001509,JBBL,35,26,400,185.0,74000.0
2020-03-05,2020030501001508,JBBL,46,26,200,186.0,37200.0
2020-03-05,2020030501001401,JBBL,35,42,104,185.0,19240.0
2020-03-05,2020030501001400,JBBL,46,42,100,185.0,18500.0
2020-03-05,2020030501001512,JSLBB,28,55,32,1466.0,46912.0
2020-03-05,2020030501001413,JSLBB,45,41,12,1479.0,17748.0
2020-03-05,2020030501001521,KBL,56,48,1815,207.0,375705.0
2020-03-05,2020030501001520,KBL,43,32,42,205.0,8610.0
2020-03-05,2020030501001519,KBL,43,32,458,205.0,93890.0
2020-03-05,2020030501001449,KBL,43,42,533,205.0,109265.0
2020-03-05,2020030501001369,KBL,43,36,100,205.0,20500.0
2020-03-05,2020030501001295,KBL,5,48,400,207.0,82800.0
2020-03-05,2020030501001058,KBL,6,50,200,208.0,41600.0
2020-03-05,2020030501001057,KBL,6,45,300,207.0,62100.0
2020-03-05,2020030501001142,KBL,43,1,909,205.0,186345.0
2020-03-05,2020030501001106,KBL,34,1,300,205.0,61500.0
2020-03-05,2020030501001105,KBL,10,1,100,205.0,20500.0
2020-03-05,2020030501001104,KBL,43,1,2991,205.0,613155.0
2020-03-05,2020030501001089,KBL,6,48,500,206.0,103000.0
2020-03-05,2020030501001088,KBL,22,48,200,206.0,41200.0
2020-03-05,2020030501001364,KMCDB,17,38,10,850.0,8500.0
2020-03-05,2020030501001323,KMCDB,17,21,10,850.0,8500.0
2020-03-05,2020030501001395,KSBBL,50,6,20,167.0,3340.0
2020-03-05,2020030501001398,LBL,13,36,100,225.0,22500.0
2020-03-05,2020030501001359,LBL,14,44,1000,226.0,226000.0
2020-03-05,2020030501001317,LBL,1,45,400,227.0,90800.0
2020-03-05,2020030501001162,LBL,57,45,100,227.0,22700.0
2020-03-05,2020030501001404,LGIL,50,57,28,481.0,13468.0
2020-03-05,2020030501001410,LLBS,57,40,50,1018.0,50900.0
2020-03-05,2020030501001409,LLBS,57,19,50,1018.0,50900.0
2020-03-05,2020030501001096,LLBS,14,18,200,1017.0,203400.0
2020-03-05,2020030501001448,MBL,11,48,10,245.0,2450.0
2020-03-05,2020030501001423,MBL,11,36,100,245.0,24500.0
2020-03-05,2020030501001328,MBL,11,19,250,245.0,61250.0
2020-03-05,2020030501001327,MBL,34,19,150,245.0,36750.0
2020-03-05,2020030501001318,MBL,34,56,200,245.0,49000.0
2020-03-05,2020030501001197,MBL,34,21,300,245.0,73500.0
2020-03-05,2020030501001183,MBL,34,58,200,245.0,49000.0
2020-03-05,2020030501001151,MBL,43,21,500,246.0,123000.0
2020-03-05,2020030501001518,MDB,35,17,50,450.0,22500.0
2020-03-05,2020030501001517,MDB,40,17,500,450.0,225000.0
2020-03-05,2020030501001235,MDB,40,11,76,455.0,34580.0
2020-03-05,2020030501001171,MDB,40,53,1076,455.0,489580.0
2020-03-05,2020030501001501,MEGA,56,32,100,224.0,22400.0
2020-03-05,2020030501001465,MEGA,58,48,475,222.0,105450.0
2020-03-05,2020030501001442,MEGA,17,48,2000,222.0,444000.0
2020-03-05,2020030501001441,MEGA,38,48,200,222.0,44400.0
2020-03-05,2020030501001440,MEGA,34,48,100,222.0,22200.0
2020-03-05,2020030501001439,MEGA,49,48,1000,222.0,222000.0
2020-03-05,2020030501001048,MEGA,41,57,482,224.0,107968.0
2020-03-05,2020030501001047,MEGA,41,26,18,224.0,4032.0
2020-03-05,2020030501001388,MEGA,19,55,175,224.0,39200.0
2020-03-05,2020030501001189,MEGA,34,57,300,223.0,66900.0
2020-03-05,2020030501001188,MEGA,5,57,200,223.0,44600.0
2020-03-05,2020030501001099,MEGA,58,57,1018,224.0,228032.0
2020-03-05,2020030501001438,MEGA,25,48,500,222.0,111000.0
2020-03-05,2020030501001437,MEGA,7,48,200,223.0,44600.0
2020-03-05,2020030501001436,MEGA,6,48,100,223.0,22300.0
2020-03-05,2020030501001435,MEGA,37,48,100,223.0,22300.0
2020-03-05,2020030501001434,MEGA,19,48,325,224.0,72800.0
2020-03-05,2020030501001419,MEGA,33,4,200,226.0,45200.0
2020-03-05,2020030501001275,MERO,57,21,50,631.0,31550.0
2020-03-05,2020030501001515,MFIL,43,44,100,285.0,28500.0
2020-03-05,2020030501001499,MFIL,43,44,250,285.0,71250.0
2020-03-05,2020030501001498,MFIL,43,14,500,285.0,142500.0
2020-03-05,2020030501001497,MFIL,43,7,600,285.0,171000.0
2020-03-05,2020030501001496,MFIL,43,56,4000,285.0,1140000.0
2020-03-05,2020030501001495,MFIL,43,14,500,285.0,142500.0
2020-03-05,2020030501001494,MFIL,43,5,136,285.0,38760.0
2020-03-05,2020030501001493,MFIL,43,34,439,285.0,125115.0
2020-03-05,2020030501001492,MFIL,43,47,100,284.0,28400.0
2020-03-05,2020030501001491,MFIL,43,3,100,284.0,28400.0
2020-03-05,2020030501001101,MNBBL,59,37,250,327.0,81750.0
2020-03-05,2020030501001100,MNBBL,59,35,100,326.0,32600.0
2020-03-05,2020030501001075,MNBBL,16,45,200,325.0,65000.0
2020-03-05,2020030501001376,MSMBS,13,26,11,725.0,7975.0
2020-03-05,2020030501001429,NABIL,45,56,50,828.0,41400.0
2020-03-05,2020030501001428,NABIL,45,56,24,828.0,19872.0
2020-03-05,2020030501001420,NABIL,45,16,33,829.0,27357.0
2020-03-05,2020030501001397,NABIL,37,16,67,829.0,55543.0
2020-03-05,2020030501001396,NABIL,37,39,33,827.0,27291.0
2020-03-05,2020030501001394,NABIL,45,19,157,828.0,129996.0
2020-03-05,2020030501001393,NABIL,41,19,24,828.0,19872.0
2020-03-05,2020030501001246,NABIL,49,36,200,821.0,164200.0
2020-03-05,2020030501001230,NABIL,46,36,500,822.0,411000.0
2020-03-05,2020030501001119,NABIL,46,37,300,827.0,248100.0
2020-03-05,2020030501001092,NABIL,17,39,188,820.0,154160.0
2020-03-05,2020030501001402,NBB,44,40,100,223.0,22300.0
2020-03-05,2020030501001375,NBB,57,40,100,223.0,22300.0
2020-03-05,2020030501001313,NBB,45,40,500,223.0,111500.0
2020-03-05,2020030501001312,NBB,45,44,500,223.0,111500.0
2020-03-05,2020030501001055,NBB,52,19,100,219.0,21900.0
2020-03-05,2020030501001283,NBB,38,1,62,222.0,13764.0
2020-03-05,2020030501001227,NBB,58,1,96,222.0,21312.0
2020-03-05,2020030501001107,NBB,41,16,200,221.0,44200.0
2020-03-05,2020030501001418,NBL,43,55,200,284.0,56800.0
2020-03-05,2020030501001417,NBL,43,45,500,284.0,142000.0
2020-03-05,2020030501001158,NBL,57,14,100,282.0,28200.0
2020-03-05,2020030501001157,NBL,43,14,900,282.0,253800.0
2020-03-05,2020030501001097,NBL,43,45,100,282.0,28200.0
2020-03-05,2020030501001421,NCCB,56,14,101,202.0,20402.0
2020-03-05,2020030501001244,NCCB,56,36,999,203.0,202797.0
2020-03-05,2020030501001169,NCCB,17,57,200,200.0,40000.0
2020-03-05,2020030501001068,NCCB,17,28,347,200.0,69400.0
2020-03-05,2020030501001060,NCCB,17,45,1000,200.0,200000.0
2020-03-05,2020030501001445,NHPC,35,17,200,58.0,11600.0
2020-03-05,2020030501001500,NIB,52,45,200,418.0,83600.0
2020-03-05,2020030501001422,NIB,38,37,60,415.0,24900.0
2020-03-05,2020030501001370,NIB,19,45,500,412.0,206000.0
2020-03-05,2020030501001181,NIB,13,16,80,407.0,32560.0
2020-03-05,2020030501001180,NIB,14,16,20,407.0,8140.0
2020-03-05,2020030501001507,NIBPO,39,4,594,360.0,213840.0
2020-03-05,2020030501001407,NIBPO,39,4,500,360.0,180000.0
2020-03-05,2020030501001314,NIBPO,13,45,600,359.0,215400.0
2020-03-05,2020030501001526,NICA,11,52,20,575.0,11500.0
2020-03-05,2020030501001474,NICA,33,11,64,575.0,36800.0
2020-03-05,2020030501001473,NICA,33,37,1680,575.0,966000.0
2020-03-05,2020030501001458,NICA,16,36,100,568.0,56800.0
2020-03-05,2020030501001406,NICA,28,37,100,575.0,57500.0
2020-03-05,2020030501001307,NICA,58,4,100,570.0,57000.0
2020-03-05,2020030501001120,NICA,46,14,500,573.0,286500.0
2020-03-05,2020030501001115,NICA,29,14,97,573.0,55581.0
2020-03-05,2020030501001083,NICA,6,1,200,569.0,113800.0
2020-03-05,2020030501001211,NICA,16,46,125,575.0,71875.0
2020-03-05,2020030501001210,NICA,16,38,19,574.0,10906.0
2020-03-05,2020030501001209,NICA,16,19,1000,574.0,574000.0
2020-03-05,2020030501001134,NICA,50,45,500,573.0,286500.0
2020-03-05,2020030501001122,NICA,50,25,500,573.0,286500.0
2020-03-05,2020030501001121,NICA,50,14,903,573.0,517419.0
2020-03-05,2020030501001253,NICA,16,35,50,576.0,28800.0
2020-03-05,2020030501001252,NICA,16,55,20,573.0,11460.0
2020-03-05,2020030501001251,NICA,16,1,650,572.0,371800.0
2020-03-05,2020030501001217,NICA,50,53,97,573.0,55581.0
2020-03-05,2020030501001213,NICA,16,25,856,575.0,492200.0
2020-03-05,2020030501001212,NICA,16,35,500,575.0,287500.0
2020-03-05,2020030501001259,NICA,43,37,1000,569.0,569000.0
2020-03-05,2020030501001258,NICA,6,37,300,569.0,170700.0
2020-03-05,2020030501001257,NICA,58,37,200,570.0,114000.0
2020-03-05,2020030501001256,NICA,46,37,500,570.0,285000.0
2020-03-05,2020030501001255,NICA,17,37,100,570.0,57000.0
2020-03-05,2020030501001254,NICA,16,40,380,576.0,218880.0
2020-03-05,2020030501001471,NICL,49,21,65,445.0,28925.0
2020-03-05,2020030501001218,NICL,34,32,600,448.0,268800.0
2020-03-05,2020030501001140,NICL,46,52,1000,446.0,446000.0
2020-03-05,2020030501001531,NIL,48,49,500,570.0,285000.0
2020-03-05,2020030501001516,NIL,3,49,300,570.0,171000.0
2020-03-05,2020030501001469,NIL,28,49,20,570.0,11400.0
2020-03-05,2020030501001468,NIL,28,48,200,568.0,113600.0
2020-03-05,2020030501001444,NIL,48,55,73,563.0,41099.0
2020-03-05,2020030501001264,NLBBL,33,29,130,700.0,91000.0
2020-03-05,2020030501001263,NLBBL,38,29,20,700.0,14000.0
2020-03-05,2020030501001262,NLBBL,37,29,100,701.0,70100.0
2020-03-05,2020030501001463,NLIC,43,49,950,1243.0,1180850.0
2020-03-05,2020030501001462,NLIC,43,54,50,1242.0,62100.0
2020-03-05,2020030501001447,NLIC,19,49,160,1243.0,198880.0
2020-03-05,2020030501001446,NLIC,19,50,40,1240.0,49600.0
2020-03-05,2020030501001408,NLIC,37,57,100,1240.0,124000.0
2020-03-05,2020030501001386,NLIC,50,57,10,1240.0,12400.0
2020-03-05,2020030501001135,NLIC,44,39,64,1231.0,78784.0
2020-03-05,2020030501001168,NLIC,56,55,26,1230.0,31980.0
2020-03-05,2020030501001167,NLIC,50,55,135,1230.0,166050.0
2020-03-05,2020030501001156,NLIC,50,35,65,1230.0,79950.0
2020-03-05,2020030501001155,NLIC,44,35,100,1230.0,123000.0
2020-03-05,2020030501001154,NLIC,36,35,97,1230.0,119310.0
2020-03-05,2020030501001136,NLIC,36,39,106,1230.0,130380.0
2020-03-05,2020030501001243,NLIC,44,37,200,1237.0,247400.0
2020-03-05,2020030501001205,NLIC,45,53,1000,1235.0,1235000.0
2020-03-05,2020030501001204,NLIC,45,56,50,1235.0,61750.0
2020-03-05,2020030501001192,NLIC,43,35,76,1230.0,93480.0
2020-03-05,2020030501001191,NLIC,56,35,24,1230.0,29520.0
2020-03-05,2020030501001172,NLIC,45,5,130,1233.0,160290.0
2020-03-05,2020030501001343,NLIC,33,57,74,1240.0,91760.0
2020-03-05,2020030501001293,NLIC,33,46,20,1240.0,24800.0
2020-03-05,2020030501001292,NLIC,33,35,106,1240.0,131440.0
2020-03-05,2020030501001279,NLIC,44,21,35,1233.0,43155.0
2020-03-05,2020030501001268,NLIC,44,57,56,1233.0,69048.0
2020-03-05,2020030501001267,NLIC,50,57,10,1237.0,12370.0
2020-03-05,2020030501001412,NLICL,36,54,150,692.0,103800.0
2020-03-05,2020030501001362,NLICL,50,26,116,691.0,80156.0
2020-03-05,2020030501001305,NLICL,35,56,1750,690.0,1207500.0
2020-03-05,2020030501001304,NLICL,13,56,200,690.0,138000.0
2020-03-05,2020030501001303,NLICL,53,56,500,690.0,345000.0
2020-03-05,2020030501001302,NLICL,51,56,50,690.0,34500.0
2020-03-05,2020030501001261,NLICL,45,47,100,703.0,70300.0
2020-03-05,2020030501001260,NLICL,45,41,100,703.0,70300.0
2020-03-05,2020030501001479,NMB,1,36,100,457.0,45700.0
2020-03-05,2020030501001467,NMB,1,44,300,457.0,137100.0
2020-03-05,2020030501001459,NMB,49,44,200,457.0,91400.0
2020-03-05,2020030501001430,NMB,57,50,263,455.0,119665.0
2020-03-05,2020030501001338,NMB,57,4,100,455.0,45500.0
2020-03-05,2020030501001280,NMB,58,1,2200,455.0,1001000.0
2020-03-05,2020030501001109,NMB,6,19,411,453.0,186183.0
2020-03-05,2020030501001095,NMB,6,25,89,453.0,40317.0
2020-03-05,2020030501001094,NMB,45,25,11,453.0,4983.0
2020-03-05,2020030501001198,NMB,53,45,300,455.0,136500.0
2020-03-05,2020030501001182,NMB,44,45,500,455.0,227500.0
2020-03-05,2020030501001170,NMB,44,19,500,455.0,227500.0
2020-03-05,2020030501001117,NMB,34,21,189,453.0,85617.0
2020-03-05,2020030501001116,NMB,53,21,211,453.0,95583.0
2020-03-05,2020030501001110,NMB,53,19,89,453.0,40317.0
2020-03-05,2020030501001242,NMB,34,1,500,455.0,227500.0
2020-03-05,2020030501001241,NMB,34,1,1000,455.0,455000.0
2020-03-05,2020030501001240,NMB,28,1,300,455.0,136500.0
2020-03-05,2020030501001234,NMB,34,45,126,457.0,57582.0
2020-03-05,2020030501001233,NMB,34,35,400,457.0,182800.0
2020-03-05,2020030501001201,NMB,28,45,200,455.0,91000.0
2020-03-05,2020030501001053,NMBMF,38,35,89,780.0,69420.0
2020-03-05,2020030501001226,NMFBS,33,6,19,1636.0,31084.0
2020-03-05,2020030501001111,NMFBS,33,25,213,1636.0,348468.0
2020-03-05,2020030501001152,NSEWA,43,5,45,693.0,31185.0
2020-03-05,2020030501001300,NTC,28,37,100,666.0,66600.0
2020-03-05,2020030501001299,NTC,28,32,15,666.0,9990.0
2020-03-05,2020030501001215,NTC,28,32,100,663.0,66300.0
2020-03-05,2020030501001145,NTC,28,1,130,650.0,84500.0
2020-03-05,2020030501001073,NTC,53,5,50,642.0,32100.0
2020-03-05,2020030501001424,NUBL,37,42,100,960.0,96000.0
2020-03-05,2020030501001153,NUBL,52,21,50,954.0,47700.0
2020-03-05,2020030501001374,OHL,58,45,30,447.0,13410.0
2020-03-05,2020030501001461,PCBL,50,14,200,300.0,60000.0
2020-03-05,2020030501001385,PCBL,49,17,400,298.0,119200.0
2020-03-05,2020030501001372,PCBL,49,47,135,298.0,40230.0
2020-03-05,2020030501001371,PCBL,50,47,13,298.0,3874.0
2020-03-05,2020030501001290,PCBL,33,47,332,300.0,99600.0
2020-03-05,2020030501001236,PCBL,59,36,1000,301.0,301000.0
2020-03-05,2020030501001113,PCBL,33,56,473,300.0,141900.0
2020-03-05,2020030501001112,PCBL,41,56,27,301.0,8127.0
2020-03-05,2020030501001054,PCBL,41,34,173,301.0,52073.0
2020-03-05,2020030501001038,PCBL,41,56,300,301.0,90300.0
2020-03-05,2020030501001466,PIC,29,34,37,607.0,22459.0
2020-03-05,2020030501001443,PIC,29,48,10,606.0,6060.0
2020-03-05,2020030501001132,PIC,44,56,200,595.0,119000.0
2020-03-05,2020030501001044,PIC,44,46,221,595.0,131495.0
2020-03-05,2020030501001043,PIC,10,46,200,596.0,119200.0
2020-03-05,2020030501001042,PIC,44,46,500,596.0,298000.0
2020-03-05,2020030501001041,PIC,21,46,79,596.0,47084.0
2020-03-05,2020030501001389,PLIC,50,48,337,584.0,196808.0
2020-03-05,2020030501001384,PLIC,34,36,40,573.0,22920.0
2020-03-05,2020030501001383,PLIC,13,36,200,574.0,114800.0
2020-03-05,2020030501001382,PLIC,34,36,50,574.0,28700.0
2020-03-05,2020030501001381,PLIC,22,36,10,575.0,5750.0
2020-03-05,2020030501001195,PLIC,22,21,100,575.0,57500.0
2020-03-05,2020030501001194,PLIC,34,57,281,580.0,162980.0
2020-03-05,2020030501001148,PLIC,22,45,90,575.0,51750.0
2020-03-05,2020030501001147,PLIC,34,45,110,576.0,63360.0
2020-03-05,2020030501001285,PRIN,48,33,100,432.0,43200.0
2020-03-05,2020030501001284,PRIN,58,33,100,434.0,43400.0
2020-03-05,2020030501001427,PROFL,40,45,100,107.0,10700.0
2020-03-05,2020030501001229,PRVU,17,45,928,252.0,233856.0
2020-03-05,2020030501001228,PRVU,43,45,72,252.0,18144.0
2020-03-05,2020030501001207,PRVU,4,44,861,253.0,217833.0
2020-03-05,2020030501001161,PRVU,4,56,139,253.0,35167.0
2020-03-05,2020030501001160,PRVU,33,56,225,253.0,56925.0
2020-03-05,2020030501001159,PRVU,35,56,636,253.0,160908.0
2020-03-05,2020030501001150,PRVU,35,47,200,253.0,50600.0
2020-03-05,2020030501001091,PRVU,35,42,846,253.0,214038.0
2020-03-05,2020030501001059,PRVU,35,44,300,253.0,75900.0
2020-03-05,2020030501001200,RBCL,32,45,10,9801.0,98010.0
2020-03-05,2020030501001146,RHPC,58,4,100,85.0,8500.0
2020-03-05,2020030501001502,RHPL,49,32,40,160.0,6400.0
2020-03-05,2020030501001245,RHPL,41,26,10,159.0,1590.0
2020-03-05,2020030501001052,RHPL,41,49,40,159.0,6360.0
2020-03-05,2020030501001464,SABSL,44,46,33,770.0,25410.0
2020-03-05,2020030501001316,SABSL,44,39,11,770.0,8470.0
2020-03-05,2020030501001489,SANIMA,59,56,200,360.0,72000.0
2020-03-05,2020030501001456,SANIMA,43,56,100,360.0,36000.0
2020-03-05,2020030501001127,SANIMA,44,1,100,357.0,35700.0
2020-03-05,2020030501001126,SANIMA,19,1,200,357.0,71400.0
2020-03-05,2020030501001460,SBL,13,45,200,325.0,65000.0
2020-03-05,2020030501001373,SBL,45,45,500,325.0,162500.0
2020-03-05,2020030501001281,SBL,42,45,300,325.0,97500.0
2020-03-05,2020030501001239,SBL,42,45,200,325.0,65000.0
2020-03-05,2020030501001081,SBL,11,46,140,323.0,45220.0
2020-03-05,2020030501001527,SCB,35,3,20,676.0,13520.0
2020-03-05,2020030501001486,SCB,29,49,32,675.0,21600.0
2020-03-05,2020030501001482,SCB,29,37,66,675.0,44550.0
2020-03-05,2020030501001326,SCB,29,54,350,662.0,231700.0
2020-03-05,2020030501001308,SCB,3,54,50,662.0,33100.0
2020-03-05,2020030501001301,SCB,45,54,100,662.0,66200.0
2020-03-05,2020030501001282,SCB,8,36,100,661.0,66100.0
2020-03-05,2020030501001138,SCB,38,42,260,660.0,171600.0
2020-03-05,2020030501001036,SCB,49,37,100,663.0,66300.0
2020-03-05,2020030501001035,SCB,49,49,631,663.0,418353.0
2020-03-05,2020030501001391,SDESI,36,45,50,900.0,45000.0
2020-03-05,2020030501001360,SDESI,36,49,23,900.0,20700.0
2020-03-05,2020030501001315,SDESI,36,45,50,900.0,45000.0
2020-03-05,2020030501001216,SDESI,36,49,23,900.0,20700.0
2020-03-05,2020030501001164,SDESI,33,6,27,898.0,24246.0
2020-03-05,2020030501001139,SDESI,33,38,23,898.0,20654.0
2020-03-05,2020030501001451,SHINE,51,17,500,290.0,145000.0
2020-03-05,2020030501001529,SHIVM,43,19,400,600.0,240000.0
2020-03-05,2020030501001528,SHIVM,43,48,100,600.0,60000.0
2020-03-05,2020030501001478,SHIVM,29,21,50,599.0,29950.0
2020-03-05,2020030501001477,SHIVM,29,21,50,599.0,29950.0
2020-03-05,2020030501001476,SHIVM,29,21,50,599.0,29950.0
2020-03-05,2020030501001475,SHIVM,29,16,200,599.0,119800.0
2020-03-05,2020030501001174,SHIVM,21,56,100,592.0,59200.0
2020-03-05,2020030501001114,SHIVM,39,17,100,595.0,59500.0
2020-03-05,2020030501001103,SHIVM,45,17,100,595.0,59500.0
2020-03-05,2020030501001082,SHIVM,36,53,1200,594.0,712800.0
2020-03-05,2020030501001037,SHIVM,22,33,95,591.0,56145.0
2020-03-05,2020030501001190,SHIVM,41,17,250,595.0,148750.0
2020-03-05,2020030501001178,SHIVM,58,56,200,590.0,118000.0
2020-03-05,2020030501001177,SHIVM,38,56,1000,590.0,590000.0
2020-03-05,2020030501001176,SHIVM,41,56,200,590.0,118000.0
2020-03-05,2020030501001175,SHIVM,49,56,500,591.0,295500.0
2020-03-05,2020030501001272,SHIVM,58,56,200,591.0,118200.0
2020-03-05,2020030501001271,SHIVM,41,56,200,592.0,118400.0
2020-03-05,2020030501001270,SHIVM,14,56,228,596.0,135888.0
2020-03-05,2020030501001220,SHIVM,14,22,222,596.0,132312.0
2020-03-05,2020030501001219,SHIVM,14,51,50,595.0,29750.0
2020-03-05,2020030501001214,SHIVM,58,20,50,591.0,29550.0
2020-03-05,2020030501001310,SHIVM,52,56,22,590.0,12980.0
2020-03-05,2020030501001298,SHIVM,35,56,978,590.0,577020.0
2020-03-05,2020030501001291,SHIVM,35,56,22,590.0,12980.0
2020-03-05,2020030501001287,SHIVM,58,45,50,589.0,29450.0
2020-03-05,2020030501001274,SHIVM,58,56,150,590.0,88500.0
2020-03-05,2020030501001273,SHIVM,50,56,200,591.0,118200.0
2020-03-05,2020030501001454,SHIVM,36,56,500,595.0,297500.0
2020-03-05,2020030501001453,SHIVM,19,56,100,596.0,59600.0
2020-03-05,2020030501001341,SHIVM,11,56,22,590.0,12980.0
2020-03-05,2020030501001340,SHIVM,52,56,478,590.0,282020.0
2020-03-05,2020030501001490,SHPC,45,34,90,210.0,18900.0
2020-03-05,2020030501001325,SIC,45,33,77,696.0,53592.0
2020-03-05,2020030501001324,SIC,7,33,23,696.0,16008.0
2020-03-05,2020030501001525,SICL,18,36,60,953.0,57180.0
2020-03-05,2020030501001524,SICL,38,36,20,953.0,19060.0
2020-03-05,2020030501001523,SICL,47,36,10,954.0,9540.0
2020-03-05,2020030501001522,SICL,10,36,10,954.0,9540.0
2020-03-05,2020030501001425,SIFC,47,49,300,160.0,48000.0
2020-03-05,2020030501001108,SIFC,6,4,2000,161.0,322000.0
2020-03-05,2020030501001297,SJCL,41,14,200,154.0,30800.0
2020-03-05,2020030501001296,SJCL,41,14,40,154.0,6160.0
2020-03-05,2020030501001487,SKBBL,41,40,11,1074.0,11814.0
2020-03-05,2020030501001405,SKBBL,57,42,100,1095.0,109500.0
2020-03-05,2020030501001334,SKBBL,36,34,500,1092.0,546000.0
2020-03-05,2020030501001333,SKBBL,36,29,200,1090.0,218000.0
2020-03-05,2020030501001332,SKBBL,36,28,100,1085.0,108500.0
2020-03-05,2020030501001166,SKBBL,36,28,100,1075.0,107500.0
2020-03-05,2020030501001363,SLBBL,44,57,10,863.0,8630.0
2020-03-05,2020030501001231,SLICL,29,55,80,450.0,36000.0
2020-03-05,2020030501001206,SLICL,58,41,50,451.0,22550.0
2020-03-05,2020030501001143,SLICL,41,41,100,451.0,45100.0
2020-03-05,2020030501001431,SMATA,34,6,50,686.0,34300.0
2020-03-05,2020030501001319,SMATA,58,38,38,686.0,26068.0
2020-03-05,2020030501001247,SMATA,58,38,20,686.0,13720.0
2020-03-05,2020030501001356,SMFBS,34,21,10,963.0,9630.0
2020-03-05,2020030501001483,SRBL,34,35,550,258.0,141900.0
2020-03-05,2020030501001098,SRBL,14,13,134,257.0,34438.0
2020-03-05,2020030501001085,SRBL,19,13,334,257.0,85838.0
2020-03-05,2020030501001084,SRBL,45,13,32,257.0,8224.0
2020-03-05,2020030501001050,SRBL,45,1,67,257.0,17219.0
2020-03-05,2020030501001049,SRBL,49,1,83,259.0,21497.0
2020-03-05,2020030501001196,UIC,52,42,40,367.0,14680.0
2020-03-05,2020030501001034,UIC,34,42,20,367.0,7340.0
2020-03-05,2020030501001033,UIC,5,42,10,367.0,3670.0
2020-03-05,2020030501001032,UIC,46,42,10,367.0,3670.0
2020-03-05,2020030501001361,UPPER,33,38,50,234.0,11700.0
2020-03-05,2020030501001289,UPPER,33,38,50,234.0,11700.0
2020-03-05,2020030501001093,UPPER,33,17,50,234.0,11700.0
2020-03-05,2020030501001045,UPPER,33,48,50,234.0,11700.0
2020-03-05,2020030501001199,VLBS,34,33,11,957.0,10527.0
2020-03-05,2020030501001387,VLBS,55,17,13,960.0,12480.0
2020-03-05,2020030501001322,VLBS,34,46,50,957.0,47850.0
2020-03-05,2020030501001072,WOMI,34,36,30,962.0,28860.0
2020-03-05,2020030501001071,WOMI,34,36,100,962.0,96200.0
2020-03-05,2020030501001070,WOMI,38,36,20,965.0,19300.0
2020-03-05,2020030501001069,WOMI,7,36,50,966.0,48300.0
2020-03-05,2020030501000412,ADBL,34,53,400,408.0,163200.0
2020-03-05,2020030501000354,ADBL,34,34,100,408.0,40800.0
2020-03-05,2020030501000269,AHPC,46,50,77,98.0,7546.0
2020-03-05,2020030501000201,AKJCL,47,50,20,53.0,1060.0
2020-03-05,2020030501000335,AKPL,46,26,39,124.0,4836.0
2020-03-05,2020030501000486,ALICL,34,57,200,562.0,112400.0
2020-03-05,2020030501000332,ALICL,34,53,575,562.0,323150.0
2020-03-05,2020030501000331,ALICL,44,53,200,562.0,112400.0
2020-03-05,2020030501000330,ALICL,4,53,25,562.0,14050.0
2020-03-05,2020030501000329,ALICL,45,53,100,562.0,56200.0
2020-03-05,2020030501000328,ALICL,53,53,100,563.0,56300.0
2020-03-05,2020030501000122,ALICL,57,21,100,573.0,57300.0
2020-03-05,2020030501000273,BFC,43,57,700,104.0,72800.0
2020-03-05,2020030501000382,BOKL,26,26,150,241.0,36150.0
2020-03-05,2020030501000370,BOKL,5,26,100,241.0,24100.0
2020-03-05,2020030501000272,BOKL,58,37,100,245.0,24500.0
2020-03-05,2020030501000271,BOKL,26,37,100,246.0,24600.0
2020-03-05,2020030501000270,BOKL,38,37,73,246.0,17958.0
2020-03-05,2020030501000167,BOKL,38,57,127,246.0,31242.0
2020-03-05,2020030501000468,CBBL,52,40,55,982.0,54010.0
2020-03-05,2020030501000467,CBBL,39,40,20,984.0,19680.0
2020-03-05,2020030501000466,CBBL,16,40,25,985.0,24625.0
2020-03-05,2020030501000465,CBBL,54,40,200,985.0,197000.0
2020-03-05,2020030501000408,CBBL,53,34,200,985.0,197000.0
2020-03-05,2020030501000214,CBBL,53,57,100,985.0,98500.0
2020-03-05,2020030501000491,CBL,16,49,226,148.0,33448.0
2020-03-05,2020030501000208,CCBL,45,36,400,183.0,73200.0
2020-03-05,2020030501000156,CCBL,51,53,1000,184.0,184000.0
2020-03-05,2020030501000453,CHCL,59,39,23,404.0,9292.0
2020-03-05,2020030501000284,CHCL,29,39,17,412.0,7004.0
2020-03-05,2020030501000241,CHCL,13,11,58,412.0,23896.0
2020-03-05,2020030501000449,CIT,19,34,100,2609.0,260900.0
2020-03-05,2020030501000390,CIT,10,59,10,2608.0,26080.0
2020-03-05,2020030501000381,CIT,10,36,30,2608.0,78240.0
2020-03-05,2020030501000380,CIT,58,36,100,2650.0,265000.0
2020-03-05,2020030501000379,CIT,5,36,20,2652.0,53040.0
2020-03-05,2020030501000092,CIT,50,19,20,2651.0,53020.0
2020-03-05,2020030501000091,CIT,56,19,20,2651.0,53020.0
2020-03-05,2020030501000090,CIT,11,19,10,2662.0,26620.0
2020-03-05,2020030501000499,CZBIL,53,32,91,205.0,18655.0
2020-03-05,2020030501000498,CZBIL,17,32,82,205.0,16810.0
2020-03-05,2020030501000437,CZBIL,17,14,10,205.0,2050.0
2020-03-05,2020030501000397,CZBIL,17,52,97,205.0,19885.0
2020-03-05,2020030501000316,CZBIL,17,50,1158,205.0,237390.0
2020-03-05,2020030501000262,CZBIL,17,43,10,205.0,2050.0
2020-03-05,2020030501000194,CZBIL,17,25,500,205.0,102500.0
2020-03-05,2020030501000476,DDBL,43,34,100,800.0,80000.0
2020-03-05,2020030501000458,DDBL,50,14,20,816.0,16320.0
2020-03-05,2020030501000456,DDBL,53,45,100,816.0,81600.0
2020-03-05,2020030501000455,DDBL,39,45,50,816.0,40800.0
2020-03-05,2020030501000454,DDBL,34,45,100,817.0,81700.0
2020-03-05,2020030501000425,DDBL,54,45,100,816.0,81600.0
2020-03-05,2020030501000168,DDBL,53,41,100,851.0,85100.0
2020-03-05,2020030501000102,DDBL,56,10,30,865.0,25950.0
2020-03-05,2020030501000424,DDBL,43,45,200,816.0,163200.0
2020-03-05,2020030501000423,DDBL,32,45,100,816.0,81600.0
2020-03-05,2020030501000315,DDBL,53,6,32,832.0,26624.0
2020-03-05,2020030501000253,DDBL,53,35,68,832.0,56576.0
2020-03-05,2020030501000252,DDBL,19,35,32,848.0,27136.0
2020-03-05,2020030501000169,DDBL,19,41,33,848.0,27984.0
2020-03-05,2020030501000495,EBL,46,40,100,707.0,70700.0
2020-03-05,2020030501000494,EBL,33,40,200,710.0,142000.0
2020-03-05,2020030501000490,EBL,46,28,135,721.0,97335.0
2020-03-05,2020030501000433,EBL,8,28,365,721.0,263165.0
2020-03-05,2020030501000427,EBL,8,48,135,721.0,97335.0
2020-03-05,2020030501000426,EBL,44,48,160,721.0,115360.0
2020-03-05,2020030501000236,EBL,46,22,500,736.0,368000.0
2020-03-05,2020030501000115,EBL,44,16,50,749.0,37450.0
2020-03-05,2020030501000109,EBL,44,45,50,749.0,37450.0
2020-03-05,2020030501000098,EBL,35,58,100,750.0,75000.0
2020-03-05,2020030501000364,EBL,14,48,40,735.0,29400.0
2020-03-05,2020030501000292,EBL,14,14,60,735.0,44100.0
2020-03-05,2020030501000291,EBL,48,14,40,735.0,29400.0
2020-03-05,2020030501000251,EBL,48,57,260,735.0,191100.0
2020-03-05,2020030501000250,EBL,44,57,240,735.0,176400.0
2020-03-05,2020030501000237,EBL,44,22,260,735.0,191100.0
2020-03-05,2020030501000405,EBL,44,28,340,721.0,245140.0
2020-03-05,2020030501000404,EBL,35,28,100,721.0,72100.0
2020-03-05,2020030501000403,EBL,50,28,40,721.0,28840.0
2020-03-05,2020030501000402,EBL,19,28,20,722.0,14440.0
2020-03-05,2020030501000366,EBL,50,48,160,721.0,115360.0
2020-03-05,2020030501000365,EBL,28,48,100,725.0,72500.0
2020-03-05,2020030501000439,EIC,29,50,100,412.0,41200.0
2020-03-05,2020030501000160,FMDBL,43,35,50,494.0,24700.0
2020-03-05,2020030501000112,FMDBL,17,40,200,500.0,100000.0
2020-03-05,2020030501000110,FMDBL,17,6,200,500.0,100000.0
2020-03-05,2020030501000392,FOWAD,46,47,148,1436.0,212528.0
2020-03-05,2020030501000356,FOWAD,46,22,19,1436.0,27284.0
2020-03-05,2020030501000307,FOWAD,46,48,50,1436.0,71800.0
2020-03-05,2020030501000293,FOWAD,46,57,50,1436.0,71800.0
2020-03-05,2020030501000276,FOWAD,19,57,50,1437.0,71850.0
2020-03-05,2020030501000240,FOWAD,33,59,57,1445.0,82365.0
2020-03-05,2020030501000126,FOWAD,33,56,57,1455.0,82935.0
2020-03-05,2020030501000280,GBBL,43,55,200,241.0,48200.0
2020-03-05,2020030501000487,GBIME,53,20,53,288.0,15264.0
2020-03-05,2020030501000482,GBIME,56,34,800,290.0,232000.0
2020-03-05,2020030501000481,GBIME,56,37,200,289.0,57800.0
2020-03-05,2020030501000463,GBIME,53,50,347,288.0,99936.0
2020-03-05,2020030501000327,GBIME,53,17,200,288.0,57600.0
2020-03-05,2020030501000306,GBIME,53,6,400,288.0,115200.0
2020-03-05,2020030501000301,GBIME,51,48,50,287.0,14350.0
2020-03-05,2020030501000297,GBIME,51,25,336,287.0,96432.0
2020-03-05,2020030501000134,GBIME,25,6,600,288.0,172800.0
2020-03-05,2020030501000127,GBIME,25,14,400,288.0,115200.0
2020-03-05,2020030501000107,GBIME,59,34,10,290.0,2900.0
2020-03-05,2020030501000516,GBLBS,46,55,25,476.0,11900.0
2020-03-05,2020030501000342,GBLBS,46,42,15,476.0,7140.0
2020-03-05,2020030501000322,GBLBS,46,36,500,476.0,238000.0
2020-03-05,2020030501000264,GBLBS,46,1,150,480.0,72000.0
2020-03-05,2020030501000238,GBLBS,36,38,15,475.0,7125.0
2020-03-05,2020030501000192,GBLBS,36,34,35,475.0,16625.0
2020-03-05,2020030501000191,GBLBS,46,34,15,476.0,7140.0
2020-03-05,2020030501000080,GBLBS,44,42,30,472.0,14160.0
2020-03-05,2020030501000053,GBLBS,46,21,500,480.0,240000.0
2020-03-05,2020030501000142,GLBSL,43,49,10,643.0,6430.0
2020-03-05,2020030501000509,GLICL,17,45,100,470.0,47000.0
2020-03-05,2020030501000492,GLICL,28,48,100,470.0,47000.0
2020-03-05,2020030501000415,GLICL,26,1,1000,467.0,467000.0
2020-03-05,2020030501000411,GLICL,22,21,100,470.0,47000.0
2020-03-05,2020030501000375,GLICL,32,52,30,471.0,14130.0
2020-03-05,2020030501000374,GLICL,32,48,70,471.0,32970.0
2020-03-05,2020030501000036,GLICL,46,48,10,507.0,5070.0
2020-03-05,2020030501000050,GLICL,38,17,20,498.0,9960.0
2020-03-05,2020030501000049,GLICL,6,17,30,500.0,15000.0
2020-03-05,2020030501000048,GLICL,32,1,100,505.0,50500.0
2020-03-05,2020030501000041,GLICL,13,56,100,498.0,49800.0
2020-03-05,2020030501000038,GLICL,40,56,400,498.0,199200.0
2020-03-05,2020030501000037,GLICL,46,35,80,507.0,40560.0
2020-03-05,2020030501000069,GLICL,28,7,50,498.0,24900.0
2020-03-05,2020030501000064,GLICL,28,38,80,498.0,39840.0
2020-03-05,2020030501000063,GLICL,28,42,120,498.0,59760.0
2020-03-05,2020030501000059,GLICL,47,43,20,490.0,9800.0
2020-03-05,2020030501000058,GLICL,25,43,50,490.0,24500.0
2020-03-05,2020030501000051,GLICL,38,42,80,498.0,39840.0
2020-03-05,2020030501000084,GLICL,25,50,10,500.0,5000.0
2020-03-05,2020030501000083,GLICL,25,32,50,500.0,25000.0
2020-03-05,2020030501000082,GLICL,25,43,10,500.0,5000.0
2020-03-05,2020030501000081,GLICL,25,32,30,498.0,14940.0
2020-03-05,2020030501000075,GLICL,13,43,50,498.0,24900.0
2020-03-05,2020030501000071,GLICL,28,43,50,498.0,24900.0
2020-03-05,2020030501000141,GLICL,36,39,100,489.0,48900.0
2020-03-05,2020030501000136,GLICL,41,56,10,490.0,4900.0
2020-03-05,2020030501000135,GLICL,56,56,200,490.0,98000.0
2020-03-05,2020030501000133,GLICL,6,59,100,490.0,49000.0
2020-03-05,2020030501000101,GLICL,41,50,50,500.0,25000.0
2020-03-05,2020030501000087,GLICL,17,50,100,500.0,50000.0
2020-03-05,2020030501000226,GLICL,28,41,100,480.0,48000.0
2020-03-05,2020030501000217,GLICL,43,21,446,475.0,211850.0
2020-03-05,2020030501000216,GLICL,35,21,50,476.0,23800.0
2020-03-05,2020030501000206,GLICL,41,41,100,480.0,48000.0
2020-03-05,2020030501000200,GLICL,39,26,98,480.0,47040.0
2020-03-05,2020030501000199,GLICL,53,26,102,480.0,48960.0
2020-03-05,2020030501000348,GLICL,28,48,100,471.0,47100.0
2020-03-05,2020030501000336,GLICL,47,40,100,471.0,47100.0
2020-03-05,2020030501000261,GLICL,13,14,50,480.0,24000.0
2020-03-05,2020030501000260,GLICL,39,40,2,480.0,960.0
2020-03-05,2020030501000259,GLICL,32,40,50,480.0,24000.0
2020-03-05,2020030501000239,GLICL,32,41,100,480.0,48000.0
2020-03-05,2020030501000493,GRDBL,43,42,10,121.0,1210.0
2020-03-05,2020030501000451,HBL,44,48,100,591.0,59100.0
2020-03-05,2020030501000450,HBL,19,48,100,592.0,59200.0
2020-03-05,2020030501000223,HBL,44,37,568,591.0,335688.0
2020-03-05,2020030501000187,HBL,34,55,1000,590.0,590000.0
2020-03-05,2020030501000117,HBL,19,5,50,599.0,29950.0
2020-03-05,2020030501000508,HDL,4,54,450,1565.0,704250.0
2020-03-05,2020030501000507,HDL,4,54,100,1566.0,156600.0
2020-03-05,2020030501000506,HDL,57,54,100,1566.0,156600.0
2020-03-05,2020030501000505,HDL,38,54,50,1566.0,78300.0
2020-03-05,2020030501000504,HDL,19,54,40,1567.0,62680.0
2020-03-05,2020030501000503,HDL,53,54,50,1567.0,78350.0
2020-03-05,2020030501000093,HDL,46,16,50,1588.0,79400.0
2020-03-05,2020030501000086,HDL,46,48,50,1588.0,79400.0
2020-03-05,2020030501000060,HDL,46,19,100,1588.0,158800.0
2020-03-05,2020030501000154,HDL,4,25,10,1587.0,15870.0
2020-03-05,2020030501000153,HDL,57,25,40,1587.0,63480.0
2020-03-05,2020030501000138,HDL,25,38,30,1588.0,47640.0
2020-03-05,2020030501000114,HDL,53,38,20,1588.0,31760.0
2020-03-05,2020030501000111,HDL,53,25,30,1588.0,47640.0
2020-03-05,2020030501000099,HDL,25,16,50,1588.0,79400.0
2020-03-05,2020030501000502,HDL,39,54,10,1567.0,15670.0
2020-03-05,2020030501000442,HDL,38,10,50,1566.0,78300.0
2020-03-05,2020030501000377,HDL,4,14,50,1567.0,78350.0
2020-03-05,2020030501000278,HDL,47,14,50,1564.0,78200.0
2020-03-05,2020030501000277,HDL,41,14,50,1565.0,78250.0
2020-03-05,2020030501000170,HDL,4,57,40,1587.0,63480.0
2020-03-05,2020030501000350,HGI,59,59,500,393.0,196500.0
2020-03-05,2020030501000464,KBL,43,25,500,205.0,102500.0
2020-03-05,2020030501000407,KBL,43,37,300,205.0,61500.0
2020-03-05,2020030501000324,KBL,43,44,100,207.0,20700.0
2020-03-05,2020030501000323,KBL,6,44,145,207.0,30015.0
2020-03-05,2020030501000096,KBL,6,25,100,207.0,20700.0
2020-03-05,2020030501000034,KBL,6,6,255,207.0,52785.0
2020-03-05,2020030501000067,KMCDB,5,5,10,880.0,8800.0
2020-03-05,2020030501000447,KSBBL,29,26,64,170.0,10880.0
2020-03-05,2020030501000429,LBBL,26,42,86,190.0,16340.0
2020-03-05,2020030501000287,LBL,35,40,100,225.0,22500.0
2020-03-05,2020030501000204,LBL,58,14,50,229.0,11450.0
2020-03-05,2020030501000203,LBL,58,14,200,229.0,45800.0
2020-03-05,2020030501000121,LBL,47,25,100,229.0,22900.0
2020-03-05,2020030501000430,LGIL,20,59,500,490.0,245000.0
2020-03-05,2020030501000417,LICN,52,5,100,1446.0,144600.0
2020-03-05,2020030501000385,LICN,34,52,100,1475.0,147500.0
2020-03-05,2020030501000227,LICN,34,52,100,1475.0,147500.0
2020-03-05,2020030501000215,LLBS,28,22,88,1000.0,88000.0
2020-03-05,2020030501000416,MEGA,33,25,211,227.0,47897.0
2020-03-05,2020030501000353,MEGA,33,26,389,227.0,88303.0
2020-03-05,2020030501000352,MEGA,33,26,111,229.0,25419.0
2020-03-05,2020030501000339,MEGA,33,49,36,229.0,8244.0
2020-03-05,2020030501000205,MEGA,33,19,53,229.0,12137.0
2020-03-05,2020030501000186,MEGA,58,19,500,229.0,114500.0
2020-03-05,2020030501000185,MEGA,33,19,200,229.0,45800.0
2020-03-05,2020030501000132,MEGA,33,41,116,233.0,27028.0
2020-03-05,2020030501000282,MFIL,57,43,500,280.0,140000.0
2020-03-05,2020030501000172,MFIL,43,14,200,285.0,57000.0
2020-03-05,2020030501000155,MFIL,38,1,1000,290.0,290000.0
2020-03-05,2020030501000294,MLBL,43,41,161,215.0,34615.0
2020-03-05,2020030501000459,MNBBL,44,32,500,321.0,160500.0
2020-03-05,2020030501000198,MNBBL,44,22,400,321.0,128400.0
2020-03-05,2020030501000197,MNBBL,10,22,50,321.0,16050.0
2020-03-05,2020030501000196,MNBBL,45,22,50,321.0,16050.0
2020-03-05,2020030501000195,MNBBL,47,22,500,322.0,161000.0
2020-03-05,2020030501000159,MNBBL,1,19,296,327.0,96792.0
2020-03-05,2020030501000149,MNBBL,51,19,1000,327.0,327000.0
2020-03-05,2020030501000148,MNBBL,56,19,636,327.0,207972.0
2020-03-05,2020030501000088,MNBBL,56,56,364,327.0,119028.0
2020-03-05,2020030501000055,MNBBL,56,14,1000,333.0,333000.0
2020-03-05,2020030501000062,MPFL,43,47,100,126.0,12600.0
2020-03-05,2020030501000524,NABIL,16,53,500,815.0,407500.0
2020-03-05,2020030501000523,NABIL,14,53,100,815.0,81500.0
2020-03-05,2020030501000522,NABIL,50,53,200,816.0,163200.0
2020-03-05,2020030501000521,NABIL,50,53,38,816.0,31008.0
2020-03-05,2020030501000520,NABIL,22,53,76,819.0,62244.0
2020-03-05,2020030501000414,NABIL,50,58,35,820.0,28700.0
2020-03-05,2020030501000248,NABIL,17,58,488,820.0,400160.0
2020-03-05,2020030501000247,NABIL,17,14,12,820.0,9840.0
2020-03-05,2020030501000188,NABIL,17,14,488,820.0,400160.0
2020-03-05,2020030501000171,NABIL,17,5,12,820.0,9840.0
2020-03-05,2020030501000073,NABIL,46,40,19,831.0,15789.0
2020-03-05,2020030501000072,NABIL,44,40,50,831.0,41550.0
2020-03-05,2020030501000389,NABIL,29,58,300,820.0,246000.0
2020-03-05,2020030501000386,NABIL,22,25,24,819.0,19656.0
2020-03-05,2020030501000384,NABIL,50,45,62,816.0,50592.0
2020-03-05,2020030501000383,NABIL,26,45,38,819.0,31122.0
2020-03-05,2020030501000378,NABIL,26,34,12,819.0,9828.0
2020-03-05,2020030501000355,NABIL,26,40,50,819.0,40950.0
2020-03-05,2020030501000514,NBB,50,48,300,219.0,65700.0
2020-03-05,2020030501000489,NBB,50,10,100,219.0,21900.0
2020-03-05,2020030501000488,NBB,51,10,200,220.0,44000.0
2020-03-05,2020030501000413,NBB,50,40,1000,219.0,219000.0
2020-03-05,2020030501000369,NBB,50,19,1163,219.0,254697.0
2020-03-05,2020030501000368,NBB,45,19,44,221.0,9724.0
2020-03-05,2020030501000150,NBB,11,40,325,222.0,72150.0
2020-03-05,2020030501000094,NBB,43,40,175,225.0,39375.0
2020-03-05,2020030501000279,NBB,45,36,100,221.0,22100.0
2020-03-05,2020030501000275,NBB,45,25,300,221.0,66300.0
2020-03-05,2020030501000228,NBB,11,25,175,222.0,38850.0
2020-03-05,2020030501000202,NBB,43,45,212,224.0,47488.0
2020-03-05,2020030501000190,NBB,11,44,825,222.0,183150.0
2020-03-05,2020030501000189,NBB,11,44,675,222.0,149850.0
2020-03-05,2020030501000530,NBL,51,44,100,284.0,28400.0
2020-03-05,2020030501000529,NBL,57,44,32,284.0,9088.0
2020-03-05,2020030501000473,NBL,57,21,468,284.0,132912.0
2020-03-05,2020030501000472,NBL,50,21,32,284.0,9088.0
2020-03-05,2020030501000461,NBL,50,49,619,284.0,175796.0
2020-03-05,2020030501000286,NBL,50,59,300,284.0,85200.0
2020-03-05,2020030501000124,NBL,17,53,1000,288.0,288000.0
2020-03-05,2020030501000116,NBL,43,50,200,285.0,57000.0
2020-03-05,2020030501000068,NBL,17,53,500,288.0,144000.0
2020-03-05,2020030501000061,NBL,51,53,1000,286.0,286000.0
2020-03-05,2020030501000285,NBL,43,59,200,285.0,57000.0
2020-03-05,2020030501000267,NBL,50,25,100,284.0,28400.0
2020-03-05,2020030501000254,NBL,50,21,500,284.0,142000.0
2020-03-05,2020030501000246,NBL,50,50,500,284.0,142000.0
2020-03-05,2020030501000157,NBL,51,11,1000,285.0,285000.0
2020-03-05,2020030501000125,NBL,43,57,300,285.0,85500.0
2020-03-05,2020030501000527,NCCB,28,10,200,201.0,40200.0
2020-03-05,2020030501000519,NCCB,28,14,150,201.0,30150.0
2020-03-05,2020030501000184,NCCB,28,25,300,201.0,60300.0
2020-03-05,2020030501000118,NCCB,28,56,299,201.0,60099.0
2020-03-05,2020030501000531,NIB,6,45,44,408.0,17952.0
2020-03-05,2020030501000396,NIB,55,37,100,415.0,41500.0
2020-03-05,2020030501000395,NIB,57,37,200,415.0,83000.0
2020-03-05,2020030501000394,NIB,4,37,100,415.0,41500.0
2020-03-05,2020030501000393,NIB,6,37,106,415.0,43990.0
2020-03-05,2020030501000373,NIB,6,20,94,415.0,39010.0
2020-03-05,2020030501000432,NICA,45,42,72,564.0,40608.0
2020-03-05,2020030501000422,NICA,45,37,47,564.0,26508.0
2020-03-05,2020030501000421,NICA,37,37,163,564.0,91932.0
2020-03-05,2020030501000347,NICA,37,40,237,564.0,133668.0
2020-03-05,2020030501000346,NICA,7,40,100,564.0,56400.0
2020-03-05,2020030501000212,NICA,58,36,600,563.0,337800.0
2020-03-05,2020030501000211,NICA,14,36,200,564.0,112800.0
2020-03-05,2020030501000210,NICA,38,36,200,564.0,112800.0
2020-03-05,2020030501000089,NICA,6,39,100,571.0,57100.0
2020-03-05,2020030501000085,NICA,36,53,300,565.0,169500.0
2020-03-05,2020030501000070,NICA,45,51,250,570.0,142500.0
2020-03-05,2020030501000035,NICA,50,40,400,560.0,224000.0
2020-03-05,2020030501000446,NICL,44,37,300,444.0,133200.0
2020-03-05,2020030501000313,NICL,44,57,206,444.0,91464.0
2020-03-05,2020030501000312,NICL,43,57,44,444.0,19536.0
2020-03-05,2020030501000311,NICL,43,57,50,444.0,22200.0
2020-03-05,2020030501000310,NICL,49,57,200,445.0,89000.0
2020-03-05,2020030501000309,NICL,34,57,300,445.0,133500.0
2020-03-05,2020030501000308,NICL,33,57,200,446.0,89200.0
2020-03-05,2020030501000444,NIL,44,36,200,568.0,113600.0
2020-03-05,2020030501000391,NIL,44,37,300,568.0,170400.0
2020-03-05,2020030501000338,NIL,53,52,800,569.0,455200.0
2020-03-05,2020030501000249,NIL,43,52,200,569.0,113800.0
2020-03-05,2020030501000207,NIL,44,59,500,568.0,284000.0
2020-03-05,2020030501000180,NIL,34,59,250,569.0,142250.0
2020-03-05,2020030501000147,NIL,43,41,33,580.0,19140.0
2020-03-05,2020030501000480,NLBBL,33,14,95,713.0,67735.0
2020-03-05,2020030501000479,NLBBL,38,14,50,713.0,35650.0
2020-03-05,2020030501000478,NLBBL,33,14,20,727.0,14540.0
2020-03-05,2020030501000457,NLBBL,33,35,100,727.0,72700.0
2020-03-05,2020030501000289,NLBBL,33,33,180,727.0,130860.0
2020-03-05,2020030501000288,NLBBL,43,33,30,727.0,21810.0
2020-03-05,2020030501000518,NLIC,57,11,22,1232.0,27104.0
2020-03-05,2020030501000471,NLIC,16,16,100,1231.0,123100.0
2020-03-05,2020030501000469,NLIC,36,11,22,1230.0,27060.0
2020-03-05,2020030501000460,NLIC,36,33,275,1230.0,338250.0
2020-03-05,2020030501000409,NLIC,41,57,500,1231.0,615500.0
2020-03-05,2020030501000314,NLIC,44,39,150,1227.0,184050.0
2020-03-05,2020030501000052,NLIC,34,34,10000,1245.0,12450000.0
2020-03-05,2020030501000047,NLIC,58,40,100,1233.0,123300.0
2020-03-05,2020030501000043,NLIC,58,56,548,1233.0,675684.0
2020-03-05,2020030501000174,NLIC,34,11,48,1233.0,59184.0
2020-03-05,2020030501000158,NLIC,44,34,80,1232.0,98560.0
2020-03-05,2020030501000140,NLIC,44,1,84,1232.0,103488.0
2020-03-05,2020030501000139,NLIC,57,1,16,1232.0,19712.0
2020-03-05,2020030501000113,NLIC,57,18,34,1232.0,41888.0
2020-03-05,2020030501000100,NLIC,58,11,352,1233.0,434016.0
2020-03-05,2020030501000220,NLIC,52,17,484,1235.0,597740.0
2020-03-05,2020030501000179,NLIC,34,53,264,1230.0,324720.0
2020-03-05,2020030501000178,NLIC,36,53,500,1231.0,615500.0
2020-03-05,2020030501000177,NLIC,44,53,836,1232.0,1029952.0
2020-03-05,2020030501000176,NLIC,34,17,10,1245.0,12450.0
2020-03-05,2020030501000175,NLIC,34,57,100,1240.0,124000.0
2020-03-05,2020030501000234,NLIC,13,33,300,1226.0,367800.0
2020-03-05,2020030501000233,NLIC,34,33,1000,1227.0,1227000.0
2020-03-05,2020030501000232,NLIC,56,33,100,1230.0,123000.0
2020-03-05,2020030501000231,NLIC,50,33,200,1230.0,246000.0
2020-03-05,2020030501000230,NLIC,34,33,36,1230.0,44280.0
2020-03-05,2020030501000229,NLIC,32,33,30,1233.0,36990.0
2020-03-05,2020030501000305,NLIC,34,17,56,1245.0,69720.0
2020-03-05,2020030501000304,NLIC,34,57,22,1244.0,27368.0
2020-03-05,2020030501000303,NLIC,34,16,100,1235.0,123500.0
2020-03-05,2020030501000302,NLIC,34,56,22,1233.0,27126.0
2020-03-05,2020030501000296,NLIC,44,56,22,1227.0,26994.0
2020-03-05,2020030501000235,NLIC,58,33,334,1226.0,409484.0
2020-03-05,2020030501000317,NLICL,54,17,81,703.0,56943.0
2020-03-05,2020030501000209,NLICL,54,53,19,703.0,13357.0
2020-03-05,2020030501000484,NMB,58,59,308,451.0,138908.0
2020-03-05,2020030501000483,NMB,58,59,192,452.0,86784.0
2020-03-05,2020030501000452,NMB,58,37,376,452.0,169952.0
2020-03-05,2020030501000435,NMB,58,38,432,452.0,195264.0
2020-03-05,2020030501000434,NMB,28,38,168,452.0,75936.0
2020-03-05,2020030501000406,NMB,28,28,332,452.0,150064.0
2020-03-05,2020030501000033,NMB,28,6,200,459.0,91800.0
2020-03-05,2020030501000097,NMB,28,53,100,460.0,46000.0
2020-03-05,2020030501000095,NMB,36,55,145,454.0,65830.0
2020-03-05,2020030501000079,NMB,53,44,500,455.0,227500.0
2020-03-05,2020030501000078,NMB,28,44,200,455.0,91000.0
2020-03-05,2020030501000076,NMB,48,53,200,460.0,92000.0
2020-03-05,2020030501000074,NMB,19,53,100,460.0,46000.0
2020-03-05,2020030501000143,NMB,53,37,50,451.0,22550.0
2020-03-05,2020030501000131,NMB,44,33,2000,453.0,906000.0
2020-03-05,2020030501000130,NMB,44,33,100,453.0,45300.0
2020-03-05,2020030501000129,NMB,43,33,200,454.0,90800.0
2020-03-05,2020030501000128,NMB,36,33,442,454.0,200668.0
2020-03-05,2020030501000103,NMB,36,44,300,454.0,136200.0
2020-03-05,2020030501000222,NMB,28,21,159,452.0,71868.0
2020-03-05,2020030501000221,NMB,53,21,41,453.0,18573.0
2020-03-05,2020030501000193,NMB,53,33,459,453.0,207927.0
2020-03-05,2020030501000151,NMB,8,33,299,453.0,135447.0
2020-03-05,2020030501000145,NMB,51,37,45,451.0,20295.0
2020-03-05,2020030501000144,NMB,13,37,1000,451.0,451000.0
2020-03-05,2020030501000266,NMB,39,35,100,457.0,45700.0
2020-03-05,2020030501000265,NMB,53,20,67,451.0,30217.0
2020-03-05,2020030501000258,NMB,53,48,304,451.0,137104.0
2020-03-05,2020030501000257,NMB,51,48,1955,451.0,881705.0
2020-03-05,2020030501000256,NMB,8,48,200,452.0,90400.0
2020-03-05,2020030501000255,NMB,28,48,41,452.0,18532.0
2020-03-05,2020030501000376,NMB,58,14,50,451.0,22550.0
2020-03-05,2020030501000361,NMB,14,34,500,454.0,227000.0
2020-03-05,2020030501000359,NMB,58,57,471,451.0,212421.0
2020-03-05,2020030501000358,NMB,53,57,129,451.0,58179.0
2020-03-05,2020030501000357,NMB,28,57,400,452.0,180800.0
2020-03-05,2020030501000341,NMB,28,42,100,452.0,45200.0
2020-03-05,2020030501000123,NMBMF,38,10,47,807.0,37929.0
2020-03-05,2020030501000183,NMFBS,33,33,15,1703.0,25545.0
2020-03-05,2020030501000511,NSEWA,43,4,20,706.0,14120.0
2020-03-05,2020030501000438,NSEWA,43,49,10,706.0,7060.0
2020-03-05,2020030501000057,NUBL,43,51,20,957.0,19140.0
2020-03-05,2020030501000436,PCBL,11,28,342,297.0,101574.0
2020-03-05,2020030501000431,PCBL,11,37,200,298.0,59600.0
2020-03-05,2020030501000349,PCBL,46,37,250,298.0,74500.0
2020-03-05,2020030501000326,PCBL,46,20,116,298.0,34568.0
2020-03-05,2020030501000319,PCBL,46,42,135,298.0,40230.0
2020-03-05,2020030501000298,PCBL,46,25,100,298.0,29800.0
2020-03-05,2020030501000166,PCBL,46,19,299,298.0,89102.0
2020-03-05,2020030501000161,PCBL,46,37,500,298.0,149000.0
2020-03-05,2020030501000032,PCBL,46,50,600,298.0,178800.0
2020-03-05,2020030501000066,PFL,13,41,15,160.0,2400.0
2020-03-05,2020030501000065,PFL,43,41,19,161.0,3059.0
2020-03-05,2020030501000419,PIC,51,39,89,600.0,53400.0
2020-03-05,2020030501000418,PIC,43,39,11,600.0,6600.0
2020-03-05,2020030501000500,PLIC,34,26,100,585.0,58500.0
2020-03-05,2020030501000475,PLIC,49,32,100,584.0,58400.0
2020-03-05,2020030501000351,PLIC,49,25,100,584.0,58400.0
2020-03-05,2020030501000263,PLIC,49,53,128,584.0,74752.0
2020-03-05,2020030501000225,PLIC,49,57,50,584.0,29200.0
2020-03-05,2020030501000224,PLIC,53,57,100,584.0,58400.0
2020-03-05,2020030501000137,PLIC,34,52,196,595.0,116620.0
2020-03-05,2020030501000054,PLIC,13,52,337,595.0,200515.0
2020-03-05,2020030501000106,PRVU,51,14,300,253.0,75900.0
2020-03-05,2020030501000420,RHPL,41,17,30,159.0,4770.0
2020-03-05,2020030501000372,RHPL,41,17,20,159.0,3180.0
2020-03-05,2020030501000371,RHPL,56,17,10,160.0,1600.0
2020-03-05,2020030501000281,RLFL,32,49,10,148.0,1480.0
2020-03-05,2020030501000387,RMDC,46,40,50,675.0,33750.0
2020-03-05,2020030501000517,SANIMA,20,36,51,363.0,18513.0
2020-03-05,2020030501000477,SANIMA,20,37,191,363.0,69333.0
2020-03-05,2020030501000295,SANIMA,20,20,110,363.0,39930.0
2020-03-05,2020030501000182,SANIMA,20,37,298,363.0,108174.0
2020-03-05,2020030501000181,SANIMA,56,37,20,369.0,7380.0
2020-03-05,2020030501000513,SBI,34,37,48,463.0,22224.0
2020-03-05,2020030501000321,SBI,52,20,50,472.0,23600.0
2020-03-05,2020030501000318,SBI,44,5,100,472.0,47200.0
2020-03-05,2020030501000320,SBL,44,37,942,324.0,305208.0
2020-03-05,2020030501000213,SBL,44,25,15,324.0,4860.0
2020-03-05,2020030501000165,SBL,44,26,290,324.0,93960.0
2020-03-05,2020030501000164,SBL,47,26,10,324.0,3240.0
2020-03-05,2020030501000163,SBL,10,26,100,324.0,32400.0
2020-03-05,2020030501000245,SCB,51,55,500,685.0,342500.0
2020-03-05,2020030501000244,SCB,25,55,10,685.0,6850.0
2020-03-05,2020030501000243,SCB,54,55,20,686.0,13720.0
2020-03-05,2020030501000242,SCB,29,55,20,686.0,13720.0
2020-03-05,2020030501000056,SCB,44,39,100,698.0,69800.0
2020-03-05,2020030501000077,SHINE,45,32,500,294.0,147000.0
2020-03-05,2020030501000039,SHINE,45,14,500,294.0,147000.0
2020-03-05,2020030501000512,SHIVM,46,54,641,590.0,378190.0
2020-03-05,2020030501000501,SHIVM,45,54,350,590.0,206500.0
2020-03-05,2020030501000496,SHIVM,4,54,500,590.0,295000.0
2020-03-05,2020030501000462,SHIVM,4,1,50,588.0,29400.0
2020-03-05,2020030501000445,SHIVM,4,22,90,588.0,52920.0
2020-03-05,2020030501000367,SHIVM,36,54,500,590.0,295000.0
2020-03-05,2020030501000268,SHIVM,44,54,1000,590.0,590000.0
2020-03-05,2020030501000146,SHIVM,42,22,178,596.0,106088.0
2020-03-05,2020030501000108,SHIVM,42,53,122,596.0,72712.0
2020-03-05,2020030501000046,SHIVM,44,53,500,597.0,298500.0
2020-03-05,2020030501000344,SHIVM,36,42,100,590.0,59000.0
2020-03-05,2020030501000343,SHIVM,36,54,600,590.0,354000.0
2020-03-05,2020030501000325,SHIVM,44,54,500,590.0,295000.0
2020-03-05,2020030501000290,SHIVM,48,54,500,590.0,295000.0
2020-03-05,2020030501000274,SHIVM,58,54,400,590.0,236000.0
2020-03-05,2020030501000040,SHL,34,34,100,174.0,17400.0
2020-03-05,2020030501000401,SHPC,17,34,100,210.0,21000.0
2020-03-05,2020030501000400,SHPC,41,34,10,210.0,2100.0
2020-03-05,2020030501000399,SHPC,25,34,300,210.0,63000.0
2020-03-05,2020030501000283,SHPC,33,34,500,214.0,107000.0
2020-03-05,2020030501000120,SHPC,33,36,500,214.0,107000.0
2020-03-05,2020030501000428,SICL,44,40,500,971.0,485500.0
2020-03-05,2020030501000360,SIL,34,35,790,550.0,434500.0
2020-03-05,2020030501000398,SJCL,41,17,20,154.0,3080.0
2020-03-05,2020030501000345,SJCL,43,17,20,156.0,3120.0
2020-03-05,2020030501000119,SKBBL,19,59,62,1092.0,67704.0
2020-03-05,2020030501000470,SLICL,16,53,500,451.0,225500.0
2020-03-05,2020030501000334,SLICL,47,53,100,451.0,45100.0
2020-03-05,2020030501000333,SLICL,46,53,100,451.0,45100.0
2020-03-05,2020030501000042,SLICL,17,18,90,460.0,41400.0
2020-03-05,2020030501000528,SMATA,34,28,50,690.0,34500.0
2020-03-05,2020030501000515,SMATA,34,28,50,690.0,34500.0
2020-03-05,2020030501000497,SMATA,34,50,50,690.0,34500.0
2020-03-05,2020030501000485,SMATA,34,28,150,692.0,103800.0
2020-03-05,2020030501000337,SMATA,34,50,50,692.0,34600.0
2020-03-05,2020030501000173,SMATA,25,10,10,706.0,7060.0
2020-03-05,2020030501000474,SRBL,34,5,55,256.0,14080.0
2020-03-05,2020030501000448,TRH,45,42,70,269.0,18830.0
2020-03-05,2020030501000162,UIC,32,25,20,374.0,7480.0
2020-03-05,2020030501000510,UPPER,33,42,57,234.0,13338.0
2020-03-05,2020030501000441,UPPER,33,17,30,234.0,7020.0
2020-03-05,2020030501000440,UPPER,47,17,10,235.0,2350.0
2020-03-05,2020030501000388,UPPER,56,17,40,236.0,9440.0
2020-03-05,2020030501000219,VLBS,46,22,250,966.0,241500.0
2020-03-05,2020030501000218,VLBS,46,34,191,965.0,184315.0
2020-03-05,2020030501000363,VLBS,34,21,200,960.0,192000.0
2020-03-05,2020030501000526,WOMI,34,37,50,960.0,48000.0
2020-03-05,2020030501000525,WOMI,47,37,50,960.0,48000.0
2020-03-05,2020030501000410,WOMI,33,54,153,957.0,146421.0
2020-03-05,2020030501000362,WOMI,58,34,15,976.0,14640.0
2020-03-05,2020030501000340,WOMI,33,34,200,980.0,196000.0
2020-03-05,2020030501000300,WOMI,53,36,100,995.0,99500.0
2020-03-05,2020030501000299,WOMI,33,36,200,995.0,199000.0
2020-03-05,2020030501000152,WOMI,6,10,100,1000.0,100000.0
2020-03-05,2020030501000105,WOMI,58,34,20,1015.0,20300.0
2020-03-05,2020030501000104,WOMI,47,34,50,1015.0,50750.0
2020-03-05,2020030501000045,WOMI,47,19,50,1015.0,50750.0
2020-03-05,2020030501000044,WOMI,33,19,100,1015.0,101500.0
