date,transaction_no,symbol,buyer,seller,quantity,rate,amount
2019-05-26,2019052601009170,ADBL,35,45,300,425.0,127500.0
2019-05-26,2019052601009169,ADBL,58,45,200,426.0,85200.0
2019-05-26,2019052601009093,ADBL,1,52,200,426.0,85200.0
2019-05-26,2019052601009045,ADBL,1,43,300,426.0,127800.0
2019-05-26,2019052601008959,ADBL,35,42,1000,425.0,425000.0
2019-05-26,2019052601008956,ADBL,14,43,200,426.0,85200.0
2019-05-26,2019052601008795,ADBL,41,36,120,423.0,50760.0
2019-05-26,2019052601008946,ADBL,35,58,100,425.0,42500.0
2019-05-26,2019052601008945,ADBL,35,56,1000,425.0,425000.0
2019-05-26,2019052601008944,ADBL,35,4,500,424.0,212000.0
2019-05-26,2019052601008815,ADBL,36,38,336,424.0,142464.0
2019-05-26,2019052601008797,ADBL,56,36,330,423.0,139590.0
2019-05-26,2019052601008796,ADBL,42,36,150,423.0,63450.0
2019-05-26,2019052601009104,AHPC,26,52,50,112.0,5600.0
2019-05-26,2019052601009103,AHPC,51,52,100,112.0,11200.0
2019-05-26,2019052601009087,ALBSL,25,39,10,441.0,4410.0
2019-05-26,2019052601009099,ALICL,55,38,100,420.0,42000.0
2019-05-26,2019052601009098,ALICL,58,38,200,420.0,84000.0
2019-05-26,2019052601008942,ALICL,48,38,70,420.0,29400.0
2019-05-26,2019052601008941,ALICL,47,38,50,422.0,21100.0
2019-05-26,2019052601008940,ALICL,16,38,400,425.0,170000.0
2019-05-26,2019052601008891,ALICL,51,45,100,425.0,42500.0
2019-05-26,2019052601009118,API,48,45,75,155.0,11625.0
2019-05-26,2019052601009079,API,37,13,565,153.0,86445.0
2019-05-26,2019052601009078,API,45,13,280,153.0,42840.0
2019-05-26,2019052601008950,API,45,47,20,153.0,3060.0
2019-05-26,2019052601008993,BARUN,48,44,100,98.0,9800.0
2019-05-26,2019052601009156,BFC,42,34,10,104.0,1040.0
2019-05-26,2019052601009106,BFC,42,57,248,102.0,25296.0
2019-05-26,2019052601009085,BOKL,52,56,1000,271.0,271000.0
2019-05-26,2019052601009071,BOKL,52,56,940,271.0,254740.0
2019-05-26,2019052601009070,BOKL,47,56,60,271.0,16260.0
2019-05-26,2019052601009011,BOKL,59,58,300,272.0,81600.0
2019-05-26,2019052601008987,BOKL,41,58,180,272.0,48960.0
2019-05-26,2019052601008961,BOKL,47,22,440,271.0,119240.0
2019-05-26,2019052601008960,BOKL,57,22,60,271.0,16260.0
2019-05-26,2019052601008930,BOKL,57,45,40,271.0,10840.0
2019-05-26,2019052601008899,BOKL,32,58,100,272.0,27200.0
2019-05-26,2019052601008824,BOKL,44,58,17,272.0,4624.0
2019-05-26,2019052601008823,BOKL,44,38,33,272.0,8976.0
2019-05-26,2019052601009254,BPCL,7,58,362,418.0,151316.0
2019-05-26,2019052601009253,BPCL,10,58,100,418.0,41800.0
2019-05-26,2019052601009252,BPCL,5,58,38,418.0,15884.0
2019-05-26,2019052601009109,BPCL,45,1,350,420.0,147000.0
2019-05-26,2019052601009008,BPCL,19,1,100,420.0,42000.0
2019-05-26,2019052601008924,BPCL,44,49,250,419.0,104750.0
2019-05-26,2019052601008883,BPCL,36,49,250,419.0,104750.0
2019-05-26,2019052601008836,BPCL,5,58,462,418.0,193116.0
2019-05-26,2019052601008835,BPCL,28,58,189,418.0,79002.0
2019-05-26,2019052601009139,CBBL,32,48,30,950.0,28500.0
2019-05-26,2019052601009250,CBL,59,47,336,146.0,49056.0
2019-05-26,2019052601009249,CBL,51,47,1000,146.0,146000.0
2019-05-26,2019052601009248,CBL,43,47,1400,146.0,204400.0
2019-05-26,2019052601009247,CBL,39,47,200,146.0,29200.0
2019-05-26,2019052601009246,CBL,25,47,1000,146.0,146000.0
2019-05-26,2019052601009245,CBL,45,47,40,146.0,5840.0
2019-05-26,2019052601008839,CCBL,52,22,460,168.0,77280.0
2019-05-26,2019052601008838,CCBL,52,52,40,168.0,6720.0
2019-05-26,2019052601009067,CFCL,14,59,17,114.0,1938.0
2019-05-26,2019052601009058,CHCL,42,7,135,532.0,71820.0
2019-05-26,2019052601009057,CHCL,42,20,65,532.0,34580.0
2019-05-26,2019052601009072,CHLBS,36,8,10,449.0,4490.0
2019-05-26,2019052601008900,CHLBS,22,11,10,447.0,4470.0
2019-05-26,2019052601008884,CHLBS,22,11,10,447.0,4470.0
2019-05-26,2019052601009225,CORBL,39,44,60,121.0,7260.0
2019-05-26,2019052601009080,CORBL,39,44,80,121.0,9680.0
2019-05-26,2019052601009260,CZBIL,17,48,174,228.0,39672.0
2019-05-26,2019052601009147,DBBL,16,28,495,147.0,72765.0
2019-05-26,2019052601009146,DBBL,14,28,505,147.0,74235.0
2019-05-26,2019052601008888,DBBL,14,39,100,147.0,14700.0
2019-05-26,2019052601009014,DDBL,34,59,100,728.0,72800.0
2019-05-26,2019052601008882,FMDBL,45,37,220,405.0,89100.0
2019-05-26,2019052601008881,FMDBL,45,37,80,405.0,32400.0
2019-05-26,2019052601009257,GBBL,4,44,46,222.0,10212.0
2019-05-26,2019052601009256,GBBL,4,44,454,222.0,100788.0
2019-05-26,2019052601009222,GBBL,4,10,46,222.0,10212.0
2019-05-26,2019052601009221,GBBL,49,10,258,222.0,57276.0
2019-05-26,2019052601009220,GBBL,55,10,1000,222.0,222000.0
2019-05-26,2019052601009219,GBBL,4,10,1000,222.0,222000.0
2019-05-26,2019052601008849,GBBL,55,39,10,222.0,2220.0
2019-05-26,2019052601008821,GBBL,56,58,500,224.0,112000.0
2019-05-26,2019052601008819,GBBL,34,39,45,223.0,10035.0
2019-05-26,2019052601009218,GBBL,53,10,100,222.0,22200.0
2019-05-26,2019052601009217,GBBL,50,10,500,222.0,111000.0
2019-05-26,2019052601009216,GBBL,4,10,500,222.0,111000.0
2019-05-26,2019052601009215,GBBL,55,10,596,222.0,132312.0
2019-05-26,2019052601009214,GBBL,55,33,300,222.0,66600.0
2019-05-26,2019052601009038,GBBL,59,52,100,223.0,22300.0
2019-05-26,2019052601009199,GBIME,44,11,50,305.0,15250.0
2019-05-26,2019052601009198,GBIME,45,11,100,305.0,30500.0
2019-05-26,2019052601009153,GBIME,49,45,100,306.0,30600.0
2019-05-26,2019052601009096,GBIME,6,45,107,305.0,32635.0
2019-05-26,2019052601008972,GBIME,50,44,1300,306.0,397800.0
2019-05-26,2019052601008822,GBIME,45,44,200,306.0,61200.0
2019-05-26,2019052601008801,GBIME,22,44,500,306.0,153000.0
2019-05-26,2019052601009201,GBLBS,6,39,30,378.0,11340.0
2019-05-26,2019052601008979,GBLBS,42,45,35,378.0,13230.0
2019-05-26,2019052601008978,GBLBS,39,45,30,378.0,11340.0
2019-05-26,2019052601008977,GBLBS,25,45,450,378.0,170100.0
2019-05-26,2019052601008976,GBLBS,38,45,10,378.0,3780.0
2019-05-26,2019052601008975,GBLBS,6,45,55,378.0,20790.0
2019-05-26,2019052601008932,GBLBS,6,39,10,378.0,3780.0
2019-05-26,2019052601008887,GBLBS,6,14,30,378.0,11340.0
2019-05-26,2019052601009063,GDBL,54,57,130,211.0,27430.0
2019-05-26,2019052601009062,GDBL,14,57,45,211.0,9495.0
2019-05-26,2019052601009061,GDBL,41,57,25,212.0,5300.0
2019-05-26,2019052601008981,GFCL,1,43,10,121.0,1210.0
2019-05-26,2019052601008844,GILB,38,57,200,1376.0,275200.0
2019-05-26,2019052601008820,GLICL,58,43,110,552.0,60720.0
2019-05-26,2019052601008948,GUFL,40,43,10,111.0,1110.0
2019-05-26,2019052601009202,HBL,49,25,45,580.0,26100.0
2019-05-26,2019052601009197,HDL,25,58,500,1666.0,833000.0
2019-05-26,2019052601009196,HDL,25,58,100,1666.0,166600.0
2019-05-26,2019052601009195,HDL,28,58,50,1666.0,83300.0
2019-05-26,2019052601009194,HDL,57,58,100,1666.0,166600.0
2019-05-26,2019052601009193,HDL,49,58,10,1666.0,16660.0
2019-05-26,2019052601009192,HDL,22,58,200,1666.0,333200.0
2019-05-26,2019052601009173,HDL,35,40,50,1700.0,85000.0
2019-05-26,2019052601009179,HDL,43,58,20,1692.0,33840.0
2019-05-26,2019052601009178,HDL,32,58,50,1692.0,84600.0
2019-05-26,2019052601009177,HDL,22,58,10,1695.0,16950.0
2019-05-26,2019052601009176,HDL,35,58,10,1696.0,16960.0
2019-05-26,2019052601009175,HDL,35,58,20,1696.0,33920.0
2019-05-26,2019052601009174,HDL,35,58,10,1696.0,16960.0
2019-05-26,2019052601009185,HDL,52,58,50,1687.0,84350.0
2019-05-26,2019052601009184,HDL,16,58,50,1688.0,84400.0
2019-05-26,2019052601009183,HDL,16,58,50,1688.0,84400.0
2019-05-26,2019052601009182,HDL,49,58,100,1688.0,168800.0
2019-05-26,2019052601009181,HDL,55,58,500,1691.0,845500.0
2019-05-26,2019052601009180,HDL,58,58,20,1691.0,33820.0
2019-05-26,2019052601009191,HDL,42,58,10,1670.0,16700.0
2019-05-26,2019052601009190,HDL,37,58,100,1675.0,167500.0
2019-05-26,2019052601009189,HDL,22,58,10,1685.0,16850.0
2019-05-26,2019052601009188,HDL,53,58,50,1686.0,84300.0
2019-05-26,2019052601009187,HDL,52,58,50,1686.0,84300.0
2019-05-26,2019052601009186,HDL,53,58,50,1686.0,84300.0
2019-05-26,2019052601009081,HGI,37,14,10,382.0,3820.0
2019-05-26,2019052601009213,HIDCL,5,58,20,166.0,3320.0
2019-05-26,2019052601008974,HIDCL,1,11,22,164.0,3608.0
2019-05-26,2019052601008973,HIDCL,25,11,121,164.0,19844.0
2019-05-26,2019052601008898,HIDCL,25,41,55,164.0,9020.0
2019-05-26,2019052601008837,HIDCL,5,6,20,166.0,3320.0
2019-05-26,2019052601008905,HPPL,11,49,10,186.0,1860.0
2019-05-26,2019052601009268,HURJA,54,13,20,134.0,2680.0
2019-05-26,2019052601009267,HURJA,54,57,20,134.0,2680.0
2019-05-26,2019052601009266,HURJA,54,50,20,134.0,2680.0
2019-05-26,2019052601009265,HURJA,54,26,20,134.0,2680.0
2019-05-26,2019052601009264,HURJA,54,59,20,134.0,2680.0
2019-05-26,2019052601009263,HURJA,54,44,20,134.0,2680.0
2019-05-26,2019052601008812,HURJA,54,34,20,130.0,2600.0
2019-05-26,2019052601008802,HURJA,54,58,30,130.0,3900.0
2019-05-26,2019052601008864,HURJA,43,51,20,132.0,2640.0
2019-05-26,2019052601008863,HURJA,43,40,20,131.0,2620.0
2019-05-26,2019052601008862,HURJA,43,39,790,131.0,103490.0
2019-05-26,2019052601008861,HURJA,43,17,20,131.0,2620.0
2019-05-26,2019052601008840,HURJA,54,34,20,130.0,2600.0
2019-05-26,2019052601008829,HURJA,54,56,20,130.0,2600.0
2019-05-26,2019052601008870,HURJA,43,10,20,132.0,2640.0
2019-05-26,2019052601008869,HURJA,43,10,20,132.0,2640.0
2019-05-26,2019052601008868,HURJA,43,10,20,132.0,2640.0
2019-05-26,2019052601008867,HURJA,43,10,20,132.0,2640.0
2019-05-26,2019052601008866,HURJA,43,10,20,132.0,2640.0
2019-05-26,2019052601008865,HURJA,43,36,20,132.0,2640.0
2019-05-26,2019052601009262,HURJA,54,18,20,134.0,2680.0
2019-05-26,2019052601009089,HURJA,58,18,20,133.0,2660.0
2019-05-26,2019052601009088,HURJA,58,39,10,132.0,1320.0
2019-05-26,2019052601009068,HURJA,43,39,10,132.0,1320.0
2019-05-26,2019052601008871,HURJA,43,10,20,132.0,2640.0
2019-05-26,2019052601008969,IGI,6,8,30,404.0,12120.0
2019-05-26,2019052601008970,IGI,7,8,70,403.0,28210.0
2019-05-26,2019052601009271,JBBL,49,6,390,154.0,60060.0
2019-05-26,2019052601009101,JBBL,36,58,303,152.0,46056.0
2019-05-26,2019052601009100,JBBL,14,58,200,153.0,30600.0
2019-05-26,2019052601009272,JBNL,4,38,88,209.0,18392.0
2019-05-26,2019052601009124,JBNL,4,51,100,209.0,20900.0
2019-05-26,2019052601009123,JBNL,4,49,12,209.0,2508.0
2019-05-26,2019052601009037,JBNL,42,42,777,208.0,161616.0
2019-05-26,2019052601008988,JBNL,10,42,40,208.0,8320.0
2019-05-26,2019052601008963,JBNL,50,42,1000,208.0,208000.0
2019-05-26,2019052601008850,JBNL,28,42,183,208.0,38064.0
2019-05-26,2019052601008816,JBNL,28,19,817,208.0,169936.0
2019-05-26,2019052601008971,KBL,36,45,364,217.0,78988.0
2019-05-26,2019052601008947,KBL,26,45,100,217.0,21700.0
2019-05-26,2019052601008922,KBL,37,45,100,217.0,21700.0
2019-05-26,2019052601008921,KBL,42,45,500,217.0,108500.0
2019-05-26,2019052601008920,KBL,59,45,255,217.0,55335.0
2019-05-26,2019052601008919,KBL,42,45,500,217.0,108500.0
2019-05-26,2019052601008906,KBL,52,45,500,218.0,109000.0
2019-05-26,2019052601008894,KBL,52,17,500,218.0,109000.0
2019-05-26,2019052601008912,KBL,7,45,100,217.0,21700.0
2019-05-26,2019052601008911,KBL,55,45,50,217.0,10850.0
2019-05-26,2019052601008910,KBL,54,45,1000,217.0,217000.0
2019-05-26,2019052601008909,KBL,59,45,100,217.0,21700.0
2019-05-26,2019052601008908,KBL,32,45,300,217.0,65100.0
2019-05-26,2019052601008907,KBL,45,45,254,217.0,55118.0
2019-05-26,2019052601008918,KBL,53,45,500,217.0,108500.0
2019-05-26,2019052601008917,KBL,45,45,500,217.0,108500.0
2019-05-26,2019052601008916,KBL,45,45,500,217.0,108500.0
2019-05-26,2019052601008915,KBL,39,45,50,217.0,10850.0
2019-05-26,2019052601008914,KBL,5,45,200,217.0,43400.0
2019-05-26,2019052601008913,KBL,36,45,1000,217.0,217000.0
2019-05-26,2019052601008877,KNBL,45,34,1000,143.0,143000.0
2019-05-26,2019052601008851,KNBL,25,34,1600,144.0,230400.0
2019-05-26,2019052601008951,KPCL,1,33,10,95.0,950.0
2019-05-26,2019052601009132,LBBL,16,1,400,201.0,80400.0
2019-05-26,2019052601009005,LBBL,16,29,1225,201.0,246225.0
2019-05-26,2019052601009004,LBBL,33,29,1000,201.0,201000.0
2019-05-26,2019052601009003,LBBL,29,29,75,201.0,15075.0
2019-05-26,2019052601009002,LBBL,28,29,2200,201.0,442200.0
2019-05-26,2019052601009001,LBBL,59,29,500,201.0,100500.0
2019-05-26,2019052601009286,LBL,52,57,100,222.0,22200.0
2019-05-26,2019052601009237,LGIL,40,42,57,500.0,28500.0
2019-05-26,2019052601009236,LGIL,41,42,100,500.0,50000.0
2019-05-26,2019052601009235,LGIL,42,42,80,500.0,40000.0
2019-05-26,2019052601009234,LGIL,56,42,50,500.0,25000.0
2019-05-26,2019052601009233,LGIL,36,42,200,500.0,100000.0
2019-05-26,2019052601009232,LGIL,44,42,13,500.0,6500.0
2019-05-26,2019052601009149,LGIL,37,56,10,501.0,5010.0
2019-05-26,2019052601008896,LVF1,47,52,2000,10.22,20440.0
2019-05-26,2019052601009292,MBL,25,42,1500,268.0,402000.0
2019-05-26,2019052601009154,MBL,22,28,87,267.0,23229.0
2019-05-26,2019052601009129,MBL,28,28,100,267.0,26700.0
2019-05-26,2019052601009128,MBL,33,28,500,267.0,133500.0
2019-05-26,2019052601009127,MBL,14,28,30,267.0,8010.0
2019-05-26,2019052601009126,MBL,19,28,200,267.0,53400.0
2019-05-26,2019052601008879,MBL,16,28,83,268.0,22244.0
2019-05-26,2019052601008826,MBL,16,38,117,268.0,31356.0
2019-05-26,2019052601009125,MEGA,59,45,200,196.0,39200.0
2019-05-26,2019052601009059,MEGA,43,45,10,196.0,1960.0
2019-05-26,2019052601008992,MEGA,33,38,1519,195.0,296205.0
2019-05-26,2019052601008966,MEGA,29,38,1117,195.0,217815.0
2019-05-26,2019052601008965,MEGA,29,1,541,195.0,105495.0
2019-05-26,2019052601008964,MEGA,29,38,342,195.0,66690.0
2019-05-26,2019052601008897,MEGA,52,38,200,195.0,39000.0
2019-05-26,2019052601008854,MEGA,35,38,231,194.0,44814.0
2019-05-26,2019052601008853,MEGA,59,38,500,194.0,97000.0
2019-05-26,2019052601008852,MEGA,17,38,1436,194.0,278584.0
2019-05-26,2019052601008893,MFIL,40,34,725,120.0,87000.0
2019-05-26,2019052601009018,MLBBL,43,48,400,460.0,184000.0
2019-05-26,2019052601009036,MLBL,42,6,475,196.0,93100.0
2019-05-26,2019052601009151,MNBBL,42,50,41,375.0,15375.0
2019-05-26,2019052601009105,MNBBL,52,51,150,376.0,56400.0
2019-05-26,2019052601008958,MNBBL,14,51,40,376.0,15040.0
2019-05-26,2019052601008872,MNBBL,42,17,1000,375.0,375000.0
2019-05-26,2019052601009282,MPFL,28,17,100,224.0,22400.0
2019-05-26,2019052601009281,MPFL,26,17,80,224.0,17920.0
2019-05-26,2019052601009280,MPFL,57,17,10,225.0,2250.0
2019-05-26,2019052601008890,MPFL,26,56,70,224.0,15680.0
2019-05-26,2019052601008889,MPFL,17,56,20,226.0,4520.0
2019-05-26,2019052601008825,MPFL,51,17,50,228.0,11400.0
2019-05-26,2019052601008986,MSLB,10,8,30,1060.0,31800.0
2019-05-26,2019052601009066,NABILP,59,44,418,803.0,335654.0
2019-05-26,2019052601009065,NABILP,32,44,200,803.0,160600.0
2019-05-26,2019052601009064,NABILP,32,44,300,803.0,240900.0
2019-05-26,2019052601009046,NABILP,33,44,100,804.0,80400.0
2019-05-26,2019052601009026,NABILP,28,44,200,804.0,160800.0
2019-05-26,2019052601009025,NABILP,22,44,138,804.0,110952.0
2019-05-26,2019052601009024,NABILP,39,44,64,805.0,51520.0
2019-05-26,2019052601009138,NADEP,43,53,20,445.0,8900.0
2019-05-26,2019052601009137,NADEP,6,53,20,446.0,8920.0
2019-05-26,2019052601008828,NBB,16,17,100,224.0,22400.0
2019-05-26,2019052601008827,NBB,19,17,168,224.0,37632.0
2019-05-26,2019052601008814,NBB,19,14,82,224.0,18368.0
2019-05-26,2019052601008813,NBB,28,14,170,224.0,38080.0
2019-05-26,2019052601009294,NBL,33,25,100,336.0,33600.0
2019-05-26,2019052601009255,NBL,39,25,50,336.0,16800.0
2019-05-26,2019052601009243,NBL,32,48,500,335.0,167500.0
2019-05-26,2019052601009242,NBL,14,48,100,335.0,33500.0
2019-05-26,2019052601009168,NBL,33,50,500,335.0,167500.0
2019-05-26,2019052601009144,NBL,33,21,500,335.0,167500.0
2019-05-26,2019052601008832,NBL,33,46,1655,335.0,554425.0
2019-05-26,2019052601008810,NBL,36,46,20,335.0,6700.0
2019-05-26,2019052601008990,NBL,59,34,55,335.0,18425.0
2019-05-26,2019052601008989,NBL,1,34,445,335.0,149075.0
2019-05-26,2019052601008933,NBL,1,21,55,335.0,18425.0
2019-05-26,2019052601008876,NBL,57,21,400,335.0,134000.0
2019-05-26,2019052601008845,NBL,57,21,200,335.0,67000.0
2019-05-26,2019052601008833,NBL,33,21,345,335.0,115575.0
2019-05-26,2019052601009143,NBL,57,21,500,335.0,167500.0
2019-05-26,2019052601009086,NBL,14,49,475,335.0,159125.0
2019-05-26,2019052601009060,NBL,48,49,25,335.0,8375.0
2019-05-26,2019052601009044,NBL,48,58,975,335.0,326625.0
2019-05-26,2019052601009043,NBL,33,58,100,335.0,33500.0
2019-05-26,2019052601009042,NBL,59,58,45,335.0,15075.0
2019-05-26,2019052601009276,NCCB,41,13,585,260.0,152100.0
2019-05-26,2019052601009275,NCCB,1,13,415,260.0,107900.0
2019-05-26,2019052601009172,NCCB,1,57,200,260.0,52000.0
2019-05-26,2019052601009171,NCCB,1,46,385,260.0,100100.0
2019-05-26,2019052601009069,NCCB,1,46,195,259.0,50505.0
2019-05-26,2019052601008984,NCCB,1,32,100,259.0,25900.0
2019-05-26,2019052601008818,NHPC,5,19,550,70.0,38500.0
2019-05-26,2019052601008817,NHPC,56,19,450,70.0,31500.0
2019-05-26,2019052601009244,NIBPO,59,52,67,505.0,33835.0
2019-05-26,2019052601009155,NIBPO,14,52,100,505.0,50500.0
2019-05-26,2019052601009015,NICA,45,44,75,477.0,35775.0
2019-05-26,2019052601008860,NICA,45,19,71,476.0,33796.0
2019-05-26,2019052601008859,NICA,14,19,20,477.0,9540.0
2019-05-26,2019052601008858,NICA,57,19,100,477.0,47700.0
2019-05-26,2019052601008857,NICA,45,19,15,477.0,7155.0
2019-05-26,2019052601008856,NICA,6,19,41,477.0,19557.0
2019-05-26,2019052601009041,NICL,6,57,20,391.0,7820.0
2019-05-26,2019052601009040,NICL,40,32,25,389.0,9725.0
2019-05-26,2019052601009000,NICL,37,22,100,390.0,39000.0
2019-05-26,2019052601008999,NICL,25,22,1120,390.0,436800.0
2019-05-26,2019052601008799,NICL,6,57,100,391.0,39100.0
2019-05-26,2019052601009223,NIL,42,38,400,514.0,205600.0
2019-05-26,2019052601009160,NIL,43,38,100,514.0,51400.0
2019-05-26,2019052601008957,NIL,56,56,2,515.0,1030.0
2019-05-26,2019052601008834,NIL,50,51,100,514.0,51400.0
2019-05-26,2019052601009231,NLG,44,47,28,803.0,22484.0
2019-05-26,2019052601009013,NLG,47,52,32,804.0,25728.0
2019-05-26,2019052601009288,NLIC,6,38,78,935.0,72930.0
2019-05-26,2019052601009211,NLIC,42,38,100,935.0,93500.0
2019-05-26,2019052601008927,NLIC,40,47,69,932.0,64308.0
2019-05-26,2019052601008895,NLIC,40,19,69,932.0,64308.0
2019-05-26,2019052601009084,NLICL,43,22,10,664.0,6640.0
2019-05-26,2019052601008842,NLICL,32,32,322,662.0,213164.0
2019-05-26,2019052601009274,NMBMF,58,38,10,1164.0,11640.0
2019-05-26,2019052601009273,NMBMF,58,18,50,1163.0,58150.0
2019-05-26,2019052601009122,NMBMF,58,20,50,1153.0,57650.0
2019-05-26,2019052601009121,NMBMF,58,19,50,1150.0,57500.0
2019-05-26,2019052601009120,NMBMF,58,28,60,1149.0,68940.0
2019-05-26,2019052601009119,NMBMF,58,14,83,1148.0,95284.0
2019-05-26,2019052601009278,NNLB,6,40,75,400.0,30000.0
2019-05-26,2019052601009228,NTC,42,52,20,726.0,14520.0
2019-05-26,2019052601009107,NTC,34,6,20,731.0,14620.0
2019-05-26,2019052601008997,NTC,34,36,180,731.0,131580.0
2019-05-26,2019052601008949,NTC,44,36,200,731.0,146200.0
2019-05-26,2019052601009141,NUBL,11,57,50,852.0,42600.0
2019-05-26,2019052601009258,OHL,57,56,171,662.0,113202.0
2019-05-26,2019052601009224,OHL,34,46,20,667.0,13340.0
2019-05-26,2019052601009152,OHL,57,26,123,662.0,81426.0
2019-05-26,2019052601008929,OHL,57,17,92,662.0,60904.0
2019-05-26,2019052601008928,OHL,40,17,50,662.0,33100.0
2019-05-26,2019052601008855,OHL,1,58,80,665.0,53200.0
2019-05-26,2019052601009284,PCBL,39,37,44,313.0,13772.0
2019-05-26,2019052601009283,PCBL,45,37,52,313.0,16276.0
2019-05-26,2019052601009010,PCBL,8,37,225,313.0,70425.0
2019-05-26,2019052601009009,PCBL,50,37,65,313.0,20345.0
2019-05-26,2019052601008931,PCBL,50,38,435,313.0,136155.0
2019-05-26,2019052601009111,PFL,38,17,10,140.0,1400.0
2019-05-26,2019052601009016,PFL,50,17,334,138.0,46092.0
2019-05-26,2019052601008983,PFL,38,17,10,140.0,1400.0
2019-05-26,2019052601008926,PFL,50,14,26,138.0,3588.0
2019-05-26,2019052601009259,PIC,37,57,129,1193.0,153897.0
2019-05-26,2019052601009200,PIC,37,6,100,1193.0,119300.0
2019-05-26,2019052601008935,PIC,55,6,100,1195.0,119500.0
2019-05-26,2019052601008809,PIC,49,57,276,1191.0,328716.0
2019-05-26,2019052601008808,PIC,35,57,11,1192.0,13112.0
2019-05-26,2019052601008807,PIC,53,57,213,1192.0,253896.0
2019-05-26,2019052601008875,PICL,14,17,28,695.0,19460.0
2019-05-26,2019052601008874,PICL,28,17,10,696.0,6960.0
2019-05-26,2019052601009287,PLIC,48,47,10,467.0,4670.0
2019-05-26,2019052601008800,PLIC,28,38,100,460.0,46000.0
2019-05-26,2019052601008967,PMHPL,56,33,10,111.0,1110.0
2019-05-26,2019052601009251,PRVU,25,44,124,275.0,34100.0
2019-05-26,2019052601009148,PRVU,38,44,200,275.0,55000.0
2019-05-26,2019052601009116,PRVU,38,41,415,275.0,114125.0
2019-05-26,2019052601008830,PRVU,32,45,275,275.0,75625.0
2019-05-26,2019052601008904,PRVU,48,45,30,275.0,8250.0
2019-05-26,2019052601008902,PRVU,36,48,1000,274.0,274000.0
2019-05-26,2019052601008831,PRVU,39,45,100,275.0,27500.0
2019-05-26,2019052601009050,PRVU,20,55,100,276.0,27600.0
2019-05-26,2019052601009049,PRVU,20,53,168,276.0,46368.0
2019-05-26,2019052601009048,PRVU,20,52,200,275.0,55000.0
2019-05-26,2019052601008955,PRVU,6,45,1095,274.0,300030.0
2019-05-26,2019052601008954,PRVU,22,45,500,274.0,137000.0
2019-05-26,2019052601008953,PRVU,34,45,1000,274.0,274000.0
2019-05-26,2019052601009115,PRVU,57,41,200,275.0,55000.0
2019-05-26,2019052601009052,PRVU,20,7,952,277.0,263704.0
2019-05-26,2019052601009051,PRVU,20,51,580,276.0,160080.0
2019-05-26,2019052601009117,RBCLPO,35,34,10,9900.0,99000.0
2019-05-26,2019052601009017,RBCLPO,35,49,10,9900.0,99000.0
2019-05-26,2019052601008903,RBCLPO,59,33,10,9900.0,99000.0
2019-05-26,2019052601008798,RHPC,39,40,100,97.0,9700.0
2019-05-26,2019052601009157,RLFL,53,39,1000,141.0,141000.0
2019-05-26,2019052601008848,RLFL,40,32,100,141.0,14100.0
2019-05-26,2019052601008847,RLFL,40,48,591,141.0,83331.0
2019-05-26,2019052601008846,RLFL,40,25,2000,141.0,282000.0
2019-05-26,2019052601008843,RLFL,57,34,1010,140.0,141400.0
2019-05-26,2019052601008811,RLFL,17,17,3,138.0,414.0
2019-05-26,2019052601009130,RMDC,53,36,100,656.0,65600.0
2019-05-26,2019052601009077,RMDC,53,16,257,656.0,168592.0
2019-05-26,2019052601009076,RMDC,6,16,43,656.0,28208.0
2019-05-26,2019052601009006,RRHP,35,33,10,95.0,950.0
2019-05-26,2019052601008998,SADBL,42,44,86,149.0,12814.0
2019-05-26,2019052601009019,SBI,55,45,300,474.0,142200.0
2019-05-26,2019052601009039,SCB,49,47,90,680.0,61200.0
2019-05-26,2019052601008923,SCB,49,19,98,680.0,66640.0
2019-05-26,2019052601009229,SDESI,4,51,24,606.0,14544.0
2019-05-26,2019052601009012,SDESI,4,47,11,606.0,6666.0
2019-05-26,2019052601009142,SEOS,42,48,3600,10.45,37620.0
2019-05-26,2019052601009082,SFFIL,50,22,20,225.0,4500.0
2019-05-26,2019052601009277,SHINE,26,14,10,260.0,2600.0
2019-05-26,2019052601009279,SHIVM,38,25,20,560.0,11200.0
2019-05-26,2019052601009241,SHIVM,36,25,88,560.0,49280.0
2019-05-26,2019052601009240,SHIVM,36,49,50,560.0,28000.0
2019-05-26,2019052601009239,SHIVM,36,45,10,560.0,5600.0
2019-05-26,2019052601009238,SHIVM,36,56,52,560.0,29120.0
2019-05-26,2019052601009230,SHIVM,38,56,10,560.0,5600.0
2019-05-26,2019052601008878,SHIVM,38,58,10,556.0,5560.0
2019-05-26,2019052601008841,SHIVM,57,13,500,558.0,279000.0
2019-05-26,2019052601008804,SHIVM,45,18,196,558.0,109368.0
2019-05-26,2019052601009030,SHIVM,5,47,20,560.0,11200.0
2019-05-26,2019052601009029,SHIVM,5,47,30,560.0,16800.0
2019-05-26,2019052601008985,SHIVM,36,58,50,558.0,27900.0
2019-05-26,2019052601008892,SHIVM,40,33,50,557.0,27850.0
2019-05-26,2019052601008885,SHIVM,46,47,10,560.0,5600.0
2019-05-26,2019052601009035,SHIVM,34,56,56,556.0,31136.0
2019-05-26,2019052601009034,SHIVM,38,56,90,556.0,50040.0
2019-05-26,2019052601009033,SHIVM,45,56,300,557.0,167100.0
2019-05-26,2019052601009032,SHIVM,40,56,50,557.0,27850.0
2019-05-26,2019052601009031,SHIVM,36,56,150,558.0,83700.0
2019-05-26,2019052601009164,SHIVM,59,47,40,560.0,22400.0
2019-05-26,2019052601009163,SHIVM,59,47,40,560.0,22400.0
2019-05-26,2019052601009162,SHIVM,59,47,40,560.0,22400.0
2019-05-26,2019052601009161,SHIVM,59,47,20,560.0,11200.0
2019-05-26,2019052601009112,SHIVM,56,25,50,559.0,27950.0
2019-05-26,2019052601009083,SHIVM,56,54,150,559.0,83850.0
2019-05-26,2019052601009205,SHIVM,49,47,70,560.0,39200.0
2019-05-26,2019052601009204,SHIVM,49,47,65,560.0,36400.0
2019-05-26,2019052601009203,SHIVM,49,47,22,560.0,12320.0
2019-05-26,2019052601009167,SHIVM,59,47,30,560.0,16800.0
2019-05-26,2019052601009166,SHIVM,59,47,40,560.0,22400.0
2019-05-26,2019052601009165,SHIVM,59,47,40,560.0,22400.0
2019-05-26,2019052601009227,SHIVM,52,3,400,557.0,222800.0
2019-05-26,2019052601009210,SHIVM,49,56,38,560.0,21280.0
2019-05-26,2019052601009209,SHIVM,49,47,80,560.0,44800.0
2019-05-26,2019052601009208,SHIVM,49,47,80,560.0,44800.0
2019-05-26,2019052601009207,SHIVM,49,47,75,560.0,42000.0
2019-05-26,2019052601009206,SHIVM,49,47,70,560.0,39200.0
2019-05-26,2019052601009102,SHL,49,17,100,244.0,24400.0
2019-05-26,2019052601009261,SHPC,51,45,100,274.0,27400.0
2019-05-26,2019052601009028,SHPC,51,45,100,274.0,27400.0
2019-05-26,2019052601008806,SIC,49,7,51,1399.0,71349.0
2019-05-26,2019052601009150,SICL,42,22,100,863.0,86300.0
2019-05-26,2019052601008934,SICL,51,11,50,860.0,43000.0
2019-05-26,2019052601009114,SINDU,6,32,30,138.0,4140.0
2019-05-26,2019052601009113,SINDU,6,58,10,137.0,1370.0
2019-05-26,2019052601008996,SINDU,35,58,400,137.0,54800.0
2019-05-26,2019052601008995,SINDU,35,58,20,137.0,2740.0
2019-05-26,2019052601008994,SINDU,44,58,70,137.0,9590.0
2019-05-26,2019052601008939,SINDU,7,58,800,138.0,110400.0
2019-05-26,2019052601008901,SINDU,7,38,200,138.0,27600.0
2019-05-26,2019052601009095,SKBBL,29,7,10,997.0,9970.0
2019-05-26,2019052601009094,SKBBL,29,17,157,996.0,156372.0
2019-05-26,2019052601009073,SLICL,42,39,50,585.0,29250.0
2019-05-26,2019052601009027,SLICL,57,50,100,587.0,58700.0
2019-05-26,2019052601009291,SRBL,43,42,500,257.0,128500.0
2019-05-26,2019052601009290,SRBL,43,59,200,257.0,51400.0
2019-05-26,2019052601009289,SRBL,43,34,18,257.0,4626.0
2019-05-26,2019052601008952,SRBL,47,17,56,256.0,14336.0
2019-05-26,2019052601009212,UIC,58,57,50,998.0,49900.0
2019-05-26,2019052601009092,UIC,58,19,70,992.0,69440.0
2019-05-26,2019052601009091,UIC,58,19,100,993.0,99300.0
2019-05-26,2019052601009090,UIC,49,19,30,994.0,29820.0
2019-05-26,2019052601008938,UIC,58,44,387,992.0,383904.0
2019-05-26,2019052601008937,UIC,56,44,50,993.0,49650.0
2019-05-26,2019052601008936,UIC,56,44,50,993.0,49650.0
2019-05-26,2019052601008962,UMHL,13,47,25,119.0,2975.0
2019-05-26,2019052601008805,UMHL,13,49,10,119.0,1190.0
2019-05-26,2019052601009285,UPCL,58,17,10,96.0,960.0
2019-05-26,2019052601008873,UPCL,58,39,100,95.0,9500.0
2019-05-26,2019052601009293,UPPER,14,33,20,275.0,5500.0
2019-05-26,2019052601009270,UPPER,14,29,40,275.0,11000.0
2019-05-26,2019052601009269,UPPER,1,29,960,275.0,264000.0
2019-05-26,2019052601009226,UPPER,43,16,50,276.0,13800.0
2019-05-26,2019052601009159,UPPER,1,51,40,275.0,11000.0
2019-05-26,2019052601009158,UPPER,45,51,10,275.0,2750.0
2019-05-26,2019052601008943,UPPER,6,28,50,277.0,13850.0
2019-05-26,2019052601008925,UPPER,11,13,520,277.0,144040.0
2019-05-26,2019052601008886,UPPER,40,1,50,276.0,13800.0
2019-05-26,2019052601008880,UPPER,40,28,50,276.0,13800.0
2019-05-26,2019052601009021,UPPER,35,47,20,277.0,5540.0
2019-05-26,2019052601009020,UPPER,35,57,50,277.0,13850.0
2019-05-26,2019052601009007,UPPER,14,28,40,276.0,11040.0
2019-05-26,2019052601008982,UPPER,6,57,900,277.0,249300.0
2019-05-26,2019052601008980,UPPER,6,28,50,277.0,13850.0
2019-05-26,2019052601009056,UPPER,44,28,50,276.0,13800.0
2019-05-26,2019052601009055,UPPER,44,47,40,276.0,11040.0
2019-05-26,2019052601009054,UPPER,14,47,10,276.0,2760.0
2019-05-26,2019052601009053,UPPER,14,51,50,276.0,13800.0
2019-05-26,2019052601009023,UPPER,35,22,40,278.0,11120.0
2019-05-26,2019052601009022,UPPER,35,6,40,277.0,11080.0
2019-05-26,2019052601009131,UPPER,19,47,50,277.0,13850.0
2019-05-26,2019052601009110,UPPER,6,37,50,276.0,13800.0
2019-05-26,2019052601009108,UPPER,6,51,50,276.0,13800.0
2019-05-26,2019052601009097,UPPER,6,51,50,276.0,13800.0
2019-05-26,2019052601009075,UPPER,6,51,30,276.0,8280.0
2019-05-26,2019052601009074,UPPER,44,51,10,276.0,2760.0
2019-05-26,2019052601009145,UPPER,36,16,100,276.0,27600.0
2019-05-26,2019052601009140,UPPER,45,51,40,275.0,11000.0
2019-05-26,2019052601009136,UPPER,44,16,100,276.0,27600.0
2019-05-26,2019052601009135,UPPER,59,16,300,276.0,82800.0
2019-05-26,2019052601009134,UPPER,1,16,50,276.0,13800.0
2019-05-26,2019052601009133,UPPER,6,16,90,276.0,24840.0
2019-05-26,2019052601008968,VLBS,14,19,12,553.0,6636.0
2019-05-26,2019052601009047,VLBS,39,22,20,560.0,11200.0
2019-05-26,2019052601008772,ADBL,21,17,100,423.0,42300.0
2019-05-26,2019052601008771,ADBL,29,17,100,423.0,42300.0
2019-05-26,2019052601008770,ADBL,42,17,900,423.0,380700.0
2019-05-26,2019052601008769,ADBL,6,17,894,423.0,378162.0
2019-05-26,2019052601008589,ADBL,6,34,20,423.0,8460.0
2019-05-26,2019052601008588,ADBL,42,38,100,424.0,42400.0
2019-05-26,2019052601008346,ADBL,42,38,31,424.0,13144.0
2019-05-26,2019052601008299,ADBL,42,52,200,424.0,84800.0
2019-05-26,2019052601008559,ADBL,50,38,100,424.0,42400.0
2019-05-26,2019052601008558,ADBL,21,38,20,424.0,8480.0
2019-05-26,2019052601008557,ADBL,13,38,80,424.0,33920.0
2019-05-26,2019052601008471,ADBL,13,1,31,424.0,13144.0
2019-05-26,2019052601008358,ADBL,13,38,89,424.0,37736.0
2019-05-26,2019052601008347,ADBL,39,38,50,424.0,21200.0
2019-05-26,2019052601008780,AHPC,34,19,65,110.0,7150.0
2019-05-26,2019052601008779,AHPC,6,19,100,111.0,11100.0
2019-05-26,2019052601008453,AKPL,7,25,140,192.0,26880.0
2019-05-26,2019052601008368,ALBSL,13,34,80,448.0,35840.0
2019-05-26,2019052601008367,ALBSL,13,17,10,445.0,4450.0
2019-05-26,2019052601008366,ALBSL,13,42,10,445.0,4450.0
2019-05-26,2019052601008584,API,25,13,72,154.0,11088.0
2019-05-26,2019052601008469,API,33,45,150,155.0,23250.0
2019-05-26,2019052601008460,API,25,49,138,154.0,21252.0
2019-05-26,2019052601008377,API,25,25,790,154.0,121660.0
2019-05-26,2019052601008376,API,37,25,100,154.0,15400.0
2019-05-26,2019052601008375,API,29,25,200,154.0,30800.0
2019-05-26,2019052601008374,API,48,25,200,154.0,30800.0
2019-05-26,2019052601008373,API,41,25,338,154.0,52052.0
2019-05-26,2019052601008344,API,6,45,716,155.0,110980.0
2019-05-26,2019052601008300,API,41,1,142,154.0,21868.0
2019-05-26,2019052601008467,BOKL,35,58,500,270.0,135000.0
2019-05-26,2019052601008466,BOKL,39,58,500,270.0,135000.0
2019-05-26,2019052601008465,BOKL,42,58,200,270.0,54000.0
2019-05-26,2019052601008464,BOKL,52,58,321,270.0,86670.0
2019-05-26,2019052601008298,BOKL,52,58,679,270.0,183330.0
2019-05-26,2019052601008297,BOKL,55,58,200,270.0,54000.0
2019-05-26,2019052601008296,BOKL,39,58,100,270.0,27000.0
2019-05-26,2019052601008295,BOKL,46,58,300,270.0,81000.0
2019-05-26,2019052601008556,BPCL,22,1,300,419.0,125700.0
2019-05-26,2019052601008383,BPCL,28,14,11,418.0,4598.0
2019-05-26,2019052601008357,BPCL,29,1,70,419.0,29330.0
2019-05-26,2019052601008353,BPCL,29,49,30,419.0,12570.0
2019-05-26,2019052601008352,BPCL,45,49,70,419.0,29330.0
2019-05-26,2019052601008332,BPCL,45,58,419,419.0,175561.0
2019-05-26,2019052601008308,BPCL,22,58,379,420.0,159180.0
2019-05-26,2019052601008319,CBBL,49,34,500,949.0,474500.0
2019-05-26,2019052601008751,CBL,48,38,682,147.0,100254.0
2019-05-26,2019052601008596,CBL,48,39,300,147.0,44100.0
2019-05-26,2019052601008540,CBL,48,38,12,147.0,1764.0
2019-05-26,2019052601008529,CBL,48,52,401,147.0,58947.0
2019-05-26,2019052601008528,CBL,48,37,605,147.0,88935.0
2019-05-26,2019052601008517,CBL,17,52,349,147.0,51303.0
2019-05-26,2019052601008516,CBL,17,45,51,147.0,7497.0
2019-05-26,2019052601008479,CBL,38,22,1000,147.0,147000.0
2019-05-26,2019052601008745,CCBL,42,52,200,168.0,33600.0
2019-05-26,2019052601008595,CCBL,38,17,1000,167.0,167000.0
2019-05-26,2019052601008646,CHCL,1,38,203,528.0,107184.0
2019-05-26,2019052601008515,CHCL,1,47,94,528.0,49632.0
2019-05-26,2019052601008514,CHCL,40,47,300,528.0,158400.0
2019-05-26,2019052601008513,CHCL,55,47,95,528.0,50160.0
2019-05-26,2019052601008490,CHCL,55,45,50,528.0,26400.0
2019-05-26,2019052601008579,CHLBS,22,56,10,447.0,4470.0
2019-05-26,2019052601008462,CHLBS,22,47,10,447.0,4470.0
2019-05-26,2019052601008767,CIT,22,21,20,2581.0,51620.0
2019-05-26,2019052601008633,CIT,53,21,20,2581.0,51620.0
2019-05-26,2019052601008632,CIT,45,21,10,2581.0,25810.0
2019-05-26,2019052601008470,CORBL,39,16,100,121.0,12100.0
2019-05-26,2019052601008747,CZBIL,17,14,309,228.0,70452.0
2019-05-26,2019052601008652,CZBIL,17,6,40,228.0,9120.0
2019-05-26,2019052601008651,CZBIL,17,17,109,228.0,24852.0
2019-05-26,2019052601008562,DBBL,11,11,1,145.0,145.0
2019-05-26,2019052601008485,DBBL,14,5,395,147.0,58065.0
2019-05-26,2019052601008484,DBBL,48,5,605,147.0,88935.0
2019-05-26,2019052601008684,EBL,40,17,31,659.0,20429.0
2019-05-26,2019052601008683,EBL,37,17,100,659.0,65900.0
2019-05-26,2019052601008682,EBL,41,17,100,659.0,65900.0
2019-05-26,2019052601008681,EBL,13,17,200,659.0,131800.0
2019-05-26,2019052601008680,EBL,40,17,19,659.0,12521.0
2019-05-26,2019052601008679,EBL,28,17,50,660.0,33000.0
2019-05-26,2019052601008431,EBL,40,47,478,659.0,315002.0
2019-05-26,2019052601008430,EBL,21,47,50,660.0,33000.0
2019-05-26,2019052601008609,EBL,28,58,10,663.0,6630.0
2019-05-26,2019052601008698,EDBL,6,42,95,310.0,29450.0
2019-05-26,2019052601008549,EDBL,6,42,35,310.0,10850.0
2019-05-26,2019052601008548,EDBL,6,41,65,309.0,20085.0
2019-05-26,2019052601008757,EIC,6,34,30,429.0,12870.0
2019-05-26,2019052601008793,FMDBL,42,53,200,407.0,81400.0
2019-05-26,2019052601008478,FMDBL,45,45,20,405.0,8100.0
2019-05-26,2019052601008477,FMDBL,44,45,50,405.0,20250.0
2019-05-26,2019052601008476,FMDBL,42,45,10,406.0,4060.0
2019-05-26,2019052601008738,FOWAD,35,38,100,1501.0,150100.0
2019-05-26,2019052601008737,FOWAD,18,38,20,1502.0,30040.0
2019-05-26,2019052601008537,FOWAD,18,45,20,1502.0,30040.0
2019-05-26,2019052601008762,GBBL,34,10,1950,223.0,434850.0
2019-05-26,2019052601008761,GBBL,48,10,50,223.0,11150.0
2019-05-26,2019052601008538,GBBL,16,58,200,224.0,44800.0
2019-05-26,2019052601008626,GBIME,50,52,101,306.0,30906.0
2019-05-26,2019052601008581,GBIME,55,52,248,306.0,75888.0
2019-05-26,2019052601008541,GBIME,55,52,250,306.0,76500.0
2019-05-26,2019052601008520,GBIME,55,40,1000,306.0,306000.0
2019-05-26,2019052601008472,GBIME,55,10,1000,306.0,306000.0
2019-05-26,2019052601008440,GBIME,43,11,500,307.0,153500.0
2019-05-26,2019052601008314,GBIME,55,38,502,306.0,153612.0
2019-05-26,2019052601008313,GBIME,40,38,898,306.0,274788.0
2019-05-26,2019052601008750,GBLBS,45,49,100,379.0,37900.0
2019-05-26,2019052601008594,GDBL,41,44,75,212.0,15900.0
2019-05-26,2019052601008397,GLICL,57,42,58,551.0,31958.0
2019-05-26,2019052601008396,GLICL,21,42,50,552.0,27600.0
2019-05-26,2019052601008395,GLICL,13,42,97,553.0,53641.0
2019-05-26,2019052601008394,GLICL,34,42,15,553.0,8295.0
2019-05-26,2019052601008624,HBL,28,58,260,580.0,150800.0
2019-05-26,2019052601008307,HBL,52,58,100,580.0,58000.0
2019-05-26,2019052601008306,HBL,56,58,450,580.0,261000.0
2019-05-26,2019052601008305,HBL,38,58,50,580.0,29000.0
2019-05-26,2019052601008304,HBL,29,58,17,580.0,9860.0
2019-05-26,2019052601008303,HBL,35,58,200,580.0,116000.0
2019-05-26,2019052601008302,HBL,34,58,50,581.0,29050.0
2019-05-26,2019052601008301,HBL,34,58,326,581.0,189406.0
2019-05-26,2019052601008697,HDL,33,45,50,1700.0,85000.0
2019-05-26,2019052601008696,HDL,53,45,50,1700.0,85000.0
2019-05-26,2019052601008695,HDL,53,45,50,1700.0,85000.0
2019-05-26,2019052601008694,HDL,41,45,20,1700.0,34000.0
2019-05-26,2019052601008641,HDL,56,58,150,1704.0,255600.0
2019-05-26,2019052601008640,HDL,22,58,150,1706.0,255900.0
2019-05-26,2019052601008639,HDL,43,58,20,1710.0,34200.0
2019-05-26,2019052601008638,HDL,53,58,50,1710.0,85500.0
2019-05-26,2019052601008637,HDL,7,58,300,1712.0,513600.0
2019-05-26,2019052601008636,HDL,6,58,100,1712.0,171200.0
2019-05-26,2019052601008635,HDL,39,58,50,1715.0,85750.0
2019-05-26,2019052601008438,HGI,55,28,15,378.0,5670.0
2019-05-26,2019052601008341,HIDCL,25,35,300,164.0,49200.0
2019-05-26,2019052601008736,HPPL,11,34,220,188.0,41360.0
2019-05-26,2019052601008794,HURJA,54,56,20,130.0,2600.0
2019-05-26,2019052601008773,HURJA,54,42,20,130.0,2600.0
2019-05-26,2019052601008746,HURJA,54,38,830,130.0,107900.0
2019-05-26,2019052601008723,HURJA,43,38,180,130.0,23400.0
2019-05-26,2019052601008722,HURJA,43,49,20,130.0,2600.0
2019-05-26,2019052601008717,HURJA,28,56,20,129.0,2580.0
2019-05-26,2019052601008320,HURJA,28,43,20,129.0,2580.0
2019-05-26,2019052601008312,HURJA,28,21,10,129.0,1290.0
2019-05-26,2019052601008370,HURJA,28,17,20,129.0,2580.0
2019-05-26,2019052601008364,HURJA,28,21,20,129.0,2580.0
2019-05-26,2019052601008359,HURJA,28,17,20,129.0,2580.0
2019-05-26,2019052601008350,HURJA,28,21,20,129.0,2580.0
2019-05-26,2019052601008348,HURJA,28,17,20,129.0,2580.0
2019-05-26,2019052601008330,HURJA,28,21,20,129.0,2580.0
2019-05-26,2019052601008404,HURJA,28,47,20,129.0,2580.0
2019-05-26,2019052601008403,HURJA,28,17,20,129.0,2580.0
2019-05-26,2019052601008382,HURJA,28,37,20,129.0,2580.0
2019-05-26,2019052601008380,HURJA,28,17,20,129.0,2580.0
2019-05-26,2019052601008378,HURJA,28,21,20,129.0,2580.0
2019-05-26,2019052601008371,HURJA,28,38,20,129.0,2580.0
2019-05-26,2019052601008691,HURJA,28,42,10,129.0,1290.0
2019-05-26,2019052601008672,HURJA,28,42,20,129.0,2580.0
2019-05-26,2019052601008663,HURJA,28,56,20,129.0,2580.0
2019-05-26,2019052601008642,HURJA,28,56,20,129.0,2580.0
2019-05-26,2019052601008435,HURJA,28,21,20,129.0,2580.0
2019-05-26,2019052601008414,HURJA,28,37,20,129.0,2580.0
2019-05-26,2019052601008660,IGI,42,17,100,407.0,40700.0
2019-05-26,2019052601008355,IGI,8,46,100,404.0,40400.0
2019-05-26,2019052601008354,IGI,42,46,250,404.0,101000.0
2019-05-26,2019052601008649,JBBL,36,6,1000,154.0,154000.0
2019-05-26,2019052601008648,JBBL,36,35,174,154.0,26796.0
2019-05-26,2019052601008647,JBBL,36,44,108,154.0,16632.0
2019-05-26,2019052601008392,JBBL,48,35,50,154.0,7700.0
2019-05-26,2019052601008721,JBNL,34,21,1000,208.0,208000.0
2019-05-26,2019052601008685,JBNL,34,41,1269,208.0,263952.0
2019-05-26,2019052601008547,JBNL,52,41,131,208.0,27248.0
2019-05-26,2019052601008546,JBNL,52,58,69,208.0,14352.0
2019-05-26,2019052601008480,JBNL,44,58,1000,208.0,208000.0
2019-05-26,2019052601008475,JBNL,55,17,950,207.0,196650.0
2019-05-26,2019052601008474,JBNL,38,17,50,207.0,10350.0
2019-05-26,2019052601008734,JFL,32,17,500,178.0,89000.0
2019-05-26,2019052601008733,JFL,32,17,500,178.0,89000.0
2019-05-26,2019052601008732,JFL,5,17,100,178.0,17800.0
2019-05-26,2019052601008731,JFL,5,17,30,178.0,5340.0
2019-05-26,2019052601008482,KBBL,26,49,300,225.0,67500.0
2019-05-26,2019052601008481,KBBL,6,49,470,225.0,105750.0
2019-05-26,2019052601008379,KBBL,6,38,141,225.0,31725.0
2019-05-26,2019052601008623,KBL,16,14,1470,218.0,320460.0
2019-05-26,2019052601008452,KBL,16,39,200,218.0,43600.0
2019-05-26,2019052601008423,KBL,16,49,330,218.0,71940.0
2019-05-26,2019052601008422,KBL,16,49,187,218.0,40766.0
2019-05-26,2019052601008644,KPCL,1,1,10,95.0,950.0
2019-05-26,2019052601008310,KPCL,1,52,10,95.0,950.0
2019-05-26,2019052601008468,KPCL,1,1,10,95.0,950.0
2019-05-26,2019052601008328,KRBL,42,4,242,108.0,26136.0
2019-05-26,2019052601008711,KSBBL,5,38,174,155.0,26970.0
2019-05-26,2019052601008710,KSBBL,53,38,200,155.0,31000.0
2019-05-26,2019052601008709,KSBBL,21,38,300,155.0,46500.0
2019-05-26,2019052601008708,KSBBL,4,38,104,155.0,16120.0
2019-05-26,2019052601008455,KSBBL,4,57,50,155.0,7750.0
2019-05-26,2019052601008763,LBBL,14,38,50,202.0,10100.0
2019-05-26,2019052601008536,LBBL,38,38,200,202.0,40400.0
2019-05-26,2019052601008535,LBBL,32,38,150,202.0,30300.0
2019-05-26,2019052601008486,LBBL,32,39,50,202.0,10100.0
2019-05-26,2019052601008446,LBBL,4,38,1000,202.0,202000.0
2019-05-26,2019052601008445,LBBL,4,32,100,202.0,20200.0
2019-05-26,2019052601008444,LBBL,4,35,200,202.0,40400.0
2019-05-26,2019052601008443,LBBL,4,34,236,202.0,47672.0
2019-05-26,2019052601008442,LBBL,4,48,239,202.0,48278.0
2019-05-26,2019052601008342,LBBL,11,33,73,201.0,14673.0
2019-05-26,2019052601008659,LBL,55,17,1317,221.0,291057.0
2019-05-26,2019052601008658,LBL,36,17,600,221.0,132600.0
2019-05-26,2019052601008657,LBL,45,17,1000,221.0,221000.0
2019-05-26,2019052601008656,LBL,11,17,83,221.0,18343.0
2019-05-26,2019052601008576,LGIL,44,39,37,500.0,18500.0
2019-05-26,2019052601008575,LGIL,45,39,63,500.0,31500.0
2019-05-26,2019052601008473,MBL,25,22,836,267.0,223212.0
2019-05-26,2019052601008463,MBL,25,19,164,267.0,43788.0
2019-05-26,2019052601008459,MBL,55,38,883,268.0,236644.0
2019-05-26,2019052601008421,MBL,55,22,117,268.0,31356.0
2019-05-26,2019052601008420,MBL,39,22,183,268.0,49044.0
2019-05-26,2019052601008416,MBL,39,36,817,268.0,218956.0
2019-05-26,2019052601008415,MBL,17,36,183,268.0,49044.0
2019-05-26,2019052601008713,MEGA,35,38,200,195.0,39000.0
2019-05-26,2019052601008650,MEGA,45,38,200,195.0,39000.0
2019-05-26,2019052601008625,MEGA,6,38,25,195.0,4875.0
2019-05-26,2019052601008599,MEGA,52,38,200,195.0,39000.0
2019-05-26,2019052601008410,MEGA,57,38,1219,195.0,237705.0
2019-05-26,2019052601008331,MEGA,57,33,781,195.0,152295.0
2019-05-26,2019052601008324,MEGA,50,33,100,195.0,19500.0
2019-05-26,2019052601008385,MFIL,40,44,210,120.0,25200.0
2019-05-26,2019052601008384,MFIL,47,44,174,120.0,20880.0
2019-05-26,2019052601008524,MHNL,29,57,30,102.0,3060.0
2019-05-26,2019052601008523,MHNL,29,46,40,102.0,4080.0
2019-05-26,2019052601008522,MHNL,29,42,40,102.0,4080.0
2019-05-26,2019052601008361,MHNL,40,48,30,101.0,3030.0
2019-05-26,2019052601008674,MLBL,6,6,25,197.0,4925.0
2019-05-26,2019052601008582,MNBBL,42,39,59,375.0,22125.0
2019-05-26,2019052601008715,MPFL,57,10,50,226.0,11300.0
2019-05-26,2019052601008610,MPFL,6,17,35,228.0,7980.0
2019-05-26,2019052601008578,MPFL,17,10,30,226.0,6780.0
2019-05-26,2019052601008768,NABIL,5,3,10,840.0,8400.0
2019-05-26,2019052601008525,NABIL,40,39,35,835.0,29225.0
2019-05-26,2019052601008429,NABIL,40,57,11,838.0,9218.0
2019-05-26,2019052601008428,NABIL,40,19,124,838.0,103912.0
2019-05-26,2019052601008389,NABIL,40,45,36,835.0,30060.0
2019-05-26,2019052601008388,NABIL,16,45,14,835.0,11690.0
2019-05-26,2019052601008387,NABIL,57,45,50,836.0,41800.0
2019-05-26,2019052601008499,NABILP,1,45,100,806.0,80600.0
2019-05-26,2019052601008498,NABILP,59,45,483,806.0,389298.0
2019-05-26,2019052601008504,NABILP,22,45,362,804.0,291048.0
2019-05-26,2019052601008503,NABILP,49,45,500,805.0,402500.0
2019-05-26,2019052601008502,NABILP,49,45,500,805.0,402500.0
2019-05-26,2019052601008501,NABILP,57,45,25,805.0,20125.0
2019-05-26,2019052601008500,NABILP,34,45,30,805.0,24150.0
2019-05-26,2019052601008406,NADEP,42,17,50,449.0,22450.0
2019-05-26,2019052601008405,NADEP,42,17,20,449.0,8980.0
2019-05-26,2019052601008712,NBB,28,22,130,224.0,29120.0
2019-05-26,2019052601008590,NBB,58,51,176,224.0,39424.0
2019-05-26,2019052601008454,NBB,58,56,124,224.0,27776.0
2019-05-26,2019052601008437,NBB,58,56,200,224.0,44800.0
2019-05-26,2019052601008774,NBL,55,46,100,335.0,33500.0
2019-05-26,2019052601008748,NBL,19,46,80,335.0,26800.0
2019-05-26,2019052601008720,NBL,36,46,100,335.0,33500.0
2019-05-26,2019052601008719,NBL,32,46,45,335.0,15075.0
2019-05-26,2019052601008655,NBL,49,35,30,337.0,10110.0
2019-05-26,2019052601008607,NBL,32,36,455,335.0,152425.0
2019-05-26,2019052601008316,NBL,33,20,700,336.0,235200.0
2019-05-26,2019052601008534,NBL,19,48,300,336.0,100800.0
2019-05-26,2019052601008533,NBL,19,36,500,336.0,168000.0
2019-05-26,2019052601008532,NBL,19,34,300,336.0,100800.0
2019-05-26,2019052601008531,NBL,19,52,700,336.0,235200.0
2019-05-26,2019052601008318,NBL,33,52,300,336.0,100800.0
2019-05-26,2019052601008317,NBL,33,38,1000,336.0,336000.0
2019-05-26,2019052601008606,NBL,39,36,50,335.0,16750.0
2019-05-26,2019052601008605,NBL,39,36,50,335.0,16750.0
2019-05-26,2019052601008604,NBL,57,36,300,335.0,100500.0
2019-05-26,2019052601008603,NBL,42,36,1645,335.0,551075.0
2019-05-26,2019052601008592,NBL,42,56,10,335.0,3350.0
2019-05-26,2019052601008574,NBL,52,56,200,336.0,67200.0
2019-05-26,2019052601008718,NCCB,14,46,50,260.0,13000.0
2019-05-26,2019052601008706,NCCB,8,46,200,260.0,52000.0
2019-05-26,2019052601008705,NCCB,50,46,1000,260.0,260000.0
2019-05-26,2019052601008704,NCCB,42,46,100,260.0,26000.0
2019-05-26,2019052601008703,NCCB,44,46,100,260.0,26000.0
2019-05-26,2019052601008702,NCCB,48,46,50,260.0,13000.0
2019-05-26,2019052601008456,NCCB,33,45,50,260.0,13000.0
2019-05-26,2019052601008434,NCCB,33,22,160,260.0,41600.0
2019-05-26,2019052601008433,NCCB,33,22,40,260.0,10400.0
2019-05-26,2019052601008327,NCCB,33,14,100,260.0,26000.0
2019-05-26,2019052601008664,NCCB,33,45,590,260.0,153400.0
2019-05-26,2019052601008662,NCCB,33,44,1000,260.0,260000.0
2019-05-26,2019052601008661,NCCB,32,44,5000,260.0,1300000.0
2019-05-26,2019052601008587,NCCB,40,49,200,261.0,52200.0
2019-05-26,2019052601008586,NCCB,40,25,200,261.0,52200.0
2019-05-26,2019052601008521,NCCB,33,21,200,260.0,52000.0
2019-05-26,2019052601008701,NCCB,33,46,115,260.0,29900.0
2019-05-26,2019052601008669,NCCB,33,45,885,260.0,230100.0
2019-05-26,2019052601008668,NCCB,57,45,100,260.0,26000.0
2019-05-26,2019052601008667,NCCB,13,45,400,260.0,104000.0
2019-05-26,2019052601008666,NCCB,55,45,25,260.0,6500.0
2019-05-26,2019052601008665,NCCB,50,45,1000,260.0,260000.0
2019-05-26,2019052601008419,NEF,29,1,1207,8.3,10018.1
2019-05-26,2019052601008791,NHPC,56,21,50,70.0,3500.0
2019-05-26,2019052601008323,NHPC,56,50,500,70.0,35000.0
2019-05-26,2019052601008322,NHPC,51,50,1500,70.0,105000.0
2019-05-26,2019052601008742,NIB,42,41,26,535.0,13910.0
2019-05-26,2019052601008741,NIB,41,41,100,535.0,53500.0
2019-05-26,2019052601008740,NIB,28,41,10,535.0,5350.0
2019-05-26,2019052601008678,NIB,28,45,42,535.0,22470.0
2019-05-26,2019052601008676,NIB,56,33,141,536.0,75576.0
2019-05-26,2019052601008675,NIB,56,1,59,536.0,31624.0
2019-05-26,2019052601008381,NIB,28,25,95,535.0,50825.0
2019-05-26,2019052601008730,NIBPO,38,45,150,505.0,75750.0
2019-05-26,2019052601008729,NIBPO,38,45,200,505.0,101000.0
2019-05-26,2019052601008728,NIBPO,44,45,50,506.0,25300.0
2019-05-26,2019052601008727,NIBPO,59,45,150,506.0,75900.0
2019-05-26,2019052601008726,NIBPO,19,45,100,506.0,50600.0
2019-05-26,2019052601008725,NIBPO,42,45,100,506.0,50600.0
2019-05-26,2019052601008724,NIBPO,59,45,250,507.0,126750.0
2019-05-26,2019052601008716,NICA,6,32,765,477.0,364905.0
2019-05-26,2019052601008622,NICA,6,57,194,477.0,92538.0
2019-05-26,2019052601008621,NICA,54,57,300,477.0,143100.0
2019-05-26,2019052601008620,NICA,4,57,500,477.0,238500.0
2019-05-26,2019052601008619,NICA,52,57,100,477.0,47700.0
2019-05-26,2019052601008618,NICA,21,57,106,477.0,50562.0
2019-05-26,2019052601008593,NICA,21,32,100,477.0,47700.0
2019-05-26,2019052601008338,NICA,21,36,194,477.0,92538.0
2019-05-26,2019052601008337,NICA,22,36,20,477.0,9540.0
2019-05-26,2019052601008336,NICA,22,36,50,478.0,23900.0
2019-05-26,2019052601008335,NICA,45,36,66,478.0,31548.0
2019-05-26,2019052601008608,NICGF,47,14,4000,9.7,38800.0
2019-05-26,2019052601008677,NICL,25,39,40,390.0,15600.0
2019-05-26,2019052601008349,NICL,28,34,15,391.0,5865.0
2019-05-26,2019052601008756,NLG,47,45,468,804.0,376272.0
2019-05-26,2019052601008417,NLG,55,39,100,805.0,80500.0
2019-05-26,2019052601008760,NLIC,40,33,444,932.0,413808.0
2019-05-26,2019052601008759,NLIC,25,33,183,932.0,170556.0
2019-05-26,2019052601008758,NLIC,54,33,100,933.0,93300.0
2019-05-26,2019052601008527,NLIC,25,6,17,932.0,15844.0
2019-05-26,2019052601008489,NLIC,25,58,100,932.0,93200.0
2019-05-26,2019052601008488,NLIC,32,58,90,933.0,83970.0
2019-05-26,2019052601008407,NLIC,32,42,10,933.0,9330.0
2019-05-26,2019052601008329,NMBMF,58,41,35,1131.0,39585.0
2019-05-26,2019052601008439,NMFBS,41,1,15,1571.0,23565.0
2019-05-26,2019052601008743,NNLB,6,40,100,400.0,40000.0
2019-05-26,2019052601008451,NNLB,26,42,125,396.0,49500.0
2019-05-26,2019052601008776,NTC,3,36,20,731.0,14620.0
2019-05-26,2019052601008766,NTC,37,43,500,727.0,363500.0
2019-05-26,2019052601008765,NTC,34,43,610,727.0,443470.0
2019-05-26,2019052601008764,NTC,20,43,10,730.0,7300.0
2019-05-26,2019052601008686,PIC,53,57,287,1192.0,342104.0
2019-05-26,2019052601008526,PIC,38,57,13,1194.0,15522.0
2019-05-26,2019052601008393,PIC,6,57,298,1193.0,355514.0
2019-05-26,2019052601008426,PICL,14,38,172,695.0,119540.0
2019-05-26,2019052601008425,PICL,21,38,10,695.0,6950.0
2019-05-26,2019052601008424,PICL,7,38,140,695.0,97300.0
2019-05-26,2019052601008369,PICL,25,38,50,696.0,34800.0
2019-05-26,2019052601008673,PMHPL,56,1,10,111.0,1110.0
2019-05-26,2019052601008790,PRVU,32,17,225,275.0,61875.0
2019-05-26,2019052601008789,PRVU,54,17,500,275.0,137500.0
2019-05-26,2019052601008788,PRVU,32,17,1000,275.0,275000.0
2019-05-26,2019052601008787,PRVU,13,17,100,275.0,27500.0
2019-05-26,2019052601008786,PRVU,4,17,300,275.0,82500.0
2019-05-26,2019052601008785,PRVU,49,17,100,275.0,27500.0
2019-05-26,2019052601008518,PRVU,47,53,562,275.0,154550.0
2019-05-26,2019052601008483,PRVU,47,16,357,275.0,98175.0
2019-05-26,2019052601008402,PRVU,47,36,81,275.0,22275.0
2019-05-26,2019052601008401,PRVU,49,36,919,275.0,252725.0
2019-05-26,2019052601008309,PRVU,49,20,500,275.0,137500.0
2019-05-26,2019052601008602,PRVU,1,43,201,275.0,55275.0
2019-05-26,2019052601008601,PRVU,42,43,112,275.0,30800.0
2019-05-26,2019052601008568,PRVU,42,25,188,275.0,51700.0
2019-05-26,2019052601008567,PRVU,45,25,422,275.0,116050.0
2019-05-26,2019052601008519,PRVU,45,53,578,275.0,158950.0
2019-05-26,2019052601008643,PRVU,28,53,10,276.0,2760.0
2019-05-26,2019052601008631,PRVU,34,43,51,275.0,14025.0
2019-05-26,2019052601008630,PRVU,47,43,200,275.0,55000.0
2019-05-26,2019052601008629,PRVU,6,43,200,275.0,55000.0
2019-05-26,2019052601008628,PRVU,42,43,500,275.0,137500.0
2019-05-26,2019052601008627,PRVU,1,43,49,275.0,13475.0
2019-05-26,2019052601008784,PRVU,48,17,338,275.0,92950.0
2019-05-26,2019052601008783,PRVU,38,17,100,275.0,27500.0
2019-05-26,2019052601008782,PRVU,11,17,200,275.0,55000.0
2019-05-26,2019052601008781,PRVU,34,17,137,275.0,37675.0
2019-05-26,2019052601008739,PRVU,34,42,12,275.0,3300.0
2019-05-26,2019052601008670,PRVU,34,53,35,276.0,9660.0
2019-05-26,2019052601008755,RBCL,18,53,10,10920.0,109200.0
2019-05-26,2019052601008754,RBCL,19,53,10,10921.0,109210.0
2019-05-26,2019052601008753,RBCL,32,53,20,10925.0,218500.0
2019-05-26,2019052601008752,RBCL,11,53,10,10950.0,109500.0
2019-05-26,2019052601008654,RLFL,57,38,1000,140.0,140000.0
2019-05-26,2019052601008577,RLFL,17,59,909,140.0,127260.0
2019-05-26,2019052601008400,RLFL,46,59,50,140.0,7000.0
2019-05-26,2019052601008399,RLFL,45,59,50,140.0,7000.0
2019-05-26,2019052601008398,RLFL,17,59,1000,140.0,140000.0
2019-05-26,2019052601008496,RSDC,1,53,10,383.0,3830.0
2019-05-26,2019052601008653,SAEF,19,14,200,9.76,1952.0
2019-05-26,2019052601008616,SAEF,19,14,1500,9.76,14640.0
2019-05-26,2019052601008487,SAEF,36,14,1500,9.76,14640.0
2019-05-26,2019052601008778,SANIMA,52,56,900,354.0,318600.0
2019-05-26,2019052601008777,SANIMA,47,56,100,354.0,35400.0
2019-05-26,2019052601008735,SANIMA,17,56,166,355.0,58930.0
2019-05-26,2019052601008690,SANIMA,17,25,500,355.0,177500.0
2019-05-26,2019052601008598,SANIMA,17,38,334,355.0,118570.0
2019-05-26,2019052601008597,SANIMA,19,38,150,355.0,53250.0
2019-05-26,2019052601008441,SANIMA,19,47,350,355.0,124250.0
2019-05-26,2019052601008749,SBL,4,13,1500,336.0,504000.0
2019-05-26,2019052601008573,SBL,43,38,240,335.0,80400.0
2019-05-26,2019052601008512,SBL,43,17,138,335.0,46230.0
2019-05-26,2019052601008511,SBL,36,17,39,336.0,13104.0
2019-05-26,2019052601008418,SCB,49,16,10,680.0,6800.0
2019-05-26,2019052601008390,SCB,49,35,100,680.0,68000.0
2019-05-26,2019052601008447,SDESI,4,6,100,606.0,60600.0
2019-05-26,2019052601008693,SHIVM,40,18,125,558.0,69750.0
2019-05-26,2019052601008692,SHIVM,40,6,75,558.0,41850.0
2019-05-26,2019052601008617,SHIVM,5,6,25,558.0,13950.0
2019-05-26,2019052601008600,SHIVM,46,49,100,557.0,55700.0
2019-05-26,2019052601008591,SHIVM,38,14,132,555.0,73260.0
2019-05-26,2019052601008570,SHIVM,38,45,15,555.0,8325.0
2019-05-26,2019052601008449,SHIVM,36,36,100,555.0,55500.0
2019-05-26,2019052601008448,SHIVM,45,36,577,556.0,320812.0
2019-05-26,2019052601008413,SHIVM,45,11,423,556.0,235188.0
2019-05-26,2019052601008412,SHIVM,25,11,500,557.0,278500.0
2019-05-26,2019052601008411,SHIVM,32,11,77,557.0,42889.0
2019-05-26,2019052601008365,SHIVM,32,58,50,557.0,27850.0
2019-05-26,2019052601008552,SHIVM,38,48,10,555.0,5550.0
2019-05-26,2019052601008551,SHIVM,22,48,100,555.0,55500.0
2019-05-26,2019052601008550,SHIVM,21,48,177,555.0,98235.0
2019-05-26,2019052601008458,SHIVM,46,28,500,558.0,279000.0
2019-05-26,2019052601008457,SHIVM,46,28,500,558.0,279000.0
2019-05-26,2019052601008450,SHIVM,21,36,323,555.0,179265.0
2019-05-26,2019052601008569,SHIVM,45,45,10,556.0,5560.0
2019-05-26,2019052601008561,SHIVM,38,14,140,555.0,77700.0
2019-05-26,2019052601008560,SHIVM,38,57,200,555.0,111000.0
2019-05-26,2019052601008555,SHIVM,38,48,13,555.0,7215.0
2019-05-26,2019052601008554,SHIVM,34,48,200,555.0,111000.0
2019-05-26,2019052601008553,SHIVM,38,48,200,555.0,111000.0
2019-05-26,2019052601008372,SHL,53,58,100,244.0,24400.0
2019-05-26,2019052601008363,SHL,53,43,893,244.0,217892.0
2019-05-26,2019052601008362,SHL,45,43,107,244.0,26108.0
2019-05-26,2019052601008580,SHPC,36,41,100,270.0,27000.0
2019-05-26,2019052601008566,SHPC,29,41,200,270.0,54000.0
2019-05-26,2019052601008565,SHPC,58,41,100,270.0,27000.0
2019-05-26,2019052601008492,SHPC,11,28,100,270.0,27000.0
2019-05-26,2019052601008491,SHPC,13,28,200,270.0,54000.0
2019-05-26,2019052601008427,SHPC,13,33,200,270.0,54000.0
2019-05-26,2019052601008699,SIC,49,47,38,1398.0,53124.0
2019-05-26,2019052601008689,SICL,40,33,232,859.0,199288.0
2019-05-26,2019052601008688,SICL,18,33,25,860.0,21500.0
2019-05-26,2019052601008687,SICL,47,33,43,860.0,36980.0
2019-05-26,2019052601008583,SICL,42,22,100,863.0,86300.0
2019-05-26,2019052601008494,SICL,47,54,57,860.0,49020.0
2019-05-26,2019052601008493,SICL,58,54,943,860.0,810980.0
2019-05-26,2019052601008461,SLBBL,48,6,41,483.0,19803.0
2019-05-26,2019052601008572,SLBSL,38,50,10,560.0,5600.0
2019-05-26,2019052601008356,SLBSL,38,8,10,560.0,5600.0
2019-05-26,2019052601008530,SLICL,57,42,25,588.0,14700.0
2019-05-26,2019052601008351,SMB,8,8,10,530.0,5300.0
2019-05-26,2019052601008744,SRBL,6,34,10,257.0,2570.0
2019-05-26,2019052601008564,SRBL,14,34,55,257.0,14135.0
2019-05-26,2019052601008563,SRBL,58,34,235,257.0,60395.0
2019-05-26,2019052601008508,SRBL,58,38,265,257.0,68105.0
2019-05-26,2019052601008507,SRBL,28,38,1000,257.0,257000.0
2019-05-26,2019052601008506,SRBL,17,38,100,257.0,25700.0
2019-05-26,2019052601008505,SRBL,43,38,135,257.0,34695.0
2019-05-26,2019052601008700,SWBBL,52,52,40,901.0,36040.0
2019-05-26,2019052601008671,SWBBL,29,52,11,902.0,9922.0
2019-05-26,2019052601008615,SWBBL,29,33,89,902.0,80278.0
2019-05-26,2019052601008614,SWBBL,40,33,68,902.0,61336.0
2019-05-26,2019052601008613,SWBBL,56,33,23,902.0,20746.0
2019-05-26,2019052601008612,SWBBL,8,33,45,903.0,40635.0
2019-05-26,2019052601008707,UIC,58,5,500,994.0,497000.0
2019-05-26,2019052601008571,UIC,58,5,1000,994.0,994000.0
2019-05-26,2019052601008386,UIC,58,42,150,993.0,148950.0
2019-05-26,2019052601008775,UMHL,13,6,113,119.0,13447.0
2019-05-26,2019052601008544,UMHL,13,16,161,119.0,19159.0
2019-05-26,2019052601008543,UMHL,14,16,200,120.0,24000.0
2019-05-26,2019052601008542,UMHL,1,16,149,121.0,18029.0
2019-05-26,2019052601008792,UPCL,58,13,100,95.0,9500.0
2019-05-26,2019052601008714,UPCL,58,42,50,95.0,4750.0
2019-05-26,2019052601008645,UPPER,6,7,100,275.0,27500.0
2019-05-26,2019052601008634,UPPER,6,58,40,275.0,11000.0
2019-05-26,2019052601008611,UPPER,6,21,50,275.0,13750.0
2019-05-26,2019052601008585,UPPER,6,19,40,275.0,11000.0
2019-05-26,2019052601008311,UPPER,45,29,50,274.0,13700.0
2019-05-26,2019052601008334,UPPER,1,29,40,274.0,10960.0
2019-05-26,2019052601008333,UPPER,47,29,10,274.0,2740.0
2019-05-26,2019052601008326,UPPER,47,55,90,274.0,24660.0
2019-05-26,2019052601008325,UPPER,45,55,110,274.0,30140.0
2019-05-26,2019052601008321,UPPER,45,29,40,274.0,10960.0
2019-05-26,2019052601008315,UPPER,42,43,200,275.0,55000.0
2019-05-26,2019052601008345,UPPER,50,29,40,275.0,11000.0
2019-05-26,2019052601008343,UPPER,50,40,50,275.0,13750.0
2019-05-26,2019052601008340,UPPER,50,43,10,275.0,2750.0
2019-05-26,2019052601008339,UPPER,48,43,100,275.0,27500.0
2019-05-26,2019052601008436,UPPER,50,50,52,277.0,14404.0
2019-05-26,2019052601008432,UPPER,52,25,1000,276.0,276000.0
2019-05-26,2019052601008391,UPPER,14,40,50,275.0,13750.0
2019-05-26,2019052601008360,UPPER,1,29,50,274.0,13700.0
2019-05-26,2019052601008545,UPPER,1,58,50,274.0,13700.0
2019-05-26,2019052601008539,UPPER,40,26,190,275.0,52250.0
2019-05-26,2019052601008510,UPPER,45,26,200,275.0,55000.0
2019-05-26,2019052601008509,UPPER,14,26,10,275.0,2750.0
2019-05-26,2019052601008497,UPPER,42,22,90,278.0,25020.0
2019-05-26,2019052601008495,UPPER,42,32,40,278.0,11120.0
2019-05-26,2019052601003292,ADBL,53,58,118,429.0,50622.0
2019-05-26,2019052601003262,ADBL,53,14,421,429.0,180609.0
2019-05-26,2019052601003261,ADBL,53,14,421,429.0,180609.0
2019-05-26,2019052601003218,ADBL,58,10,14,428.0,5992.0
2019-05-26,2019052601003048,ADBL,58,48,12,428.0,5136.0
2019-05-26,2019052601002861,ADBL,33,49,3000,430.0,1290000.0
2019-05-26,2019052601002886,AHPC,34,34,14500,110.0,1595000.0
2019-05-26,2019052601002885,AHPC,43,34,1000,110.0,110000.0
2019-05-26,2019052601002884,AHPC,43,34,500,110.0,55000.0
2019-05-26,2019052601002839,AHPC,33,34,50,112.0,5600.0
2019-05-26,2019052601003023,AKPL,56,42,59,198.0,11682.0
2019-05-26,2019052601003046,ALBSL,29,25,10,440.0,4400.0
2019-05-26,2019052601003194,API,14,16,200,161.0,32200.0
2019-05-26,2019052601002845,API,37,38,43,160.0,6880.0
2019-05-26,2019052601002844,API,37,49,10,160.0,1600.0
2019-05-26,2019052601003226,BFC,26,10,20,103.0,2060.0
2019-05-26,2019052601003124,BOKL,45,22,20,276.0,5520.0
2019-05-26,2019052601003033,BOKL,45,49,30,276.0,8280.0
2019-05-26,2019052601002969,BOKL,59,49,400,276.0,110400.0
2019-05-26,2019052601003224,BPCL,50,17,20,425.0,8500.0
2019-05-26,2019052601003223,BPCL,50,17,35,425.0,14875.0
2019-05-26,2019052601003027,BPCL,57,21,100,424.0,42400.0
2019-05-26,2019052601003026,BPCL,43,21,356,424.0,150944.0
2019-05-26,2019052601002984,BPCL,43,17,11,424.0,4664.0
2019-05-26,2019052601002946,BPCL,38,40,11,425.0,4675.0
2019-05-26,2019052601002859,BPCL,47,38,729,427.0,311283.0
2019-05-26,2019052601002858,BPCL,47,13,44,426.0,18744.0
2019-05-26,2019052601002857,BPCL,47,43,220,426.0,93720.0
2019-05-26,2019052601002888,CBBL,47,45,30,947.0,28410.0
2019-05-26,2019052601003080,CBL,26,25,10,147.0,1470.0
2019-05-26,2019052601003025,CBL,52,55,98,148.0,14504.0
2019-05-26,2019052601003024,CBL,52,28,102,148.0,15096.0
2019-05-26,2019052601003011,CBL,1,28,200,148.0,29600.0
2019-05-26,2019052601002986,CBL,26,32,40,147.0,5880.0
2019-05-26,2019052601002891,CBL,6,28,500,148.0,74000.0
2019-05-26,2019052601002887,CBL,55,28,300,148.0,44400.0
2019-05-26,2019052601003105,CCBL,41,38,10,169.0,1690.0
2019-05-26,2019052601003102,CCBL,41,25,10,169.0,1690.0
2019-05-26,2019052601003031,CCBL,41,42,32,169.0,5408.0
2019-05-26,2019052601002911,CCBL,6,48,270,170.0,45900.0
2019-05-26,2019052601002910,CCBL,6,32,60,170.0,10200.0
2019-05-26,2019052601002909,CCBL,6,32,60,170.0,10200.0
2019-05-26,2019052601002908,CCBL,6,32,60,170.0,10200.0
2019-05-26,2019052601002907,CCBL,6,32,50,170.0,8500.0
2019-05-26,2019052601003284,CFCL,39,36,150,117.0,17550.0
2019-05-26,2019052601003232,CFCL,55,10,65,115.0,7475.0
2019-05-26,2019052601002971,CHLBS,7,38,10,445.0,4450.0
2019-05-26,2019052601002898,CIT,11,45,10,2615.0,26150.0
2019-05-26,2019052601002897,CIT,11,32,10,2610.0,26100.0
2019-05-26,2019052601002896,CIT,11,16,14,2605.0,36470.0
2019-05-26,2019052601002895,CIT,11,58,108,2603.0,281124.0
2019-05-26,2019052601003180,CZBIL,17,14,10,230.0,2300.0
2019-05-26,2019052601003111,CZBIL,49,55,423,229.0,96867.0
2019-05-26,2019052601003044,CZBIL,45,59,39,228.0,8892.0
2019-05-26,2019052601002989,CZBIL,45,17,10,228.0,2280.0
2019-05-26,2019052601002940,CZBIL,45,17,10,228.0,2280.0
2019-05-26,2019052601002854,CZBIL,45,59,129,228.0,29412.0
2019-05-26,2019052601003131,DBBL,16,13,280,149.0,41720.0
2019-05-26,2019052601003130,DBBL,16,35,1000,149.0,149000.0
2019-05-26,2019052601003234,EBL,6,51,180,665.0,119700.0
2019-05-26,2019052601003134,EBL,6,22,300,665.0,199500.0
2019-05-26,2019052601003115,EBL,56,25,10,662.0,6620.0
2019-05-26,2019052601003038,EBL,45,22,50,665.0,33250.0
2019-05-26,2019052601003263,FMDBL,48,45,10,407.0,4070.0
2019-05-26,2019052601002941,FMDBL,48,45,25,407.0,10175.0
2019-05-26,2019052601003254,GBIME,49,42,100,307.0,30700.0
2019-05-26,2019052601003253,GBIME,39,42,24,307.0,7368.0
2019-05-26,2019052601003245,GBIME,6,58,20,308.0,6160.0
2019-05-26,2019052601003244,GBIME,6,55,1341,308.0,413028.0
2019-05-26,2019052601003043,GBIME,22,55,397,308.0,122276.0
2019-05-26,2019052601003042,GBIME,22,6,558,308.0,171864.0
2019-05-26,2019052601003041,GBIME,22,50,272,308.0,83776.0
2019-05-26,2019052601003040,GBIME,22,51,273,308.0,84084.0
2019-05-26,2019052601002811,GBIME,43,51,50,308.0,15400.0
2019-05-26,2019052601002797,GBIME,39,59,38,307.0,11666.0
2019-05-26,2019052601002904,GBLBS,1,10,80,380.0,30400.0
2019-05-26,2019052601002803,GBLBS,1,59,10,380.0,3800.0
2019-05-26,2019052601002802,GBLBS,1,26,10,380.0,3800.0
2019-05-26,2019052601003201,GHL,41,11,30,95.0,2850.0
2019-05-26,2019052601003270,GILB,58,58,100,1350.0,135000.0
2019-05-26,2019052601003231,GILB,53,49,19,1350.0,25650.0
2019-05-26,2019052601003212,GILB,19,14,14,1350.0,18900.0
2019-05-26,2019052601003211,GILB,19,22,50,1350.0,67500.0
2019-05-26,2019052601003163,GILB,38,42,21,1324.0,27804.0
2019-05-26,2019052601003157,GILB,58,22,50,1326.0,66300.0
2019-05-26,2019052601002926,GILB,58,47,20,1258.0,25160.0
2019-05-26,2019052601003156,GILB,58,5,82,1325.0,108650.0
2019-05-26,2019052601003149,GILB,38,57,100,1324.0,132400.0
2019-05-26,2019052601003032,GILB,19,40,100,1300.0,130000.0
2019-05-26,2019052601002933,GILB,58,39,100,1276.0,127600.0
2019-05-26,2019052601002932,GILB,58,38,10,1276.0,12760.0
2019-05-26,2019052601002931,GILB,58,10,10,1275.0,12750.0
2019-05-26,2019052601003293,GLICL,29,42,20,552.0,11040.0
2019-05-26,2019052601003006,GRDBL,13,5,10,112.0,1120.0
2019-05-26,2019052601002981,GRDBL,13,47,50,112.0,5600.0
2019-05-26,2019052601003015,HBL,7,10,152,587.0,89224.0
2019-05-26,2019052601003014,HBL,7,55,118,586.0,69148.0
2019-05-26,2019052601003022,HGI,7,5,116,383.0,44428.0
2019-05-26,2019052601003021,HGI,38,5,75,383.0,28725.0
2019-05-26,2019052601003020,HGI,18,5,50,383.0,19150.0
2019-05-26,2019052601003202,HIDCL,45,43,16,165.0,2640.0
2019-05-26,2019052601003125,HIDCL,42,42,5000,165.0,825000.0
2019-05-26,2019052601003090,HIDCL,43,42,5000,165.0,825000.0
2019-05-26,2019052601003089,HIDCL,5,42,2000,165.0,330000.0
2019-05-26,2019052601003088,HIDCL,52,42,100,165.0,16500.0
2019-05-26,2019052601003087,HIDCL,1,42,500,165.0,82500.0
2019-05-26,2019052601002929,HIDCL,5,34,1000,166.0,166000.0
2019-05-26,2019052601002879,HIDCL,43,34,1500,166.0,249000.0
2019-05-26,2019052601002809,HIDCL,18,59,28,165.0,4620.0
2019-05-26,2019052601002952,HIDCL,43,42,53,167.0,8851.0
2019-05-26,2019052601002951,HIDCL,43,16,79,167.0,13193.0
2019-05-26,2019052601002950,HIDCL,43,55,25,167.0,4175.0
2019-05-26,2019052601002949,HIDCL,43,57,60,167.0,10020.0
2019-05-26,2019052601002948,HIDCL,43,35,283,167.0,47261.0
2019-05-26,2019052601002947,HIDCL,43,34,2500,166.0,415000.0
2019-05-26,2019052601003086,HIDCL,34,42,1000,165.0,165000.0
2019-05-26,2019052601003085,HIDCL,18,42,299,165.0,49335.0
2019-05-26,2019052601003084,HIDCL,34,42,2000,166.0,332000.0
2019-05-26,2019052601003083,HIDCL,50,42,500,166.0,83000.0
2019-05-26,2019052601003082,HIDCL,47,42,100,167.0,16700.0
2019-05-26,2019052601002987,HIDCL,5,42,74,167.0,12358.0
2019-05-26,2019052601003268,HPPL,37,38,20,180.0,3600.0
2019-05-26,2019052601003248,HPPL,37,38,10,180.0,1800.0
2019-05-26,2019052601003158,HPPL,37,21,10,180.0,1800.0
2019-05-26,2019052601003004,HPPL,37,35,10,180.0,1800.0
2019-05-26,2019052601003289,HURJA,17,16,20,124.0,2480.0
2019-05-26,2019052601003288,HURJA,17,55,20,124.0,2480.0
2019-05-26,2019052601003287,HURJA,17,55,20,124.0,2480.0
2019-05-26,2019052601003193,HURJA,52,51,10,122.0,1220.0
2019-05-26,2019052601003128,HURJA,19,38,100,124.0,12400.0
2019-05-26,2019052601003127,HURJA,22,38,80,124.0,9920.0
2019-05-26,2019052601002819,HURJA,29,43,20,126.0,2520.0
2019-05-26,2019052601002807,HURJA,29,57,20,126.0,2520.0
2019-05-26,2019052601002806,HURJA,29,43,20,126.0,2520.0
2019-05-26,2019052601002799,HURJA,29,43,20,126.0,2520.0
2019-05-26,2019052601002830,HURJA,59,16,20,127.0,2540.0
2019-05-26,2019052601002829,HURJA,59,38,20,127.0,2540.0
2019-05-26,2019052601002828,HURJA,59,38,20,127.0,2540.0
2019-05-26,2019052601002827,HURJA,59,38,20,127.0,2540.0
2019-05-26,2019052601002826,HURJA,59,38,20,127.0,2540.0
2019-05-26,2019052601002825,HURJA,29,43,20,126.0,2520.0
2019-05-26,2019052601002875,HURJA,29,43,20,126.0,2520.0
2019-05-26,2019052601002870,HURJA,29,43,20,126.0,2520.0
2019-05-26,2019052601002851,HURJA,29,57,20,126.0,2520.0
2019-05-26,2019052601002848,HURJA,29,43,20,126.0,2520.0
2019-05-26,2019052601002840,HURJA,29,57,20,126.0,2520.0
2019-05-26,2019052601002837,HURJA,29,43,20,126.0,2520.0
2019-05-26,2019052601002965,HURJA,55,34,500,125.0,62500.0
2019-05-26,2019052601002964,HURJA,54,34,730,125.0,91250.0
2019-05-26,2019052601002894,HURJA,42,39,50,126.0,6300.0
2019-05-26,2019052601002893,HURJA,29,39,680,126.0,85680.0
2019-05-26,2019052601002890,HURJA,29,43,20,126.0,2520.0
2019-05-26,2019052601002889,HURJA,29,35,20,126.0,2520.0
2019-05-26,2019052601003126,HURJA,42,38,180,124.0,22320.0
2019-05-26,2019052601003010,HURJA,42,35,1000,126.0,126000.0
2019-05-26,2019052601003009,HURJA,42,16,20,126.0,2520.0
2019-05-26,2019052601003008,HURJA,42,16,20,126.0,2520.0
2019-05-26,2019052601003007,HURJA,42,58,20,126.0,2520.0
2019-05-26,2019052601002966,HURJA,54,34,500,125.0,62500.0
2019-05-26,2019052601002968,ICFC,42,22,550,165.0,90750.0
2019-05-26,2019052601003162,IGI,6,26,30,410.0,12300.0
2019-05-26,2019052601003200,JBNL,17,50,172,212.0,36464.0
2019-05-26,2019052601003199,JBNL,17,47,100,212.0,21200.0
2019-05-26,2019052601003198,JBNL,17,48,324,212.0,68688.0
2019-05-26,2019052601003197,JBNL,17,29,150,212.0,31800.0
2019-05-26,2019052601003196,JBNL,17,47,83,212.0,17596.0
2019-05-26,2019052601003195,JBNL,17,49,81,212.0,17172.0
2019-05-26,2019052601003116,JBNL,6,38,10,211.0,2110.0
2019-05-26,2019052601002855,JBNL,6,55,254,211.0,53594.0
2019-05-26,2019052601003097,JSLBB,47,21,14,2036.0,28504.0
2019-05-26,2019052601002993,KBL,29,19,100,219.0,21900.0
2019-05-26,2019052601002992,KBL,52,19,100,219.0,21900.0
2019-05-26,2019052601003119,KNBL,25,38,22,139.0,3058.0
2019-05-26,2019052601002804,KPCL,46,48,10,97.0,970.0
2019-05-26,2019052601002795,KPCL,46,35,10,96.0,960.0
2019-05-26,2019052601003153,KSBBL,49,29,44,157.0,6908.0
2019-05-26,2019052601003152,KSBBL,26,29,100,157.0,15700.0
2019-05-26,2019052601002882,LBBL,6,51,500,204.0,102000.0
2019-05-26,2019052601003220,LBL,52,51,16,222.0,3552.0
2019-05-26,2019052601003229,LGIL,56,38,13,508.0,6604.0
2019-05-26,2019052601003075,MBL,25,32,500,270.0,135000.0
2019-05-26,2019052601003074,MBL,25,45,150,270.0,40500.0
2019-05-26,2019052601003073,MBL,25,25,300,270.0,81000.0
2019-05-26,2019052601003217,MEGA,47,22,13,197.0,2561.0
2019-05-26,2019052601003076,MEGA,47,48,23,197.0,4531.0
2019-05-26,2019052601003012,MEGA,53,44,23,198.0,4554.0
2019-05-26,2019052601002921,MEGA,6,44,177,198.0,35046.0
2019-05-26,2019052601002920,MEGA,6,16,203,198.0,40194.0
2019-05-26,2019052601002919,MEGA,6,17,100,198.0,19800.0
2019-05-26,2019052601002918,MEGA,6,22,20,198.0,3960.0
2019-05-26,2019052601002873,MEGA,47,45,58,197.0,11426.0
2019-05-26,2019052601002831,MEGA,25,25,1678,197.0,330566.0
2019-05-26,2019052601002805,MERO,45,26,16,600.0,9600.0
2019-05-26,2019052601003291,MHNL,59,56,40,102.0,4080.0
2019-05-26,2019052601003267,MHNL,59,56,40,102.0,4080.0
2019-05-26,2019052601003257,MHNL,59,56,40,102.0,4080.0
2019-05-26,2019052601003247,MHNL,59,56,30,102.0,3060.0
2019-05-26,2019052601003238,MHNL,59,56,40,102.0,4080.0
2019-05-26,2019052601003233,MHNL,59,56,30,102.0,3060.0
2019-05-26,2019052601002835,MHNL,29,1,30,104.0,3120.0
2019-05-26,2019052601002834,MHNL,29,6,40,104.0,4160.0
2019-05-26,2019052601002833,MHNL,29,6,20,104.0,2080.0
2019-05-26,2019052601002832,MHNL,29,22,40,104.0,4160.0
2019-05-26,2019052601002983,MHNL,59,38,500,102.0,51000.0
2019-05-26,2019052601002982,MHNL,59,38,170,102.0,17340.0
2019-05-26,2019052601002970,MHNL,59,38,460,103.0,47380.0
2019-05-26,2019052601002905,MHNL,59,35,40,103.0,4120.0
2019-05-26,2019052601002877,MHNL,59,42,40,105.0,4200.0
2019-05-26,2019052601002836,MHNL,29,45,40,104.0,4160.0
2019-05-26,2019052601003227,MHNL,59,56,40,102.0,4080.0
2019-05-26,2019052601003221,MHNL,59,56,30,102.0,3060.0
2019-05-26,2019052601003214,MHNL,59,56,30,102.0,3060.0
2019-05-26,2019052601003035,MHNL,59,42,40,102.0,4080.0
2019-05-26,2019052601003002,MHNL,59,38,500,102.0,51000.0
2019-05-26,2019052601002988,MHNL,59,44,30,101.0,3030.0
2019-05-26,2019052601003034,MLBBL,34,5,57,454.0,25878.0
2019-05-26,2019052601003036,MNBBL,18,32,112,376.0,42112.0
2019-05-26,2019052601003246,MPFL,37,55,19,225.0,4275.0
2019-05-26,2019052601002878,MPFL,11,41,100,227.0,22700.0
2019-05-26,2019052601002872,MPFL,54,46,100,226.0,22600.0
2019-05-26,2019052601002871,MPFL,25,46,390,226.0,88140.0
2019-05-26,2019052601003118,NABIL,7,17,18,842.0,15156.0
2019-05-26,2019052601002915,NADEP,54,47,15,450.0,6750.0
2019-05-26,2019052601003294,NBL,53,8,39,340.0,13260.0
2019-05-26,2019052601003264,NBL,13,8,500,340.0,170000.0
2019-05-26,2019052601003252,NBL,42,8,481,340.0,163540.0
2019-05-26,2019052601003251,NBL,42,58,50,340.0,17000.0
2019-05-26,2019052601003250,NBL,42,36,469,340.0,159460.0
2019-05-26,2019052601003243,NBL,22,36,200,340.0,68000.0
2019-05-26,2019052601002812,NBL,11,14,50,337.0,16850.0
2019-05-26,2019052601002808,NBL,56,34,500,338.0,169000.0
2019-05-26,2019052601002824,NBL,34,38,13,339.0,4407.0
2019-05-26,2019052601002823,NBL,34,22,1000,339.0,339000.0
2019-05-26,2019052601002822,NBL,34,16,300,339.0,101700.0
2019-05-26,2019052601002821,NBL,34,38,1940,339.0,657660.0
2019-05-26,2019052601002820,NBL,34,34,1500,338.0,507000.0
2019-05-26,2019052601002813,NBL,14,14,950,337.0,320150.0
2019-05-26,2019052601003228,NBL,18,36,266,340.0,90440.0
2019-05-26,2019052601003188,NBL,52,36,65,340.0,22100.0
2019-05-26,2019052601003187,NBL,52,29,75,340.0,25500.0
2019-05-26,2019052601003103,NBL,18,35,21,339.0,7119.0
2019-05-26,2019052601003096,NBL,18,19,13,339.0,4407.0
2019-05-26,2019052601003095,NBL,18,13,100,339.0,33900.0
2019-05-26,2019052601003150,NCCB,6,38,15,262.0,3930.0
2019-05-26,2019052601003047,NCCB,6,26,186,262.0,48732.0
2019-05-26,2019052601002810,NGPL,1,1,11,121.0,1331.0
2019-05-26,2019052601002801,NGPL,1,1,11,121.0,1331.0
2019-05-26,2019052601003191,NIB,45,43,17,534.0,9078.0
2019-05-26,2019052601003190,NIB,59,43,92,534.0,49128.0
2019-05-26,2019052601003168,NIB,59,29,44,534.0,23496.0
2019-05-26,2019052601003160,NIB,59,29,44,534.0,23496.0
2019-05-26,2019052601003135,NIB,19,38,15,535.0,8025.0
2019-05-26,2019052601003129,NIB,59,29,44,534.0,23496.0
2019-05-26,2019052601002850,NIB,14,32,139,536.0,74504.0
2019-05-26,2019052601002849,NIB,14,40,11,536.0,5896.0
2019-05-26,2019052601002817,NIB,7,55,94,535.0,50290.0
2019-05-26,2019052601002816,NIB,38,55,200,535.0,107000.0
2019-05-26,2019052601002815,NIB,42,55,100,535.0,53500.0
2019-05-26,2019052601002814,NIB,16,55,106,535.0,56710.0
2019-05-26,2019052601002866,NIB,32,55,100,535.0,53500.0
2019-05-26,2019052601002865,NIB,32,55,50,535.0,26750.0
2019-05-26,2019052601002864,NIB,35,55,785,535.0,419975.0
2019-05-26,2019052601002863,NIB,19,55,200,535.0,107000.0
2019-05-26,2019052601002862,NIB,51,55,185,535.0,98975.0
2019-05-26,2019052601002860,NIB,45,32,50,536.0,26800.0
2019-05-26,2019052601002985,NIB,58,29,44,534.0,23496.0
2019-05-26,2019052601002944,NIB,58,47,44,534.0,23496.0
2019-05-26,2019052601002934,NIB,58,47,44,534.0,23496.0
2019-05-26,2019052601002869,NIB,55,55,50,535.0,26750.0
2019-05-26,2019052601002868,NIB,38,55,100,535.0,53500.0
2019-05-26,2019052601002867,NIB,56,55,500,535.0,267500.0
2019-05-26,2019052601003045,NIB,59,42,32,534.0,17088.0
2019-05-26,2019052601003039,NIB,59,29,44,534.0,23496.0
2019-05-26,2019052601003000,NIB,22,16,300,534.0,160200.0
2019-05-26,2019052601002996,NIB,16,16,21,534.0,11214.0
2019-05-26,2019052601002995,NIB,34,16,100,534.0,53400.0
2019-05-26,2019052601002994,NIB,58,16,18,534.0,9612.0
2019-05-26,2019052601002916,NICA,53,45,10,484.0,4840.0
2019-05-26,2019052601003037,NICGF,47,57,1000,9.7,9700.0
2019-05-26,2019052601003071,NICL,13,5,40,388.0,15520.0
2019-05-26,2019052601003070,NICL,45,5,50,388.0,19400.0
2019-05-26,2019052601003069,NICL,45,5,20,389.0,7780.0
2019-05-26,2019052601003068,NICL,42,5,50,390.0,19500.0
2019-05-26,2019052601002917,NIL,40,56,113,515.0,58195.0
2019-05-26,2019052601003183,NLG,49,47,30,803.0,24090.0
2019-05-26,2019052601003242,NLIC,6,7,17,938.0,15946.0
2019-05-26,2019052601003151,NLIC,56,16,20,937.0,18740.0
2019-05-26,2019052601003147,NLIC,56,43,130,937.0,121810.0
2019-05-26,2019052601003146,NLIC,7,43,20,937.0,18740.0
2019-05-26,2019052601003052,NLIC,50,42,17,936.0,15912.0
2019-05-26,2019052601003269,NMBMF,40,48,100,1140.0,114000.0
2019-05-26,2019052601003189,NMBMF,58,42,587,1139.0,668593.0
2019-05-26,2019052601003182,NMBMF,58,42,413,1139.0,470407.0
2019-05-26,2019052601003181,NMBMF,58,57,87,1138.0,99006.0
2019-05-26,2019052601003108,NMBMF,58,38,30,1134.0,34020.0
2019-05-26,2019052601003107,NMBMF,58,42,327,1134.0,370818.0
2019-05-26,2019052601003077,NMBMF,58,34,50,1110.0,55500.0
2019-05-26,2019052601003101,NMBMF,58,42,173,1134.0,196182.0
2019-05-26,2019052601003100,NMBMF,58,48,200,1125.0,225000.0
2019-05-26,2019052601003099,NMBMF,58,49,110,1120.0,123200.0
2019-05-26,2019052601003098,NMBMF,58,57,17,1118.0,19006.0
2019-05-26,2019052601003079,NMBMF,58,32,100,1115.0,111500.0
2019-05-26,2019052601003078,NMBMF,58,22,58,1115.0,64670.0
2019-05-26,2019052601002818,NSEWA,51,59,10,438.0,4380.0
2019-05-26,2019052601003148,NTC,43,34,666,736.0,490176.0
2019-05-26,2019052601003117,OHL,42,22,100,670.0,67000.0
2019-05-26,2019052601003164,PCBL,28,45,200,316.0,63200.0
2019-05-26,2019052601003072,PIC,1,42,11,1192.0,13112.0
2019-05-26,2019052601002990,PIC,28,5,11,1208.0,13288.0
2019-05-26,2019052601003258,PLIC,11,1,160,465.0,74400.0
2019-05-26,2019052601002927,PMHPL,56,59,10,110.0,1100.0
2019-05-26,2019052601002883,PMHPL,56,17,10,110.0,1100.0
2019-05-26,2019052601003249,PRIN,32,38,100,415.0,41500.0
2019-05-26,2019052601003104,PRIN,41,59,200,414.0,82800.0
2019-05-26,2019052601003030,PRIN,17,19,10,414.0,4140.0
2019-05-26,2019052601003290,PRVU,46,34,500,278.0,139000.0
2019-05-26,2019052601003110,PRVU,29,34,500,278.0,139000.0
2019-05-26,2019052601002959,PRVU,44,34,209,278.0,58102.0
2019-05-26,2019052601002958,PRVU,44,38,10,278.0,2780.0
2019-05-26,2019052601002957,PRVU,44,41,200,278.0,55600.0
2019-05-26,2019052601002956,PRVU,44,21,37,278.0,10286.0
2019-05-26,2019052601002955,PRVU,44,25,200,278.0,55600.0
2019-05-26,2019052601002954,PRVU,44,49,434,278.0,120652.0
2019-05-26,2019052601002953,PRVU,44,34,910,278.0,252980.0
2019-05-26,2019052601002930,RADHI,1,59,10,164.0,1640.0
2019-05-26,2019052601003186,RBCL,49,7,15,11000.0,165000.0
2019-05-26,2019052601003185,RBCL,47,7,10,11005.0,110050.0
2019-05-26,2019052601003184,RBCL,47,7,50,11010.0,550500.0
2019-05-26,2019052601002847,RHPC,46,17,19,99.0,1881.0
2019-05-26,2019052601002846,RHPC,46,17,19,99.0,1881.0
2019-05-26,2019052601002972,RMDC,6,46,10,660.0,6600.0
2019-05-26,2019052601003235,RRHP,59,43,10,96.0,960.0
2019-05-26,2019052601003230,RRHP,59,43,10,96.0,960.0
2019-05-26,2019052601002960,RRHP,59,17,10,96.0,960.0
2019-05-26,2019052601002936,RRHP,59,59,10,96.0,960.0
2019-05-26,2019052601002892,RRHP,59,17,10,96.0,960.0
2019-05-26,2019052601002838,RRHP,59,59,10,96.0,960.0
2019-05-26,2019052601003286,RSDC,57,33,20,385.0,7700.0
2019-05-26,2019052601002943,RSDC,7,38,51,380.0,19380.0
2019-05-26,2019052601002942,RSDC,29,38,12,380.0,4560.0
2019-05-26,2019052601003241,SADBL,21,59,100,149.0,14900.0
2019-05-26,2019052601002963,SADBL,21,1,18,149.0,2682.0
2019-05-26,2019052601002906,SADBL,21,17,156,149.0,23244.0
2019-05-26,2019052601002925,SAEF,46,57,2000,9.81,19620.0
2019-05-26,2019052601002924,SAEF,46,6,500,9.81,4905.0
2019-05-26,2019052601003122,SANIMA,36,6,100,358.0,35800.0
2019-05-26,2019052601003121,SANIMA,36,8,62,358.0,22196.0
2019-05-26,2019052601003120,SANIMA,36,10,300,358.0,107400.0
2019-05-26,2019052601003092,SANIMA,36,45,100,357.0,35700.0
2019-05-26,2019052601003091,SANIMA,36,16,500,357.0,178500.0
2019-05-26,2019052601003094,SBL,43,48,19,335.0,6365.0
2019-05-26,2019052601003225,SCB,45,50,200,678.0,135600.0
2019-05-26,2019052601003219,SCB,56,32,20,677.0,13540.0
2019-05-26,2019052601003109,SCB,32,18,30,678.0,20340.0
2019-05-26,2019052601002962,SCB,32,47,20,678.0,13560.0
2019-05-26,2019052601002881,SCB,7,6,700,680.0,476000.0
2019-05-26,2019052601002880,SCB,7,28,32,680.0,21760.0
2019-05-26,2019052601002997,SDESI,41,35,23,595.0,13685.0
2019-05-26,2019052601003192,SEOS,38,16,800,10.4,8320.0
2019-05-26,2019052601003106,SHINE,37,7,100,260.0,26000.0
2019-05-26,2019052601003266,SHIVM,49,58,50,570.0,28500.0
2019-05-26,2019052601003265,SHIVM,45,58,450,570.0,256500.0
2019-05-26,2019052601003259,SHIVM,45,22,1000,570.0,570000.0
2019-05-26,2019052601003256,SHIVM,45,20,450,570.0,256500.0
2019-05-26,2019052601003255,SHIVM,50,20,50,571.0,28550.0
2019-05-26,2019052601003179,SHIVM,45,56,300,580.0,174000.0
2019-05-26,2019052601002856,SHIVM,17,37,12,565.0,6780.0
2019-05-26,2019052601002853,SHIVM,17,19,40,565.0,22600.0
2019-05-26,2019052601002852,SHIVM,22,19,60,565.0,33900.0
2019-05-26,2019052601002800,SHIVM,36,41,45,573.0,25785.0
2019-05-26,2019052601002796,SHIVM,36,56,50,573.0,28650.0
2019-05-26,2019052601002902,SHIVM,43,58,1000,561.0,561000.0
2019-05-26,2019052601002901,SHIVM,58,58,50,561.0,28050.0
2019-05-26,2019052601002900,SHIVM,34,58,330,561.0,185130.0
2019-05-26,2019052601002899,SHIVM,41,58,250,562.0,140500.0
2019-05-26,2019052601002876,SHIVM,41,19,150,562.0,84300.0
2019-05-26,2019052601002874,SHIVM,41,37,100,563.0,56300.0
2019-05-26,2019052601002999,SHIVM,21,45,50,560.0,28000.0
2019-05-26,2019052601002945,SHIVM,46,49,50,558.0,27900.0
2019-05-26,2019052601002937,SHIVM,16,57,50,556.0,27800.0
2019-05-26,2019052601002935,SHIVM,36,14,200,564.0,112800.0
2019-05-26,2019052601002903,SHIVM,38,58,410,558.0,228780.0
2019-05-26,2019052601003051,SHIVM,45,39,100,569.0,56900.0
2019-05-26,2019052601003050,SHIVM,45,45,100,568.0,56800.0
2019-05-26,2019052601003049,SHIVM,45,34,50,568.0,28400.0
2019-05-26,2019052601003029,SHIVM,45,38,100,565.0,56500.0
2019-05-26,2019052601003013,SHIVM,46,47,50,560.0,28000.0
2019-05-26,2019052601003005,SHIVM,46,32,50,560.0,28000.0
2019-05-26,2019052601003136,SHIVM,45,19,30,573.0,17190.0
2019-05-26,2019052601003133,SHIVM,6,58,50,572.0,28600.0
2019-05-26,2019052601003132,SHIVM,6,26,50,570.0,28500.0
2019-05-26,2019052601003114,SHIVM,45,35,200,571.0,114200.0
2019-05-26,2019052601003113,SHIVM,45,44,50,571.0,28550.0
2019-05-26,2019052601003112,SHIVM,45,32,200,570.0,114000.0
2019-05-26,2019052601003142,SHIVM,45,47,105,575.0,60375.0
2019-05-26,2019052601003141,SHIVM,45,29,300,575.0,172500.0
2019-05-26,2019052601003140,SHIVM,45,47,105,575.0,60375.0
2019-05-26,2019052601003139,SHIVM,45,51,50,573.0,28650.0
2019-05-26,2019052601003138,SHIVM,45,51,50,573.0,28650.0
2019-05-26,2019052601003137,SHIVM,45,42,50,573.0,28650.0
2019-05-26,2019052601003165,SHIVM,59,19,60,578.0,34680.0
2019-05-26,2019052601003155,SHIVM,59,58,100,578.0,57800.0
2019-05-26,2019052601003154,SHIVM,59,1,40,577.0,23080.0
2019-05-26,2019052601003145,SHIVM,45,39,100,575.0,57500.0
2019-05-26,2019052601003144,SHIVM,45,16,500,575.0,287500.0
2019-05-26,2019052601003143,SHIVM,45,47,115,575.0,66125.0
2019-05-26,2019052601003172,SHIVM,45,42,200,580.0,116000.0
2019-05-26,2019052601003171,SHIVM,45,56,50,580.0,29000.0
2019-05-26,2019052601003170,SHIVM,45,34,990,579.0,573210.0
2019-05-26,2019052601003169,SHIVM,45,21,10,578.0,5780.0
2019-05-26,2019052601003167,SHIVM,36,34,10,579.0,5790.0
2019-05-26,2019052601003166,SHIVM,36,19,190,578.0,109820.0
2019-05-26,2019052601003178,SHIVM,45,19,50,580.0,29000.0
2019-05-26,2019052601003177,SHIVM,45,39,20,580.0,11600.0
2019-05-26,2019052601003176,SHIVM,45,45,100,580.0,58000.0
2019-05-26,2019052601003175,SHIVM,45,45,100,580.0,58000.0
2019-05-26,2019052601003174,SHIVM,45,20,100,580.0,58000.0
2019-05-26,2019052601003173,SHIVM,45,36,180,580.0,104400.0
2019-05-26,2019052601003161,SIC,28,38,11,1410.0,15510.0
2019-05-26,2019052601003001,SLBS,47,28,10,850.0,8500.0
2019-05-26,2019052601002980,SLBSL,44,38,10,558.0,5580.0
2019-05-26,2019052601002843,SLICL,42,36,1555,585.0,909675.0
2019-05-26,2019052601002842,SLICL,1,36,25,586.0,14650.0
2019-05-26,2019052601003283,SRBL,34,42,15,259.0,3885.0
2019-05-26,2019052601003260,SRBL,34,42,47,259.0,12173.0
2019-05-26,2019052601003216,UIC,58,32,100,994.0,99400.0
2019-05-26,2019052601003215,UIC,58,58,100,994.0,99400.0
2019-05-26,2019052601003210,UIC,58,32,50,984.0,49200.0
2019-05-26,2019052601003209,UIC,58,6,50,984.0,49200.0
2019-05-26,2019052601003208,UIC,58,51,40,984.0,39360.0
2019-05-26,2019052601003207,UIC,58,55,30,980.0,29400.0
2019-05-26,2019052601003206,UIC,58,32,100,980.0,98000.0
2019-05-26,2019052601003205,UIC,58,40,100,979.0,97900.0
2019-05-26,2019052601003204,UIC,58,1,200,975.0,195000.0
2019-05-26,2019052601003203,UIC,58,17,20,974.0,19480.0
2019-05-26,2019052601002928,UIC,50,5,100,975.0,97500.0
2019-05-26,2019052601003240,UMHL,13,42,2000,121.0,242000.0
2019-05-26,2019052601003239,UMHL,13,48,10,121.0,1210.0
2019-05-26,2019052601003237,UMHL,13,46,200,120.0,24000.0
2019-05-26,2019052601003236,UMHL,13,17,10,119.0,1190.0
2019-05-26,2019052601003028,UMHL,56,35,10,118.0,1180.0
2019-05-26,2019052601003282,UPCL,17,38,640,94.0,60160.0
2019-05-26,2019052601003281,UPCL,50,38,100,95.0,9500.0
2019-05-26,2019052601003280,UPCL,13,38,260,95.0,24700.0
2019-05-26,2019052601003213,UPCL,13,51,50,95.0,4750.0
2019-05-26,2019052601003016,UPCL,13,44,100,95.0,9500.0
2019-05-26,2019052601002991,UPCL,13,38,50,95.0,4750.0
2019-05-26,2019052601002967,UPCL,45,17,50,96.0,4800.0
2019-05-26,2019052601002923,UPCL,45,17,50,96.0,4800.0
2019-05-26,2019052601003285,UPPER,38,49,50,281.0,14050.0
2019-05-26,2019052601003279,UPPER,17,7,40,282.0,11280.0
2019-05-26,2019052601003278,UPPER,17,7,50,282.0,14100.0
2019-05-26,2019052601003277,UPPER,17,33,500,282.0,141000.0
2019-05-26,2019052601003276,UPPER,17,43,50,282.0,14100.0
2019-05-26,2019052601003275,UPPER,17,42,40,282.0,11280.0
2019-05-26,2019052601002912,UPPER,58,14,317,279.0,88443.0
2019-05-26,2019052601002841,UPPER,34,59,40,278.0,11120.0
2019-05-26,2019052601002798,UPPER,3,14,683,279.0,190557.0
2019-05-26,2019052601002973,UPPER,16,33,200,280.0,56000.0
2019-05-26,2019052601002939,UPPER,16,59,19,279.0,5301.0
2019-05-26,2019052601002938,UPPER,58,59,21,279.0,5859.0
2019-05-26,2019052601002922,UPPER,58,17,50,279.0,13950.0
2019-05-26,2019052601002914,UPPER,58,7,40,279.0,11160.0
2019-05-26,2019052601002913,UPPER,58,35,572,279.0,159588.0
2019-05-26,2019052601002979,UPPER,39,33,393,280.0,110040.0
2019-05-26,2019052601002978,UPPER,39,17,71,280.0,19880.0
2019-05-26,2019052601002977,UPPER,39,57,40,280.0,11200.0
2019-05-26,2019052601002976,UPPER,39,6,150,280.0,42000.0
2019-05-26,2019052601002975,UPPER,39,50,200,280.0,56000.0
2019-05-26,2019052601002974,UPPER,39,33,146,280.0,40880.0
2019-05-26,2019052601003053,UPPER,43,51,50,280.0,14000.0
2019-05-26,2019052601003019,UPPER,50,51,43,280.0,12040.0
2019-05-26,2019052601003018,UPPER,50,25,50,280.0,14000.0
2019-05-26,2019052601003017,UPPER,50,33,107,280.0,29960.0
2019-05-26,2019052601003003,UPPER,16,17,50,279.0,13950.0
2019-05-26,2019052601002998,UPPER,16,38,40,279.0,11160.0
2019-05-26,2019052601003059,UPPER,43,19,150,280.0,42000.0
2019-05-26,2019052601003058,UPPER,43,51,50,280.0,14000.0
2019-05-26,2019052601003057,UPPER,43,51,40,280.0,11200.0
2019-05-26,2019052601003056,UPPER,43,51,40,280.0,11200.0
2019-05-26,2019052601003055,UPPER,43,51,40,280.0,11200.0
2019-05-26,2019052601003054,UPPER,43,51,40,280.0,11200.0
2019-05-26,2019052601003065,UPPER,33,7,40,280.0,11200.0
2019-05-26,2019052601003064,UPPER,33,7,50,280.0,14000.0
2019-05-26,2019052601003063,UPPER,33,7,50,280.0,14000.0
2019-05-26,2019052601003062,UPPER,33,48,450,280.0,126000.0
2019-05-26,2019052601003061,UPPER,43,48,550,280.0,154000.0
2019-05-26,2019052601003060,UPPER,43,40,40,280.0,11200.0
2019-05-26,2019052601003159,UPPER,48,44,216,281.0,60696.0
2019-05-26,2019052601003123,UPPER,33,38,50,280.0,14000.0
2019-05-26,2019052601003093,UPPER,33,26,40,280.0,11200.0
2019-05-26,2019052601003081,UPPER,33,42,40,280.0,11200.0
2019-05-26,2019052601003067,UPPER,33,36,50,280.0,14000.0
2019-05-26,2019052601003066,UPPER,33,25,146,280.0,40880.0
2019-05-26,2019052601003274,UPPER,17,57,50,282.0,14100.0
2019-05-26,2019052601003273,UPPER,17,57,40,282.0,11280.0
2019-05-26,2019052601003272,UPPER,17,11,50,282.0,14100.0
2019-05-26,2019052601003271,UPPER,17,33,37,282.0,10434.0
2019-05-26,2019052601003222,UPPER,39,57,50,281.0,14050.0
2019-05-26,2019052601002961,VLBS,53,38,12,550.0,6600.0
2019-05-26,2019052601000169,AHPC,45,53,10,110.0,1100.0
2019-05-26,2019052601000121,AHPC,45,53,10,112.0,1120.0
2019-05-26,2019052601000124,AKJCL,49,51,10,83.0,830.0
2019-05-26,2019052601000194,ALBSL,39,44,10,445.0,4450.0
2019-05-26,2019052601000288,ALICL,16,16,312,432.0,134784.0
2019-05-26,2019052601000208,AMFI,32,32,10,572.0,5720.0
2019-05-26,2019052601000041,AMFI,5,5,10,572.0,5720.0
2019-05-26,2019052601000243,API,43,10,1000,163.0,163000.0
2019-05-26,2019052601000127,API,50,42,10,166.0,1660.0
2019-05-26,2019052601000143,BPCL,38,58,22,432.0,9504.0
2019-05-26,2019052601000202,CBL,40,32,45,149.0,6705.0
2019-05-26,2019052601000135,CORBL,39,42,200,125.0,25000.0
2019-05-26,2019052601000192,CZBIL,47,14,500,232.0,116000.0
2019-05-26,2019052601000244,DBBL,7,32,1822,149.0,271478.0
2019-05-26,2019052601000255,GBLBS,48,58,10,373.0,3730.0
2019-05-26,2019052601000293,HDL,13,58,50,1820.0,91000.0
2019-05-26,2019052601000292,HDL,41,58,30,1820.0,54600.0
2019-05-26,2019052601000291,HDL,41,14,20,1820.0,36400.0
2019-05-26,2019052601000279,HDL,58,58,100,1825.0,182500.0
2019-05-26,2019052601000261,HDL,51,58,10,1820.0,18200.0
2019-05-26,2019052601000260,HDL,57,58,100,1820.0,182000.0
2019-05-26,2019052601000003,HDL,49,44,30,1899.0,56970.0
2019-05-26,2019052601000002,HDL,25,44,20,1899.0,37980.0
2019-05-26,2019052601000001,HDL,25,40,30,1896.0,56880.0
2019-05-26,2019052601000028,HDL,39,39,100,1972.0,197200.0
2019-05-26,2019052601000027,HDL,39,53,100,1970.0,197000.0
2019-05-26,2019052601000026,HDL,32,58,50,1936.0,96800.0
2019-05-26,2019052601000025,HDL,4,58,50,1936.0,96800.0
2019-05-26,2019052601000024,HDL,4,44,50,1936.0,96800.0
2019-05-26,2019052601000021,HDL,49,44,50,1936.0,96800.0
2019-05-26,2019052601000045,HDL,42,17,200,1949.0,389800.0
2019-05-26,2019052601000044,HDL,42,25,50,1949.0,97450.0
2019-05-26,2019052601000039,HDL,22,58,20,1935.0,38700.0
2019-05-26,2019052601000038,HDL,50,58,30,1935.0,58050.0
2019-05-26,2019052601000030,HDL,39,44,100,1974.0,197400.0
2019-05-26,2019052601000029,HDL,39,58,100,1973.0,197300.0
2019-05-26,2019052601000055,HDL,39,58,50,1897.0,94850.0
2019-05-26,2019052601000052,HDL,46,58,50,1900.0,95000.0
2019-05-26,2019052601000050,HDL,39,16,40,1897.0,75880.0
2019-05-26,2019052601000048,HDL,54,16,10,1920.0,19200.0
2019-05-26,2019052601000047,HDL,42,50,50,1959.0,97950.0
2019-05-26,2019052601000046,HDL,42,44,200,1950.0,390000.0
2019-05-26,2019052601000069,HDL,19,49,100,1895.0,189500.0
2019-05-26,2019052601000067,HDL,57,44,200,1870.0,374000.0
2019-05-26,2019052601000066,HDL,54,44,50,1870.0,93500.0
2019-05-26,2019052601000062,HDL,19,56,50,1894.0,94700.0
2019-05-26,2019052601000057,HDL,8,53,50,1896.0,94800.0
2019-05-26,2019052601000056,HDL,39,50,10,1897.0,18970.0
2019-05-26,2019052601000090,HDL,35,57,20,1860.0,37200.0
2019-05-26,2019052601000089,HDL,35,57,50,1860.0,93000.0
2019-05-26,2019052601000088,HDL,52,57,20,1870.0,37400.0
2019-05-26,2019052601000087,HDL,37,57,30,1871.0,56130.0
2019-05-26,2019052601000086,HDL,57,44,20,1890.0,37800.0
2019-05-26,2019052601000070,HDL,19,50,10,1895.0,18950.0
2019-05-26,2019052601000204,HDL,57,45,20,1820.0,36400.0
2019-05-26,2019052601000203,HDL,17,45,10,1820.0,18200.0
2019-05-26,2019052601000122,HDL,7,16,10,1857.0,18570.0
2019-05-26,2019052601000114,HDL,7,6,10,1846.0,18460.0
2019-05-26,2019052601000092,HDL,22,57,20,1858.0,37160.0
2019-05-26,2019052601000091,HDL,7,57,100,1859.0,185900.0
2019-05-26,2019052601000259,HDL,17,58,100,1820.0,182000.0
2019-05-26,2019052601000258,HDL,49,58,20,1820.0,36400.0
2019-05-26,2019052601000257,HDL,52,58,30,1820.0,54600.0
2019-05-26,2019052601000207,HDL,58,45,100,1820.0,182000.0
2019-05-26,2019052601000206,HDL,35,45,10,1820.0,18200.0
2019-05-26,2019052601000205,HDL,22,45,10,1820.0,18200.0
2019-05-26,2019052601000236,HIDCL,58,58,1517,173.0,262441.0
2019-05-26,2019052601000235,HIDCL,58,39,200,172.0,34400.0
2019-05-26,2019052601000234,HIDCL,58,8,283,172.0,48676.0
2019-05-26,2019052601000233,HIDCL,58,46,47,170.0,7990.0
2019-05-26,2019052601000232,HIDCL,58,1,61,170.0,10370.0
2019-05-26,2019052601000231,HIDCL,58,6,31,170.0,5270.0
2019-05-26,2019052601000230,HIDCL,58,1,61,170.0,10370.0
2019-05-26,2019052601000229,HIDCL,58,1,61,170.0,10370.0
2019-05-26,2019052601000228,HIDCL,58,1,61,170.0,10370.0
2019-05-26,2019052601000227,HIDCL,58,8,89,170.0,15130.0
2019-05-26,2019052601000174,HIDCL,43,8,61,170.0,10370.0
2019-05-26,2019052601000072,HIDCL,48,8,50,170.0,8500.0
2019-05-26,2019052601000216,HPPL,1,42,10,183.0,1830.0
2019-05-26,2019052601000215,HPPL,1,44,10,183.0,1830.0
2019-05-26,2019052601000214,HPPL,1,53,10,183.0,1830.0
2019-05-26,2019052601000282,HURJA,55,22,20,126.0,2520.0
2019-05-26,2019052601000275,HURJA,58,39,5920,125.0,740000.0
2019-05-26,2019052601000274,HURJA,42,39,80,126.0,10080.0
2019-05-26,2019052601000268,HURJA,58,53,20,125.0,2500.0
2019-05-26,2019052601000266,HURJA,58,58,20,125.0,2500.0
2019-05-26,2019052601000264,HURJA,58,42,20,125.0,2500.0
2019-05-26,2019052601000063,HURJA,55,32,10,122.0,1220.0
2019-05-26,2019052601000060,HURJA,58,29,10,124.0,1240.0
2019-05-26,2019052601000059,HURJA,55,29,10,124.0,1240.0
2019-05-26,2019052601000085,HURJA,50,51,10,117.0,1170.0
2019-05-26,2019052601000084,HURJA,50,38,20,117.0,2340.0
2019-05-26,2019052601000083,HURJA,50,39,20,117.0,2340.0
2019-05-26,2019052601000082,HURJA,55,59,10,117.0,1170.0
2019-05-26,2019052601000076,HURJA,55,59,10,118.0,1180.0
2019-05-26,2019052601000071,HURJA,55,32,10,120.0,1200.0
2019-05-26,2019052601000101,HURJA,58,6,20,118.0,2360.0
2019-05-26,2019052601000098,HURJA,58,1,20,117.0,2340.0
2019-05-26,2019052601000096,HURJA,58,6,20,117.0,2340.0
2019-05-26,2019052601000095,HURJA,58,42,20,117.0,2340.0
2019-05-26,2019052601000094,HURJA,58,1,20,117.0,2340.0
2019-05-26,2019052601000093,HURJA,58,51,10,117.0,1170.0
2019-05-26,2019052601000107,HURJA,58,17,20,118.0,2360.0
2019-05-26,2019052601000106,HURJA,58,17,20,118.0,2360.0
2019-05-26,2019052601000105,HURJA,58,42,20,118.0,2360.0
2019-05-26,2019052601000104,HURJA,58,17,20,118.0,2360.0
2019-05-26,2019052601000103,HURJA,58,59,20,118.0,2360.0
2019-05-26,2019052601000102,HURJA,58,51,20,118.0,2360.0
2019-05-26,2019052601000128,HURJA,50,58,20,119.0,2380.0
2019-05-26,2019052601000126,HURJA,55,34,20,118.0,2360.0
2019-05-26,2019052601000119,HURJA,58,34,20,117.0,2340.0
2019-05-26,2019052601000115,HURJA,58,51,20,117.0,2340.0
2019-05-26,2019052601000113,HURJA,58,58,10,117.0,1170.0
2019-05-26,2019052601000112,HURJA,58,34,20,117.0,2340.0
2019-05-26,2019052601000141,HURJA,50,57,20,119.0,2380.0
2019-05-26,2019052601000138,HURJA,50,58,20,119.0,2380.0
2019-05-26,2019052601000134,HURJA,50,38,20,119.0,2380.0
2019-05-26,2019052601000133,HURJA,50,51,20,119.0,2380.0
2019-05-26,2019052601000131,HURJA,50,14,20,119.0,2380.0
2019-05-26,2019052601000130,HURJA,50,58,20,119.0,2380.0
2019-05-26,2019052601000163,HURJA,59,44,20,124.0,2480.0
2019-05-26,2019052601000162,HURJA,59,44,20,124.0,2480.0
2019-05-26,2019052601000158,HURJA,59,39,20,122.0,2440.0
2019-05-26,2019052601000150,HURJA,25,51,20,120.0,2400.0
2019-05-26,2019052601000149,HURJA,50,58,20,119.0,2380.0
2019-05-26,2019052601000142,HURJA,50,58,20,119.0,2380.0
2019-05-26,2019052601000170,HURJA,42,17,20,121.0,2420.0
2019-05-26,2019052601000168,HURJA,59,46,20,124.0,2480.0
2019-05-26,2019052601000167,HURJA,59,20,20,124.0,2480.0
2019-05-26,2019052601000166,HURJA,59,1,20,124.0,2480.0
2019-05-26,2019052601000165,HURJA,59,44,10,124.0,1240.0
2019-05-26,2019052601000164,HURJA,59,44,20,124.0,2480.0
2019-05-26,2019052601000195,HURJA,55,45,20,122.0,2440.0
2019-05-26,2019052601000190,HURJA,55,40,10,122.0,1220.0
2019-05-26,2019052601000189,HURJA,6,40,10,122.0,1220.0
2019-05-26,2019052601000186,HURJA,6,8,20,122.0,2440.0
2019-05-26,2019052601000184,HURJA,6,45,10,122.0,1220.0
2019-05-26,2019052601000175,HURJA,25,49,20,120.0,2400.0
2019-05-26,2019052601000262,HURJA,29,45,20,123.0,2460.0
2019-05-26,2019052601000250,HURJA,29,45,20,123.0,2460.0
2019-05-26,2019052601000220,HURJA,29,14,20,123.0,2460.0
2019-05-26,2019052601000212,HURJA,29,42,20,123.0,2460.0
2019-05-26,2019052601000211,HURJA,29,52,20,123.0,2460.0
2019-05-26,2019052601000197,HURJA,55,48,20,122.0,2440.0
2019-05-26,2019052601000177,JBBL,49,6,300,155.0,46500.0
2019-05-26,2019052601000176,JBBL,49,21,703,155.0,108965.0
2019-05-26,2019052601000239,JBNL,47,17,500,213.0,106500.0
2019-05-26,2019052601000201,JBNL,10,21,300,215.0,64500.0
2019-05-26,2019052601000200,JBNL,10,50,500,214.0,107000.0
2019-05-26,2019052601000199,JBNL,10,4,200,214.0,42800.0
2019-05-26,2019052601000198,JBNL,10,53,1000,214.0,214000.0
2019-05-26,2019052601000182,JBNL,49,10,1000,212.0,212000.0
2019-05-26,2019052601000181,JBNL,48,10,300,212.0,63600.0
2019-05-26,2019052601000180,JBNL,6,10,10,212.0,2120.0
2019-05-26,2019052601000061,JBNL,29,48,500,215.0,107500.0
2019-05-26,2019052601000053,JBNL,29,39,500,215.0,107500.0
2019-05-26,2019052601000031,JBNL,42,42,50,215.0,10750.0
2019-05-26,2019052601000077,JOSHI,58,32,20,115.0,2300.0
2019-05-26,2019052601000022,JOSHI,17,29,20,117.0,2340.0
2019-05-26,2019052601000287,KBL,48,19,100,218.0,21800.0
2019-05-26,2019052601000193,KBL,45,19,180,218.0,39240.0
2019-05-26,2019052601000196,KKHC,42,29,10,72.0,720.0
2019-05-26,2019052601000171,KPCL,40,44,10,95.0,950.0
2019-05-26,2019052601000217,KPCL,32,32,10,95.0,950.0
2019-05-26,2019052601000284,LBBL,41,5,100,202.0,20200.0
2019-05-26,2019052601000283,LBBL,48,5,100,203.0,20300.0
2019-05-26,2019052601000256,LBBL,38,33,949,205.0,194545.0
2019-05-26,2019052601000249,LBBL,38,45,24,205.0,4920.0
2019-05-26,2019052601000248,LBBL,38,45,27,205.0,5535.0
2019-05-26,2019052601000226,LBBL,41,22,800,202.0,161600.0
2019-05-26,2019052601000073,LBBL,56,21,20,206.0,4120.0
2019-05-26,2019052601000225,LBBL,21,22,200,202.0,40400.0
2019-05-26,2019052601000161,LBBL,41,21,870,205.0,178350.0
2019-05-26,2019052601000140,LBBL,41,1,130,205.0,26650.0
2019-05-26,2019052601000139,LBBL,41,1,70,205.0,14350.0
2019-05-26,2019052601000075,LBBL,41,21,930,205.0,190650.0
2019-05-26,2019052601000074,LBBL,54,21,50,206.0,10300.0
2019-05-26,2019052601000221,MEGA,22,46,55,198.0,10890.0
2019-05-26,2019052601000136,MEGA,49,49,10,199.0,1990.0
2019-05-26,2019052601000272,MPFL,8,42,100,237.0,23700.0
2019-05-26,2019052601000271,MPFL,55,42,40,237.0,9480.0
2019-05-26,2019052601000270,MPFL,55,58,60,237.0,14220.0
2019-05-26,2019052601000247,MPFL,42,58,10,237.0,2370.0
2019-05-26,2019052601000245,MPFL,39,58,80,237.0,18960.0
2019-05-26,2019052601000210,MPFL,26,58,50,241.0,12050.0
2019-05-26,2019052601000081,MPFL,56,42,10,262.0,2620.0
2019-05-26,2019052601000065,MPFL,19,58,10,262.0,2620.0
2019-05-26,2019052601000058,MPFL,39,58,10,260.0,2600.0
2019-05-26,2019052601000034,MPFL,50,58,10,255.0,2550.0
2019-05-26,2019052601000023,MPFL,8,58,10,250.0,2500.0
2019-05-26,2019052601000151,MPFL,58,58,10,259.0,2590.0
2019-05-26,2019052601000111,MPFL,6,58,30,260.0,7800.0
2019-05-26,2019052601000110,MPFL,6,32,20,260.0,5200.0
2019-05-26,2019052601000109,MPFL,39,32,10,260.0,2600.0
2019-05-26,2019052601000108,MPFL,7,32,100,260.0,26000.0
2019-05-26,2019052601000097,MPFL,35,42,50,262.0,13100.0
2019-05-26,2019052601000191,MPFL,46,56,100,245.0,24500.0
2019-05-26,2019052601000173,MPFL,49,13,20,250.0,5000.0
2019-05-26,2019052601000172,MPFL,8,13,15,250.0,3750.0
2019-05-26,2019052601000157,MPFL,22,58,50,255.0,12750.0
2019-05-26,2019052601000156,MPFL,14,58,10,255.0,2550.0
2019-05-26,2019052601000154,MPFL,51,45,50,256.0,12800.0
2019-05-26,2019052601000280,NBL,57,17,100,340.0,34000.0
2019-05-26,2019052601000219,NBL,55,35,1000,342.0,342000.0
2019-05-26,2019052601000218,NBL,55,37,100,341.0,34100.0
2019-05-26,2019052601000155,NBL,47,37,200,341.0,68200.0
2019-05-26,2019052601000281,NCCB,41,58,278,264.0,73392.0
2019-05-26,2019052601000254,NCCB,42,58,450,264.0,118800.0
2019-05-26,2019052601000246,NCCB,42,40,200,264.0,52800.0
2019-05-26,2019052601000237,NCCB,16,44,50,265.0,13250.0
2019-05-26,2019052601000152,NIB,55,1,44,539.0,23716.0
2019-05-26,2019052601000179,NICA,44,44,5144,484.0,2489696.0
2019-05-26,2019052601000178,NIL,57,39,50,524.0,26200.0
2019-05-26,2019052601000277,NMBMF,18,42,13,1093.0,14209.0
2019-05-26,2019052601000183,PCBL,22,14,100,328.0,32800.0
2019-05-26,2019052601000020,PCBL,6,35,200,334.0,66800.0
2019-05-26,2019052601000019,PCBL,6,57,200,334.0,66800.0
2019-05-26,2019052601000018,PCBL,6,53,500,334.0,167000.0
2019-05-26,2019052601000017,PCBL,6,47,200,334.0,66800.0
2019-05-26,2019052601000016,PCBL,6,39,500,334.0,167000.0
2019-05-26,2019052601000009,PCBL,6,47,242,334.0,80828.0
2019-05-26,2019052601000008,PCBL,6,47,300,334.0,100200.0
2019-05-26,2019052601000007,PCBL,6,39,500,333.0,166500.0
2019-05-26,2019052601000006,PCBL,6,39,500,332.0,166000.0
2019-05-26,2019052601000005,PCBL,6,57,500,331.0,165500.0
2019-05-26,2019052601000004,PCBL,6,56,30,323.0,9690.0
2019-05-26,2019052601000015,PCBL,6,47,150,334.0,50100.0
2019-05-26,2019052601000014,PCBL,6,47,250,334.0,83500.0
2019-05-26,2019052601000013,PCBL,6,47,295,334.0,98530.0
2019-05-26,2019052601000012,PCBL,6,47,400,334.0,133600.0
2019-05-26,2019052601000011,PCBL,6,47,350,334.0,116900.0
2019-05-26,2019052601000010,PCBL,6,47,429,334.0,143286.0
2019-05-26,2019052601000242,PRVU,43,46,201,275.0,55275.0
2019-05-26,2019052601000241,PRVU,17,46,100,275.0,27500.0
2019-05-26,2019052601000240,PRVU,22,46,100,275.0,27500.0
2019-05-26,2019052601000160,PRVU,17,34,100,275.0,27500.0
2019-05-26,2019052601000148,PRVU,42,43,500,275.0,137500.0
2019-05-26,2019052601000147,PRVU,57,43,200,275.0,55000.0
2019-05-26,2019052601000117,PRVU,47,35,1000,275.0,275000.0
2019-05-26,2019052601000116,PRVU,28,35,100,275.0,27500.0
2019-05-26,2019052601000079,PRVU,25,34,500,275.0,137500.0
2019-05-26,2019052601000078,PRVU,25,35,800,275.0,220000.0
2019-05-26,2019052601000064,PRVU,45,34,500,272.0,136000.0
2019-05-26,2019052601000049,PRVU,26,35,200,275.0,55000.0
2019-05-26,2019052601000285,RADHI,40,36,11,176.0,1936.0
2019-05-26,2019052601000273,RHPC,49,35,11,100.0,1100.0
2019-05-26,2019052601000238,SDESI,32,32,1,588.0,588.0
2019-05-26,2019052601000223,SHIVM,22,36,40,543.0,21720.0
2019-05-26,2019052601000222,SHIVM,38,36,10,543.0,5430.0
2019-05-26,2019052601000187,SHIVM,44,44,50,542.0,27100.0
2019-05-26,2019052601000051,SHIVM,37,56,45,550.0,24750.0
2019-05-26,2019052601000294,UPPER,49,34,600,286.0,171600.0
2019-05-26,2019052601000290,UPPER,42,59,85,287.0,24395.0
2019-05-26,2019052601000289,UPPER,42,5,200,287.0,57400.0
2019-05-26,2019052601000286,UPPER,42,51,50,287.0,14350.0
2019-05-26,2019052601000278,UPPER,42,58,165,286.0,47190.0
2019-05-26,2019052601000276,UPPER,58,41,320,285.0,91200.0
2019-05-26,2019052601000035,UPPER,35,32,150,291.0,43650.0
2019-05-26,2019052601000033,UPPER,47,41,100,290.0,29000.0
2019-05-26,2019052601000032,UPPER,47,41,100,290.0,29000.0
2019-05-26,2019052601000054,UPPER,35,41,127,285.0,36195.0
2019-05-26,2019052601000043,UPPER,6,1,30,287.0,8610.0
2019-05-26,2019052601000042,UPPER,35,42,35,290.0,10150.0
2019-05-26,2019052601000040,UPPER,49,42,55,290.0,15950.0
2019-05-26,2019052601000037,UPPER,47,42,150,290.0,43500.0
2019-05-26,2019052601000036,UPPER,47,58,50,290.0,14500.0
2019-05-26,2019052601000120,UPPER,51,38,50,288.0,14400.0
2019-05-26,2019052601000118,UPPER,51,38,50,288.0,14400.0
2019-05-26,2019052601000100,UPPER,42,17,30,289.0,8670.0
2019-05-26,2019052601000099,UPPER,42,29,70,289.0,20230.0
2019-05-26,2019052601000080,UPPER,17,29,100,289.0,28900.0
2019-05-26,2019052601000068,UPPER,11,29,30,289.0,8670.0
2019-05-26,2019052601000144,UPPER,3,38,50,289.0,14450.0
2019-05-26,2019052601000137,UPPER,35,28,40,286.0,11440.0
2019-05-26,2019052601000132,UPPER,51,51,50,288.0,14400.0
2019-05-26,2019052601000129,UPPER,51,56,300,288.0,86400.0
2019-05-26,2019052601000125,UPPER,6,17,170,289.0,49130.0
2019-05-26,2019052601000123,UPPER,51,38,50,288.0,14400.0
2019-05-26,2019052601000185,UPPER,35,38,50,286.0,14300.0
2019-05-26,2019052601000159,UPPER,35,38,50,286.0,14300.0
2019-05-26,2019052601000153,UPPER,35,28,50,286.0,14300.0
2019-05-26,2019052601000146,UPPER,35,18,40,286.0,11440.0
2019-05-26,2019052601000145,UPPER,3,38,50,289.0,14450.0
2019-05-26,2019052601000251,UPPER,35,58,435,286.0,124410.0
2019-05-26,2019052601000224,UPPER,35,26,50,286.0,14300.0
2019-05-26,2019052601000213,UPPER,38,36,50,288.0,14400.0
2019-05-26,2019052601000209,UPPER,35,38,50,286.0,14300.0
2019-05-26,2019052601000188,UPPER,35,38,50,286.0,14300.0
2019-05-26,2019052601000269,UPPER,58,38,50,285.0,14250.0
2019-05-26,2019052601000267,UPPER,58,38,50,285.0,14250.0
2019-05-26,2019052601000265,UPPER,1,58,200,286.0,57200.0
2019-05-26,2019052601000263,UPPER,58,38,50,285.0,14250.0
2019-05-26,2019052601000253,UPPER,26,58,100,286.0,28600.0
2019-05-26,2019052601000252,UPPER,45,58,150,286.0,42900.0
2019-05-26,2019052601000776,ADBL,4,58,44,433.0,19052.0
2019-05-26,2019052601000774,ADBL,49,58,106,433.0,45898.0
2019-05-26,2019052601000742,ADBL,49,53,194,433.0,84002.0
2019-05-26,2019052601000741,ADBL,17,53,76,433.0,32908.0
2019-05-26,2019052601000661,ADBL,17,29,12,433.0,5196.0
2019-05-26,2019052601000654,ADBL,17,29,12,433.0,5196.0
2019-05-26,2019052601000448,ADBL,32,14,193,434.0,83762.0
2019-05-26,2019052601000440,ADBL,32,17,254,434.0,110236.0
2019-05-26,2019052601000439,ADBL,32,8,53,434.0,23002.0
2019-05-26,2019052601000300,ADBL,21,56,200,432.0,86400.0
2019-05-26,2019052601000297,ADBL,21,42,89,432.0,38448.0
2019-05-26,2019052601000296,ADBL,6,42,10,432.0,4320.0
2019-05-26,2019052601000599,AHPC,55,32,100,114.0,11400.0
2019-05-26,2019052601000352,AHPC,45,7,500,112.0,56000.0
2019-05-26,2019052601000458,AKJCL,20,44,10,82.0,820.0
2019-05-26,2019052601000723,ALBSL,52,44,10,444.0,4440.0
2019-05-26,2019052601000687,ALBSL,16,16,10,445.0,4450.0
2019-05-26,2019052601000673,ALBSL,16,44,10,445.0,4450.0
2019-05-26,2019052601000626,ALBSL,16,16,10,443.0,4430.0
2019-05-26,2019052601000610,ALBSL,16,16,10,443.0,4430.0
2019-05-26,2019052601000598,ALBSL,16,42,10,443.0,4430.0
2019-05-26,2019052601000591,ALBSL,16,16,10,443.0,4430.0
2019-05-26,2019052601000539,ALBSL,48,44,10,445.0,4450.0
2019-05-26,2019052601000538,ALBSL,48,44,10,445.0,4450.0
2019-05-26,2019052601000537,ALBSL,48,57,10,445.0,4450.0
2019-05-26,2019052601000528,ALBSL,52,55,10,442.0,4420.0
2019-05-26,2019052601000421,API,49,55,20,157.0,3140.0
2019-05-26,2019052601000383,API,44,55,200,160.0,32000.0
2019-05-26,2019052601000462,BARUN,1,50,20,99.0,1980.0
2019-05-26,2019052601000320,BARUN,1,50,30,98.0,2940.0
2019-05-26,2019052601000575,BOKL,42,6,10,274.0,2740.0
2019-05-26,2019052601000613,BPCL,45,44,11,429.0,4719.0
2019-05-26,2019052601000434,BPCL,49,44,11,425.0,4675.0
2019-05-26,2019052601000341,BPCL,45,46,240,430.0,103200.0
2019-05-26,2019052601000333,BPCL,45,46,760,430.0,326800.0
2019-05-26,2019052601000701,CBL,40,17,350,148.0,51800.0
2019-05-26,2019052601000700,CBL,45,17,600,148.0,88800.0
2019-05-26,2019052601000699,CBL,26,17,100,148.0,14800.0
2019-05-26,2019052601000525,CCBL,45,17,77,168.0,12936.0
2019-05-26,2019052601000459,CHCL,41,41,80,538.0,43040.0
2019-05-26,2019052601000794,CHLBS,52,28,10,444.0,4440.0
2019-05-26,2019052601000735,CHLBS,58,58,10,445.0,4450.0
2019-05-26,2019052601000734,CHLBS,58,58,10,445.0,4450.0
2019-05-26,2019052601000659,CIT,49,8,10,2602.0,26020.0
2019-05-26,2019052601000405,CMF1,35,56,100,9.95,995.0
2019-05-26,2019052601000404,CMF1,35,54,100,9.95,995.0
2019-05-26,2019052601000562,DBBL,7,47,36,148.0,5328.0
2019-05-26,2019052601000561,DBBL,45,47,400,148.0,59200.0
2019-05-26,2019052601000560,DBBL,7,47,1000,149.0,149000.0
2019-05-26,2019052601000519,DBBL,46,28,669,149.0,99681.0
2019-05-26,2019052601000515,DBBL,48,28,200,149.0,29800.0
2019-05-26,2019052601000514,DBBL,17,28,50,149.0,7450.0
2019-05-26,2019052601000353,DBBL,7,11,100,150.0,15000.0
2019-05-26,2019052601000337,DBBL,7,58,900,150.0,135000.0
2019-05-26,2019052601000336,DBBL,38,58,100,150.0,15000.0
2019-05-26,2019052601000323,DBBL,7,58,1235,151.0,186485.0
2019-05-26,2019052601000299,DBBL,40,42,2968,150.0,445200.0
2019-05-26,2019052601000507,DBBL,46,28,303,150.0,45450.0
2019-05-26,2019052601000478,DBBL,46,34,45,150.0,6750.0
2019-05-26,2019052601000446,DBBL,46,58,152,150.0,22800.0
2019-05-26,2019052601000445,DBBL,17,58,50,150.0,7500.0
2019-05-26,2019052601000444,DBBL,7,58,798,150.0,119700.0
2019-05-26,2019052601000367,DBBL,7,11,202,150.0,30300.0
2019-05-26,2019052601000513,DBBL,7,28,2000,149.0,298000.0
2019-05-26,2019052601000512,DBBL,32,28,1000,149.0,149000.0
2019-05-26,2019052601000511,DBBL,17,28,100,149.0,14900.0
2019-05-26,2019052601000510,DBBL,41,28,5000,149.0,745000.0
2019-05-26,2019052601000509,DBBL,7,28,178,149.0,26522.0
2019-05-26,2019052601000508,DBBL,46,28,500,150.0,75000.0
2019-05-26,2019052601000494,GBIME,43,52,60,310.0,18600.0
2019-05-26,2019052601000552,GBLBS,39,29,300,379.0,113700.0
2019-05-26,2019052601000576,GHL,29,41,30,95.0,2850.0
2019-05-26,2019052601000526,GHL,29,53,20,95.0,1900.0
2019-05-26,2019052601000506,GHL,29,53,30,95.0,2850.0
2019-05-26,2019052601000672,HDL,38,46,50,1815.0,90750.0
2019-05-26,2019052601000649,HDL,49,58,100,1813.0,181300.0
2019-05-26,2019052601000648,HDL,49,58,100,1813.0,181300.0
2019-05-26,2019052601000647,HDL,32,58,100,1814.0,181400.0
2019-05-26,2019052601000584,HDL,38,45,200,1815.0,363000.0
2019-05-26,2019052601000583,HDL,57,45,200,1816.0,363200.0
2019-05-26,2019052601000343,HDL,57,58,200,1812.0,362400.0
2019-05-26,2019052601000342,HDL,25,58,50,1812.0,90600.0
2019-05-26,2019052601000310,HDL,48,58,10,1820.0,18200.0
2019-05-26,2019052601000582,HDL,52,45,30,1816.0,54480.0
2019-05-26,2019052601000581,HDL,13,45,100,1817.0,181700.0
2019-05-26,2019052601000553,HDL,42,45,50,1825.0,91250.0
2019-05-26,2019052601000480,HDL,22,45,100,1817.0,181700.0
2019-05-26,2019052601000436,HDL,45,58,20,1829.0,36580.0
2019-05-26,2019052601000408,HDL,16,45,1000,1812.0,1812000.0
2019-05-26,2019052601000780,HIDCL,49,6,157,169.0,26533.0
2019-05-26,2019052601000374,HIDCL,53,28,1000,170.0,170000.0
2019-05-26,2019052601000574,HPPL,1,1,20,180.0,3600.0
2019-05-26,2019052601000793,HURJA,58,34,1040,121.0,125840.0
2019-05-26,2019052601000792,HURJA,58,29,20,120.0,2400.0
2019-05-26,2019052601000791,HURJA,58,6,20,120.0,2400.0
2019-05-26,2019052601000790,HURJA,58,6,20,120.0,2400.0
2019-05-26,2019052601000789,HURJA,58,29,20,120.0,2400.0
2019-05-26,2019052601000788,HURJA,58,37,20,120.0,2400.0
2019-05-26,2019052601000304,HURJA,55,29,20,126.0,2520.0
2019-05-26,2019052601000303,HURJA,55,56,20,126.0,2520.0
2019-05-26,2019052601000302,HURJA,55,51,20,126.0,2520.0
2019-05-26,2019052601000301,HURJA,55,42,20,126.0,2520.0
2019-05-26,2019052601000298,HURJA,55,1,20,126.0,2520.0
2019-05-26,2019052601000331,HURJA,55,19,20,126.0,2520.0
2019-05-26,2019052601000330,HURJA,55,29,20,126.0,2520.0
2019-05-26,2019052601000322,HURJA,55,29,20,126.0,2520.0
2019-05-26,2019052601000319,HURJA,55,51,20,126.0,2520.0
2019-05-26,2019052601000312,HURJA,55,29,20,126.0,2520.0
2019-05-26,2019052601000309,HURJA,55,51,20,126.0,2520.0
2019-05-26,2019052601000358,HURJA,58,10,20,125.0,2500.0
2019-05-26,2019052601000356,HURJA,1,42,20,127.0,2540.0
2019-05-26,2019052601000355,HURJA,1,5,20,127.0,2540.0
2019-05-26,2019052601000354,HURJA,55,39,150,126.0,18900.0
2019-05-26,2019052601000350,HURJA,55,29,20,126.0,2520.0
2019-05-26,2019052601000349,HURJA,55,19,20,126.0,2520.0
2019-05-26,2019052601000382,HURJA,1,51,20,127.0,2540.0
2019-05-26,2019052601000381,HURJA,1,34,20,127.0,2540.0
2019-05-26,2019052601000377,HURJA,1,48,20,127.0,2540.0
2019-05-26,2019052601000376,HURJA,1,51,20,127.0,2540.0
2019-05-26,2019052601000375,HURJA,1,34,20,127.0,2540.0
2019-05-26,2019052601000366,HURJA,1,29,10,126.0,1260.0
2019-05-26,2019052601000410,HURJA,13,17,10,125.0,1250.0
2019-05-26,2019052601000401,HURJA,13,17,20,125.0,2500.0
2019-05-26,2019052601000399,HURJA,59,51,20,126.0,2520.0
2019-05-26,2019052601000398,HURJA,59,51,20,126.0,2520.0
2019-05-26,2019052601000394,HURJA,13,50,20,125.0,2500.0
2019-05-26,2019052601000386,HURJA,58,34,20,125.0,2500.0
2019-05-26,2019052601000429,HURJA,43,21,20,124.0,2480.0
2019-05-26,2019052601000425,HURJA,43,21,20,124.0,2480.0
2019-05-26,2019052601000423,HURJA,52,57,20,125.0,2500.0
2019-05-26,2019052601000414,HURJA,42,57,20,125.0,2500.0
2019-05-26,2019052601000412,HURJA,42,38,20,125.0,2500.0
2019-05-26,2019052601000411,HURJA,42,17,10,125.0,1250.0
2019-05-26,2019052601000449,HURJA,42,44,10,124.0,1240.0
2019-05-26,2019052601000443,HURJA,42,47,20,124.0,2480.0
2019-05-26,2019052601000442,HURJA,42,37,20,124.0,2480.0
2019-05-26,2019052601000441,HURJA,43,21,20,124.0,2480.0
2019-05-26,2019052601000435,HURJA,43,21,20,124.0,2480.0
2019-05-26,2019052601000433,HURJA,43,49,20,124.0,2480.0
2019-05-26,2019052601000461,HURJA,29,44,20,123.0,2460.0
2019-05-26,2019052601000460,HURJA,29,58,20,123.0,2460.0
2019-05-26,2019052601000454,HURJA,29,49,20,123.0,2460.0
2019-05-26,2019052601000453,HURJA,29,52,20,123.0,2460.0
2019-05-26,2019052601000452,HURJA,29,44,20,123.0,2460.0
2019-05-26,2019052601000451,HURJA,29,49,20,123.0,2460.0
2019-05-26,2019052601000485,HURJA,29,41,20,123.0,2460.0
2019-05-26,2019052601000479,HURJA,29,14,20,123.0,2460.0
2019-05-26,2019052601000475,HURJA,29,44,20,123.0,2460.0
2019-05-26,2019052601000466,HURJA,29,52,20,123.0,2460.0
2019-05-26,2019052601000465,HURJA,29,49,20,123.0,2460.0
2019-05-26,2019052601000464,HURJA,29,39,20,123.0,2460.0
2019-05-26,2019052601000548,HURJA,29,8,20,123.0,2460.0
2019-05-26,2019052601000547,HURJA,29,44,20,123.0,2460.0
2019-05-26,2019052601000533,HURJA,29,44,10,123.0,1230.0
2019-05-26,2019052601000517,HURJA,29,44,20,123.0,2460.0
2019-05-26,2019052601000500,HURJA,29,44,20,123.0,2460.0
2019-05-26,2019052601000488,HURJA,29,44,20,123.0,2460.0
2019-05-26,2019052601000565,HURJA,29,44,20,123.0,2460.0
2019-05-26,2019052601000558,HURJA,29,42,20,123.0,2460.0
2019-05-26,2019052601000557,HURJA,29,44,20,123.0,2460.0
2019-05-26,2019052601000555,HURJA,29,1,20,123.0,2460.0
2019-05-26,2019052601000554,HURJA,29,8,20,123.0,2460.0
2019-05-26,2019052601000551,HURJA,29,52,20,123.0,2460.0
2019-05-26,2019052601000597,HURJA,45,44,20,122.0,2440.0
2019-05-26,2019052601000590,HURJA,45,44,20,122.0,2440.0
2019-05-26,2019052601000579,HURJA,48,34,1000,123.0,123000.0
2019-05-26,2019052601000578,HURJA,42,34,50,123.0,6150.0
2019-05-26,2019052601000577,HURJA,29,34,410,123.0,50430.0
2019-05-26,2019052601000570,HURJA,29,44,20,123.0,2460.0
2019-05-26,2019052601000618,HURJA,45,42,20,122.0,2440.0
2019-05-26,2019052601000616,HURJA,45,29,20,122.0,2440.0
2019-05-26,2019052601000612,HURJA,45,44,20,122.0,2440.0
2019-05-26,2019052601000609,HURJA,45,41,20,122.0,2440.0
2019-05-26,2019052601000608,HURJA,45,33,20,122.0,2440.0
2019-05-26,2019052601000605,HURJA,45,44,20,122.0,2440.0
2019-05-26,2019052601000632,HURJA,45,25,20,122.0,2440.0
2019-05-26,2019052601000631,HURJA,45,44,20,122.0,2440.0
2019-05-26,2019052601000630,HURJA,45,29,20,122.0,2440.0
2019-05-26,2019052601000627,HURJA,45,26,30,122.0,3660.0
2019-05-26,2019052601000625,HURJA,45,44,20,122.0,2440.0
2019-05-26,2019052601000622,HURJA,45,44,20,122.0,2440.0
2019-05-26,2019052601000651,HURJA,45,26,20,122.0,2440.0
2019-05-26,2019052601000650,HURJA,45,41,20,122.0,2440.0
2019-05-26,2019052601000642,HURJA,45,34,20,122.0,2440.0
2019-05-26,2019052601000641,HURJA,45,29,20,122.0,2440.0
2019-05-26,2019052601000640,HURJA,45,44,20,122.0,2440.0
2019-05-26,2019052601000635,HURJA,45,41,20,122.0,2440.0
2019-05-26,2019052601000666,HURJA,45,25,20,122.0,2440.0
2019-05-26,2019052601000664,HURJA,45,29,20,122.0,2440.0
2019-05-26,2019052601000662,HURJA,45,41,20,122.0,2440.0
2019-05-26,2019052601000656,HURJA,45,41,20,122.0,2440.0
2019-05-26,2019052601000655,HURJA,45,34,20,122.0,2440.0
2019-05-26,2019052601000653,HURJA,45,14,20,122.0,2440.0
2019-05-26,2019052601000692,HURJA,45,42,20,122.0,2440.0
2019-05-26,2019052601000683,HURJA,45,44,20,122.0,2440.0
2019-05-26,2019052601000680,HURJA,45,42,20,122.0,2440.0
2019-05-26,2019052601000677,HURJA,45,34,20,122.0,2440.0
2019-05-26,2019052601000676,HURJA,45,25,20,122.0,2440.0
2019-05-26,2019052601000668,HURJA,45,25,20,122.0,2440.0
2019-05-26,2019052601000713,HURJA,42,34,50,122.0,6100.0
2019-05-26,2019052601000712,HURJA,45,34,1270,122.0,154940.0
2019-05-26,2019052601000711,HURJA,45,25,20,122.0,2440.0
2019-05-26,2019052601000710,HURJA,45,21,20,122.0,2440.0
2019-05-26,2019052601000708,HURJA,45,42,20,122.0,2440.0
2019-05-26,2019052601000697,HURJA,45,42,20,122.0,2440.0
2019-05-26,2019052601000719,HURJA,25,34,60,120.0,7200.0
2019-05-26,2019052601000718,HURJA,13,34,200,121.0,24200.0
2019-05-26,2019052601000717,HURJA,13,34,50,121.0,6050.0
2019-05-26,2019052601000716,HURJA,41,34,1000,121.0,121000.0
2019-05-26,2019052601000715,HURJA,54,34,50,121.0,6050.0
2019-05-26,2019052601000714,HURJA,3,34,100,122.0,12200.0
2019-05-26,2019052601000748,HURJA,40,16,20,119.0,2380.0
2019-05-26,2019052601000738,HURJA,40,44,20,119.0,2380.0
2019-05-26,2019052601000737,HURJA,40,25,20,119.0,2380.0
2019-05-26,2019052601000722,HURJA,13,34,100,120.0,12000.0
2019-05-26,2019052601000721,HURJA,51,34,1000,120.0,120000.0
2019-05-26,2019052601000720,HURJA,42,34,80,120.0,9600.0
2019-05-26,2019052601000764,HURJA,25,6,20,119.0,2380.0
2019-05-26,2019052601000763,HURJA,59,25,20,118.0,2360.0
2019-05-26,2019052601000759,HURJA,59,44,20,118.0,2360.0
2019-05-26,2019052601000755,HURJA,59,25,20,118.0,2360.0
2019-05-26,2019052601000752,HURJA,40,6,20,119.0,2380.0
2019-05-26,2019052601000749,HURJA,40,44,20,119.0,2380.0
2019-05-26,2019052601000787,HURJA,25,46,20,119.0,2380.0
2019-05-26,2019052601000786,HURJA,25,25,20,119.0,2380.0
2019-05-26,2019052601000785,HURJA,25,25,20,119.0,2380.0
2019-05-26,2019052601000781,HURJA,25,44,20,119.0,2380.0
2019-05-26,2019052601000777,HURJA,25,25,20,119.0,2380.0
2019-05-26,2019052601000767,HURJA,25,44,20,119.0,2380.0
2019-05-26,2019052601000744,JBBL,37,28,1000,153.0,153000.0
2019-05-26,2019052601000698,JBBL,46,58,100,154.0,15400.0
2019-05-26,2019052601000760,JBNL,32,10,500,213.0,106500.0
2019-05-26,2019052601000690,JBNL,45,10,31,213.0,6603.0
2019-05-26,2019052601000670,JBNL,6,10,354,213.0,75402.0
2019-05-26,2019052601000669,JBNL,6,29,146,213.0,31098.0
2019-05-26,2019052601000549,JBNL,59,56,200,212.0,42400.0
2019-05-26,2019052601000468,JBNL,41,48,500,213.0,106500.0
2019-05-26,2019052601000467,JBNL,41,7,204,213.0,43452.0
2019-05-26,2019052601000397,JBNL,25,37,200,213.0,42600.0
2019-05-26,2019052601000396,JBNL,25,48,500,213.0,106500.0
2019-05-26,2019052601000416,JOSHI,20,34,10,111.0,1110.0
2019-05-26,2019052601000415,JOSHI,20,34,10,111.0,1110.0
2019-05-26,2019052601000403,JOSHI,20,58,10,113.0,1130.0
2019-05-26,2019052601000402,JOSHI,20,25,20,113.0,2260.0
2019-05-26,2019052601000784,KBL,46,22,100,220.0,22000.0
2019-05-26,2019052601000783,KBL,46,40,50,220.0,11000.0
2019-05-26,2019052601000556,KBL,46,19,500,218.0,109000.0
2019-05-26,2019052601000361,KBL,37,28,50,219.0,10950.0
2019-05-26,2019052601000324,KKHC,5,5,16,73.0,1168.0
2019-05-26,2019052601000316,KPCL,40,57,10,94.0,940.0
2019-05-26,2019052601000689,KPCL,43,42,10,95.0,950.0
2019-05-26,2019052601000688,KPCL,43,42,10,95.0,950.0
2019-05-26,2019052601000682,KPCL,59,47,10,94.0,940.0
2019-05-26,2019052601000727,KPCL,43,57,10,96.0,960.0
2019-05-26,2019052601000726,KPCL,43,51,10,96.0,960.0
2019-05-26,2019052601000725,KPCL,43,51,10,96.0,960.0
2019-05-26,2019052601000604,LBBL,34,42,88,197.0,17336.0
2019-05-26,2019052601000596,LBBL,41,42,2000,198.0,396000.0
2019-05-26,2019052601000595,LBBL,48,42,250,199.0,49750.0
2019-05-26,2019052601000594,LBBL,41,42,100,199.0,19900.0
2019-05-26,2019052601000593,LBBL,34,42,562,199.0,111838.0
2019-05-26,2019052601000587,LBBL,34,1,38,199.0,7562.0
2019-05-26,2019052601000413,LBBL,33,47,300,203.0,60900.0
2019-05-26,2019052601000351,LBBL,49,33,100,205.0,20500.0
2019-05-26,2019052601000543,LBBL,39,42,500,201.0,100500.0
2019-05-26,2019052601000542,LBBL,57,42,174,202.0,35148.0
2019-05-26,2019052601000541,LBBL,35,42,500,202.0,101000.0
2019-05-26,2019052601000540,LBBL,59,42,150,202.0,30300.0
2019-05-26,2019052601000505,LBBL,32,40,250,203.0,50750.0
2019-05-26,2019052601000504,LBBL,33,40,200,203.0,40600.0
2019-05-26,2019052601000586,LBBL,51,1,24,200.0,4800.0
2019-05-26,2019052601000585,LBBL,38,1,138,201.0,27738.0
2019-05-26,2019052601000571,LBBL,38,42,62,201.0,12462.0
2019-05-26,2019052601000546,LBBL,51,42,476,200.0,95200.0
2019-05-26,2019052601000545,LBBL,45,42,100,200.0,20000.0
2019-05-26,2019052601000544,LBBL,46,42,100,200.0,20000.0
2019-05-26,2019052601000679,LLBS,19,17,100,746.0,74600.0
2019-05-26,2019052601000380,MBL,37,41,500,270.0,135000.0
2019-05-26,2019052601000779,MEGA,41,17,125,198.0,24750.0
2019-05-26,2019052601000746,MEGA,41,5,434,198.0,85932.0
2019-05-26,2019052601000745,MEGA,28,5,66,198.0,13068.0
2019-05-26,2019052601000524,MEGA,28,1,900,198.0,178200.0
2019-05-26,2019052601000483,MEGA,28,58,34,198.0,6732.0
2019-05-26,2019052601000482,MEGA,22,58,10,198.0,1980.0
2019-05-26,2019052601000481,MEGA,6,58,65,198.0,12870.0
2019-05-26,2019052601000407,MEGA,6,48,30,198.0,5940.0
2019-05-26,2019052601000391,MEGA,6,1,905,198.0,179190.0
2019-05-26,2019052601000390,MEGA,11,1,95,198.0,18810.0
2019-05-26,2019052601000371,MEGA,11,22,55,198.0,10890.0
2019-05-26,2019052601000370,MEGA,22,22,45,198.0,8910.0
2019-05-26,2019052601000566,MHNL,1,1,40,100.0,4000.0
2019-05-26,2019052601000652,MPFL,57,17,10,225.0,2250.0
2019-05-26,2019052601000629,MPFL,49,10,50,229.0,11450.0
2019-05-26,2019052601000592,MPFL,56,17,70,225.0,15750.0
2019-05-26,2019052601000559,MPFL,16,13,15,233.0,3495.0
2019-05-26,2019052601000496,MPFL,57,17,10,229.0,2290.0
2019-05-26,2019052601000495,MPFL,54,17,10,229.0,2290.0
2019-05-26,2019052601000487,MPFL,56,58,10,234.0,2340.0
2019-05-26,2019052601000486,MPFL,56,50,40,234.0,9360.0
2019-05-26,2019052601000311,MPFL,22,58,10,233.0,2330.0
2019-05-26,2019052601000709,NABIL,16,5,100,845.0,84500.0
2019-05-26,2019052601000516,NABIL,17,17,12,848.0,10176.0
2019-05-26,2019052601000427,NABIL,22,51,15,856.0,12840.0
2019-05-26,2019052601000422,NABIL,22,48,15,856.0,12840.0
2019-05-26,2019052601000306,NABIL,59,3,10,857.0,8570.0
2019-05-26,2019052601000385,NABILP,59,4,10,818.0,8180.0
2019-05-26,2019052601000620,NBB,50,14,50,226.0,11300.0
2019-05-26,2019052601000619,NBB,50,1,300,226.0,67800.0
2019-05-26,2019052601000663,NBL,42,43,450,342.0,153900.0
2019-05-26,2019052601000657,NBL,57,25,500,341.0,170500.0
2019-05-26,2019052601000603,NBL,56,43,50,342.0,17100.0
2019-05-26,2019052601000602,NBL,32,44,100,341.0,34100.0
2019-05-26,2019052601000601,NBL,32,54,60,341.0,20460.0
2019-05-26,2019052601000531,NBL,32,51,500,342.0,171000.0
2019-05-26,2019052601000321,NBL,32,56,1000,341.0,341000.0
2019-05-26,2019052601000317,NBL,47,34,500,340.0,170000.0
2019-05-26,2019052601000530,NBL,32,57,1000,342.0,342000.0
2019-05-26,2019052601000529,NBL,32,44,500,342.0,171000.0
2019-05-26,2019052601000503,NBL,20,16,1000,341.0,341000.0
2019-05-26,2019052601000502,NBL,20,16,1000,341.0,341000.0
2019-05-26,2019052601000477,NBL,32,56,1000,341.0,341000.0
2019-05-26,2019052601000476,NBL,32,50,500,341.0,170500.0
2019-05-26,2019052601000643,NCCB,32,29,22,262.0,5764.0
2019-05-26,2019052601000628,NCCB,32,29,22,262.0,5764.0
2019-05-26,2019052601000498,NCCB,44,38,50,263.0,13150.0
2019-05-26,2019052601000497,NCCB,41,38,31,263.0,8153.0
2019-05-26,2019052601000457,NCCB,41,47,469,263.0,123347.0
2019-05-26,2019052601000456,NCCB,44,47,150,263.0,39450.0
2019-05-26,2019052601000455,NCCB,1,47,181,263.0,47603.0
2019-05-26,2019052601000360,NCCB,1,6,19,263.0,4997.0
2019-05-26,2019052601000359,NCCB,42,6,350,263.0,92050.0
2019-05-26,2019052601000765,NIB,53,26,11,537.0,5907.0
2019-05-26,2019052601000463,NIB,14,26,10,537.0,5370.0
2019-05-26,2019052601000388,NIB,14,42,20,537.0,10740.0
2019-05-26,2019052601000387,NIB,55,42,26,537.0,13962.0
2019-05-26,2019052601000766,NICA,45,37,40,485.0,19400.0
2019-05-26,2019052601000686,NICA,45,47,100,484.0,48400.0
2019-05-26,2019052601000685,NICA,45,47,100,484.0,48400.0
2019-05-26,2019052601000684,NICA,1,47,50,484.0,24200.0
2019-05-26,2019052601000518,NICA,43,1,100,485.0,48500.0
2019-05-26,2019052601000313,NIL,34,39,50,522.0,26100.0
2019-05-26,2019052601000732,NLIC,45,28,35,937.0,32795.0
2019-05-26,2019052601000703,NLIC,42,45,10,940.0,9400.0
2019-05-26,2019052601000615,NLIC,45,45,40,940.0,37600.0
2019-05-26,2019052601000550,NLIC,52,45,28,940.0,26320.0
2019-05-26,2019052601000775,NMBMF,11,11,100,1113.0,111300.0
2019-05-26,2019052601000743,NMBMF,40,5,45,1092.0,49140.0
2019-05-26,2019052601000740,NMBMF,40,28,34,1092.0,37128.0
2019-05-26,2019052601000489,NMBMF,40,37,50,1114.0,55700.0
2019-05-26,2019052601000473,NMBMF,40,43,90,1114.0,100260.0
2019-05-26,2019052601000472,NMBMF,40,52,20,1114.0,22280.0
2019-05-26,2019052601000471,NMBMF,40,28,50,1113.0,55650.0
2019-05-26,2019052601000470,NMBMF,40,17,20,1113.0,22260.0
2019-05-26,2019052601000469,NMBMF,40,18,50,1113.0,55650.0
2019-05-26,2019052601000646,NTC,42,38,49,735.0,36015.0
2019-05-26,2019052601000645,NTC,49,38,100,735.0,73500.0
2019-05-26,2019052601000644,NTC,42,38,251,735.0,184485.0
2019-05-26,2019052601000493,NTC,42,25,49,735.0,36015.0
2019-05-26,2019052601000492,NTC,26,25,51,736.0,37536.0
2019-05-26,2019052601000424,NTC,42,53,500,737.0,368500.0
2019-05-26,2019052601000305,NTC,43,45,50,745.0,37250.0
2019-05-26,2019052601000658,OHL,43,1,300,683.0,204900.0
2019-05-26,2019052601000724,PCBL,52,56,200,315.0,63000.0
2019-05-26,2019052601000450,PCBL,47,35,500,317.0,158500.0
2019-05-26,2019052601000335,PCBL,22,47,100,322.0,32200.0
2019-05-26,2019052601000325,PFL,28,57,26,138.0,3588.0
2019-05-26,2019052601000758,PIC,28,28,11,1200.0,13200.0
2019-05-26,2019052601000757,PIC,28,44,11,1200.0,13200.0
2019-05-26,2019052601000756,PIC,28,44,11,1200.0,13200.0
2019-05-26,2019052601000329,PMHPL,49,57,10,113.0,1130.0
2019-05-26,2019052601000660,PRVU,5,34,11,277.0,3047.0
2019-05-26,2019052601000639,PRVU,42,34,450,277.0,124650.0
2019-05-26,2019052601000638,PRVU,51,34,100,277.0,27700.0
2019-05-26,2019052601000637,PRVU,43,34,100,277.0,27700.0
2019-05-26,2019052601000636,PRVU,32,34,39,277.0,10803.0
2019-05-26,2019052601000617,PRVU,32,34,61,277.0,16897.0
2019-05-26,2019052601000611,PRVU,32,34,400,277.0,110800.0
2019-05-26,2019052601000392,PRVU,32,43,250,279.0,69750.0
2019-05-26,2019052601000379,PRVU,19,43,250,279.0,69750.0
2019-05-26,2019052601000378,PRVU,19,35,150,277.0,41550.0
2019-05-26,2019052601000345,PRVU,6,35,150,277.0,41550.0
2019-05-26,2019052601000675,RLFL,40,58,1500,141.0,211500.0
2019-05-26,2019052601000499,RLFL,28,39,1950,142.0,276900.0
2019-05-26,2019052601000491,RLFL,28,52,50,142.0,7100.0
2019-05-26,2019052601000438,RLFL,3,58,20,143.0,2860.0
2019-05-26,2019052601000437,RLFL,3,28,50,143.0,7150.0
2019-05-26,2019052601000782,RRHP,59,17,10,96.0,960.0
2019-05-26,2019052601000474,RRHP,59,44,10,96.0,960.0
2019-05-26,2019052601000564,SBL,43,20,27,333.0,8991.0
2019-05-26,2019052601000753,SCB,16,28,20,680.0,13600.0
2019-05-26,2019052601000573,SEF,56,57,200,9.9,1980.0
2019-05-26,2019052601000762,SHIVM,29,59,50,549.0,27450.0
2019-05-26,2019052601000761,SHIVM,29,28,120,548.0,65760.0
2019-05-26,2019052601000754,SHIVM,39,17,50,547.0,27350.0
2019-05-26,2019052601000751,SHIVM,44,49,50,545.0,27250.0
2019-05-26,2019052601000614,SHIVM,45,35,30,543.0,16290.0
2019-05-26,2019052601000572,SHIVM,45,28,50,548.0,27400.0
2019-05-26,2019052601000339,SHIVM,45,52,20,545.0,10900.0
2019-05-26,2019052601000338,SHIVM,45,45,50,545.0,27250.0
2019-05-26,2019052601000315,SHIVM,39,45,50,545.0,27250.0
2019-05-26,2019052601000365,SHIVM,44,41,450,542.0,243900.0
2019-05-26,2019052601000364,SHIVM,35,41,110,543.0,59730.0
2019-05-26,2019052601000363,SHIVM,22,41,10,543.0,5430.0
2019-05-26,2019052601000362,SHIVM,16,41,350,544.0,190400.0
2019-05-26,2019052601000340,SHIVM,45,54,15,545.0,8175.0
2019-05-26,2019052601000520,SHIVM,33,51,20,543.0,10860.0
2019-05-26,2019052601000501,SHIVM,33,45,30,543.0,16290.0
2019-05-26,2019052601000417,SHIVM,33,16,50,543.0,27150.0
2019-05-26,2019052601000400,SHIVM,11,22,50,544.0,27200.0
2019-05-26,2019052601000369,SHIVM,1,41,30,542.0,16260.0
2019-05-26,2019052601000368,SHIVM,6,41,10,542.0,5420.0
2019-05-26,2019052601000569,SHIVM,45,28,130,548.0,71240.0
2019-05-26,2019052601000568,SHIVM,45,22,50,547.0,27350.0
2019-05-26,2019052601000567,SHIVM,45,22,50,547.0,27350.0
2019-05-26,2019052601000536,SHIVM,45,35,50,543.0,27150.0
2019-05-26,2019052601000527,SHIVM,45,14,50,543.0,27150.0
2019-05-26,2019052601000521,SHIVM,45,51,30,543.0,16290.0
2019-05-26,2019052601000731,SHL,26,48,100,253.0,25300.0
2019-05-26,2019052601000705,SHL,53,48,1000,253.0,253000.0
2019-05-26,2019052601000624,SHL,43,55,300,249.0,74700.0
2019-05-26,2019052601000623,SHL,43,11,100,249.0,24900.0
2019-05-26,2019052601000563,SHL,57,11,200,249.0,49800.0
2019-05-26,2019052601000326,SICL,44,44,851,861.0,732711.0
2019-05-26,2019052601000484,SLBSL,52,44,10,553.0,5530.0
2019-05-26,2019052601000736,SLICL,45,34,10,595.0,5950.0
2019-05-26,2019052601000589,SLICL,32,58,100,590.0,59000.0
2019-05-26,2019052601000588,SLICL,6,58,50,590.0,29500.0
2019-05-26,2019052601000389,UMHL,5,5,23,119.0,2737.0
2019-05-26,2019052601000778,UPCL,3,17,50,96.0,4800.0
2019-05-26,2019052601000702,UPCL,3,42,50,96.0,4800.0
2019-05-26,2019052601000773,UPPER,34,34,1796,283.0,508268.0
2019-05-26,2019052601000772,UPPER,26,34,40,283.0,11320.0
2019-05-26,2019052601000771,UPPER,43,34,2000,283.0,566000.0
2019-05-26,2019052601000770,UPPER,43,34,1500,283.0,424500.0
2019-05-26,2019052601000769,UPPER,26,34,50,283.0,14150.0
2019-05-26,2019052601000768,UPPER,43,34,614,283.0,173762.0
2019-05-26,2019052601000314,UPPER,58,38,50,285.0,14250.0
2019-05-26,2019052601000308,UPPER,48,59,415,287.0,119105.0
2019-05-26,2019052601000307,UPPER,48,34,100,286.0,28600.0
2019-05-26,2019052601000295,UPPER,53,34,1000,286.0,286000.0
2019-05-26,2019052601000334,UPPER,48,36,40,286.0,11440.0
2019-05-26,2019052601000332,UPPER,48,38,50,286.0,14300.0
2019-05-26,2019052601000328,UPPER,48,42,40,286.0,11440.0
2019-05-26,2019052601000327,UPPER,48,38,50,286.0,14300.0
2019-05-26,2019052601000318,UPPER,48,38,50,286.0,14300.0
2019-05-26,2019052601000373,UPPER,48,34,720,286.0,205920.0
2019-05-26,2019052601000372,UPPER,32,34,10,287.0,2870.0
2019-05-26,2019052601000357,UPPER,32,57,40,287.0,11480.0
2019-05-26,2019052601000348,UPPER,7,34,163,288.0,46944.0
2019-05-26,2019052601000347,UPPER,7,59,37,287.0,10619.0
2019-05-26,2019052601000346,UPPER,48,36,50,286.0,14300.0
2019-05-26,2019052601000418,UPPER,58,57,145,285.0,41325.0
2019-05-26,2019052601000409,UPPER,58,13,205,285.0,58425.0
2019-05-26,2019052601000406,UPPER,58,41,40,285.0,11400.0
2019-05-26,2019052601000395,UPPER,58,39,50,285.0,14250.0
2019-05-26,2019052601000393,UPPER,20,34,95,286.0,27170.0
2019-05-26,2019052601000384,UPPER,58,39,40,285.0,11400.0
2019-05-26,2019052601000431,UPPER,43,34,1500,284.0,426000.0
2019-05-26,2019052601000430,UPPER,34,34,1000,284.0,284000.0
2019-05-26,2019052601000428,UPPER,21,1,16,285.0,4560.0
2019-05-26,2019052601000426,UPPER,21,34,49,285.0,13965.0
2019-05-26,2019052601000420,UPPER,21,57,95,285.0,27075.0
2019-05-26,2019052601000419,UPPER,33,57,200,285.0,57000.0
2019-05-26,2019052601000532,UPPER,8,38,50,284.0,14200.0
2019-05-26,2019052601000523,UPPER,43,16,684,283.0,193572.0
2019-05-26,2019052601000522,UPPER,11,16,316,284.0,89744.0
2019-05-26,2019052601000490,UPPER,11,1,184,284.0,52256.0
2019-05-26,2019052601000447,UPPER,49,49,404,284.0,114736.0
2019-05-26,2019052601000432,UPPER,43,34,1000,284.0,284000.0
2019-05-26,2019052601000607,UPPER,43,16,50,283.0,14150.0
2019-05-26,2019052601000606,UPPER,43,38,50,283.0,14150.0
2019-05-26,2019052601000600,UPPER,43,38,50,283.0,14150.0
2019-05-26,2019052601000580,UPPER,43,40,40,283.0,11320.0
2019-05-26,2019052601000535,UPPER,43,38,212,283.0,59996.0
2019-05-26,2019052601000534,UPPER,8,38,38,284.0,10792.0
2019-05-26,2019052601000671,UPPER,43,41,50,283.0,14150.0
2019-05-26,2019052601000667,UPPER,1,45,500,284.0,142000.0
2019-05-26,2019052601000665,UPPER,43,44,50,283.0,14150.0
2019-05-26,2019052601000634,UPPER,35,49,50,284.0,14200.0
2019-05-26,2019052601000633,UPPER,43,1,40,283.0,11320.0
2019-05-26,2019052601000621,UPPER,43,1,50,283.0,14150.0
2019-05-26,2019052601000681,UPPER,43,38,50,283.0,14150.0
2019-05-26,2019052601000678,UPPER,43,57,50,283.0,14150.0
2019-05-26,2019052601000674,UPPER,43,47,40,283.0,11320.0
2019-05-26,2019052601000704,UPPER,43,47,40,283.0,11320.0
2019-05-26,2019052601000696,UPPER,43,41,40,283.0,11320.0
2019-05-26,2019052601000695,UPPER,43,38,16,283.0,4528.0
2019-05-26,2019052601000694,UPPER,43,38,34,283.0,9622.0
2019-05-26,2019052601000693,UPPER,52,45,110,284.0,31240.0
2019-05-26,2019052601000691,UPPER,43,38,50,283.0,14150.0
2019-05-26,2019052601000728,UPPER,7,45,40,284.0,11360.0
2019-05-26,2019052601000707,UPPER,43,38,50,283.0,14150.0
2019-05-26,2019052601000706,UPPER,43,44,40,283.0,11320.0
2019-05-26,2019052601000750,UPPER,43,38,50,283.0,14150.0
2019-05-26,2019052601000747,UPPER,43,38,50,283.0,14150.0
2019-05-26,2019052601000739,UPPER,43,38,50,283.0,14150.0
2019-05-26,2019052601000733,UPPER,43,38,50,283.0,14150.0
2019-05-26,2019052601000730,UPPER,7,34,110,284.0,31240.0
2019-05-26,2019052601000729,UPPER,7,42,50,284.0,14200.0
2019-05-26,2019052601000344,VLBS,5,5,10,566.0,5660.0
2019-05-26,2019052601003633,ADBL,49,19,100,428.0,42800.0
2019-05-26,2019052601003632,ADBL,4,19,300,428.0,128400.0
2019-05-26,2019052601003487,ADBL,21,48,100,428.0,42800.0
2019-05-26,2019052601003401,ADBL,48,42,1000,428.0,428000.0
2019-05-26,2019052601003400,ADBL,45,42,200,428.0,85600.0
2019-05-26,2019052601003399,ADBL,52,42,10,428.0,4280.0
2019-05-26,2019052601003363,ADBL,53,14,40,429.0,17160.0
2019-05-26,2019052601003398,ADBL,59,42,500,428.0,214000.0
2019-05-26,2019052601003397,ADBL,58,42,10,428.0,4280.0
2019-05-26,2019052601003396,ADBL,53,42,119,429.0,51051.0
2019-05-26,2019052601003386,ADBL,53,14,302,429.0,129558.0
2019-05-26,2019052601003385,ADBL,53,14,119,429.0,51051.0
2019-05-26,2019052601003364,ADBL,53,14,381,429.0,163449.0
2019-05-26,2019052601003344,AHPC,43,25,61,112.0,6832.0
2019-05-26,2019052601003343,AHPC,43,34,575,112.0,64400.0
2019-05-26,2019052601003758,AKJCL,1,44,20,81.0,1620.0
2019-05-26,2019052601003654,AKJCL,1,59,20,81.0,1620.0
2019-05-26,2019052601003588,AKJCL,1,46,20,81.0,1620.0
2019-05-26,2019052601003587,AKJCL,1,38,20,81.0,1620.0
2019-05-26,2019052601003586,AKJCL,1,38,20,81.0,1620.0
2019-05-26,2019052601003585,AKJCL,1,25,10,81.0,810.0
2019-05-26,2019052601003584,AKJCL,1,38,10,81.0,810.0
2019-05-26,2019052601003552,AKPL,57,55,28,198.0,5544.0
2019-05-26,2019052601003551,AKPL,56,55,72,198.0,14256.0
2019-05-26,2019052601003350,AKPL,56,57,13,198.0,2574.0
2019-05-26,2019052601003767,ALBSL,41,7,10,442.0,4420.0
2019-05-26,2019052601003631,ALBSL,56,56,10,443.0,4430.0
2019-05-26,2019052601003611,ALBSL,41,47,10,442.0,4420.0
2019-05-26,2019052601003517,ALBSL,41,47,10,442.0,4420.0
2019-05-26,2019052601003366,ALBSL,57,38,10,441.0,4410.0
2019-05-26,2019052601003489,API,57,55,347,162.0,56214.0
2019-05-26,2019052601003488,API,57,37,253,162.0,40986.0
2019-05-26,2019052601003432,BARUN,1,7,10,98.0,980.0
2019-05-26,2019052601003431,BARUN,1,7,10,98.0,980.0
2019-05-26,2019052601003684,BPCL,45,47,407,426.0,173382.0
2019-05-26,2019052601003418,BPCL,45,42,250,428.0,107000.0
2019-05-26,2019052601003417,BPCL,45,21,100,427.0,42700.0
2019-05-26,2019052601003416,BPCL,45,10,200,426.0,85200.0
2019-05-26,2019052601003794,CBL,13,13,353,147.0,51891.0
2019-05-26,2019052601003793,CBL,8,13,647,147.0,95109.0
2019-05-26,2019052601003683,CBL,8,13,853,147.0,125391.0
2019-05-26,2019052601003682,CBL,8,13,700,147.0,102900.0
2019-05-26,2019052601003681,CBL,45,13,100,147.0,14700.0
2019-05-26,2019052601003680,CBL,46,13,565,147.0,83055.0
2019-05-26,2019052601003679,CBL,25,13,500,147.0,73500.0
2019-05-26,2019052601003678,CBL,58,13,100,147.0,14700.0
2019-05-26,2019052601003677,CBL,59,13,100,147.0,14700.0
2019-05-26,2019052601003676,CBL,41,13,550,147.0,80850.0
2019-05-26,2019052601003675,CBL,26,13,32,147.0,4704.0
2019-05-26,2019052601003655,CCBL,41,32,19,169.0,3211.0
2019-05-26,2019052601003297,CCBL,41,38,10,169.0,1690.0
2019-05-26,2019052601003532,CHCL,35,10,19,534.0,10146.0
2019-05-26,2019052601003516,CHLBS,42,38,10,446.0,4460.0
2019-05-26,2019052601003355,CHLBS,7,42,10,450.0,4500.0
2019-05-26,2019052601003354,CHLBS,7,39,10,450.0,4500.0
2019-05-26,2019052601003353,CHLBS,7,7,10,446.0,4460.0
2019-05-26,2019052601003352,CHLBS,7,38,10,446.0,4460.0
2019-05-26,2019052601003340,CHLBS,7,22,10,445.0,4450.0
2019-05-26,2019052601003620,CMF1,35,52,1000,9.95,9950.0
2019-05-26,2019052601003374,CZBIL,56,17,10,230.0,2300.0
2019-05-26,2019052601003373,CZBIL,56,14,990,230.0,227700.0
2019-05-26,2019052601003358,CZBIL,45,22,10,228.0,2280.0
2019-05-26,2019052601003347,DBBL,41,17,1150,149.0,171350.0
2019-05-26,2019052601003341,DBBL,6,17,10,149.0,1490.0
2019-05-26,2019052601003309,DBBL,46,17,19,149.0,2831.0
2019-05-26,2019052601003671,EBL,49,4,100,666.0,66600.0
2019-05-26,2019052601003486,EBL,42,58,980,665.0,651700.0
2019-05-26,2019052601003485,EBL,6,58,20,665.0,13300.0
2019-05-26,2019052601003541,FMDBL,45,51,50,410.0,20500.0
2019-05-26,2019052601003540,FMDBL,45,41,360,410.0,147600.0
2019-05-26,2019052601003539,FMDBL,45,1,20,408.0,8160.0
2019-05-26,2019052601003765,GBBL,13,10,300,223.0,66900.0
2019-05-26,2019052601003764,GBBL,49,10,200,223.0,44600.0
2019-05-26,2019052601003430,GBBL,49,10,300,223.0,66900.0
2019-05-26,2019052601003429,GBBL,6,10,1000,223.0,223000.0
2019-05-26,2019052601003428,GBBL,26,10,200,223.0,44600.0
2019-05-26,2019052601003708,GBIME,32,52,60,309.0,18540.0
2019-05-26,2019052601003707,GBIME,32,19,79,309.0,24411.0
2019-05-26,2019052601003706,GBIME,32,41,11,309.0,3399.0
2019-05-26,2019052601003356,GBIME,58,25,79,307.0,24253.0
2019-05-26,2019052601003526,GBLBS,6,34,190,382.0,72580.0
2019-05-26,2019052601003333,GBLBS,55,10,20,380.0,7600.0
2019-05-26,2019052601003735,GILB,19,21,17,1376.0,23392.0
2019-05-26,2019052601003734,GILB,19,14,20,1376.0,27520.0
2019-05-26,2019052601003733,GILB,19,1,16,1376.0,22016.0
2019-05-26,2019052601003561,GILB,58,26,200,1376.0,275200.0
2019-05-26,2019052601003515,GILB,58,57,28,1376.0,38528.0
2019-05-26,2019052601003514,GILB,58,1,21,1376.0,28896.0
2019-05-26,2019052601003456,GILB,58,10,10,1370.0,13700.0
2019-05-26,2019052601003424,GILB,58,11,35,1330.0,46550.0
2019-05-26,2019052601003415,GILB,21,21,2,1330.0,2660.0
2019-05-26,2019052601003462,GILB,58,25,100,1376.0,137600.0
2019-05-26,2019052601003461,GILB,58,22,20,1376.0,27520.0
2019-05-26,2019052601003460,GILB,58,1,21,1376.0,28896.0
2019-05-26,2019052601003459,GILB,58,53,20,1376.0,27520.0
2019-05-26,2019052601003458,GILB,58,57,57,1375.0,78375.0
2019-05-26,2019052601003457,GILB,58,22,50,1375.0,68750.0
2019-05-26,2019052601003513,GILB,58,26,100,1376.0,137600.0
2019-05-26,2019052601003512,GILB,58,1,21,1376.0,28896.0
2019-05-26,2019052601003511,GILB,58,1,21,1376.0,28896.0
2019-05-26,2019052601003510,GILB,58,57,100,1376.0,137600.0
2019-05-26,2019052601003509,GILB,58,43,38,1375.0,52250.0
2019-05-26,2019052601003463,GILB,58,25,11,1376.0,15136.0
2019-05-26,2019052601003357,GLICL,58,42,82,552.0,45264.0
2019-05-26,2019052601003338,GLICL,57,42,100,552.0,55200.0
2019-05-26,2019052601003410,GUFL,6,10,10,116.0,1160.0
2019-05-26,2019052601003624,HDL,55,58,200,1780.0,356000.0
2019-05-26,2019052601003623,HDL,22,58,100,1781.0,178100.0
2019-05-26,2019052601003622,HDL,56,58,20,1784.0,35680.0
2019-05-26,2019052601003546,HDL,21,42,50,1785.0,89250.0
2019-05-26,2019052601003545,HDL,52,42,20,1786.0,35720.0
2019-05-26,2019052601003544,HDL,39,42,30,1787.0,53610.0
2019-05-26,2019052601003628,HIDCL,42,42,51,168.0,8568.0
2019-05-26,2019052601003627,HIDCL,42,38,364,168.0,61152.0
2019-05-26,2019052601003491,HIDCL,19,38,1439,168.0,241752.0
2019-05-26,2019052601003490,HIDCL,19,43,61,167.0,10187.0
2019-05-26,2019052601003533,HPPL,1,59,20,182.0,3640.0
2019-05-26,2019052601003390,HPPL,14,46,10,181.0,1810.0
2019-05-26,2019052601003389,HPPL,14,38,20,181.0,3620.0
2019-05-26,2019052601003715,HURJA,25,38,100,130.0,13000.0
2019-05-26,2019052601003685,HURJA,34,57,20,132.0,2640.0
2019-05-26,2019052601003670,HURJA,34,51,20,130.0,2600.0
2019-05-26,2019052601003669,HURJA,34,43,20,130.0,2600.0
2019-05-26,2019052601003664,HURJA,34,45,20,129.0,2580.0
2019-05-26,2019052601003663,HURJA,34,19,20,128.0,2560.0
2019-05-26,2019052601003328,HURJA,42,38,190,123.0,23370.0
2019-05-26,2019052601003327,HURJA,6,38,190,123.0,23370.0
2019-05-26,2019052601003326,HURJA,17,38,100,123.0,12300.0
2019-05-26,2019052601003481,HURJA,21,51,20,124.0,2480.0
2019-05-26,2019052601003475,HURJA,42,43,20,123.0,2460.0
2019-05-26,2019052601003464,HURJA,42,41,20,123.0,2460.0
2019-05-26,2019052601003447,HURJA,42,41,20,123.0,2460.0
2019-05-26,2019052601003369,HURJA,50,56,20,125.0,2500.0
2019-05-26,2019052601003345,HURJA,48,38,480,124.0,59520.0
2019-05-26,2019052601003602,HURJA,55,25,20,126.0,2520.0
2019-05-26,2019052601003601,HURJA,55,25,20,126.0,2520.0
2019-05-26,2019052601003567,HURJA,34,36,10,125.0,1250.0
2019-05-26,2019052601003558,HURJA,34,43,20,125.0,2500.0
2019-05-26,2019052601003550,HURJA,34,43,20,125.0,2500.0
2019-05-26,2019052601003543,HURJA,34,59,20,125.0,2500.0
2019-05-26,2019052601003641,HURJA,34,16,20,127.0,2540.0
2019-05-26,2019052601003640,HURJA,34,16,20,127.0,2540.0
2019-05-26,2019052601003639,HURJA,34,52,20,126.0,2520.0
2019-05-26,2019052601003638,HURJA,34,56,20,126.0,2520.0
2019-05-26,2019052601003637,HURJA,34,56,20,126.0,2520.0
2019-05-26,2019052601003603,HURJA,55,51,10,126.0,1260.0
2019-05-26,2019052601003647,HURJA,34,51,20,127.0,2540.0
2019-05-26,2019052601003646,HURJA,34,16,20,127.0,2540.0
2019-05-26,2019052601003645,HURJA,34,16,20,127.0,2540.0
2019-05-26,2019052601003644,HURJA,34,16,20,127.0,2540.0
2019-05-26,2019052601003643,HURJA,34,43,20,127.0,2540.0
2019-05-26,2019052601003642,HURJA,34,16,10,127.0,1270.0
2019-05-26,2019052601003656,HURJA,34,29,20,128.0,2560.0
2019-05-26,2019052601003652,HURJA,34,51,20,127.0,2540.0
2019-05-26,2019052601003651,HURJA,34,16,20,127.0,2540.0
2019-05-26,2019052601003650,HURJA,34,16,20,127.0,2540.0
2019-05-26,2019052601003649,HURJA,34,16,20,127.0,2540.0
2019-05-26,2019052601003648,HURJA,34,16,20,127.0,2540.0
2019-05-26,2019052601003662,HURJA,34,19,20,128.0,2560.0
2019-05-26,2019052601003661,HURJA,34,16,20,128.0,2560.0
2019-05-26,2019052601003660,HURJA,34,19,20,128.0,2560.0
2019-05-26,2019052601003659,HURJA,34,43,20,128.0,2560.0
2019-05-26,2019052601003658,HURJA,34,43,20,128.0,2560.0
2019-05-26,2019052601003657,HURJA,34,29,20,128.0,2560.0
2019-05-26,2019052601003554,ICFC,6,10,26,162.0,4212.0
2019-05-26,2019052601003600,JBBL,36,51,53,154.0,8162.0
2019-05-26,2019052601003599,JBBL,36,59,56,154.0,8624.0
2019-05-26,2019052601003367,JBBL,36,17,17,154.0,2618.0
2019-05-26,2019052601003335,JBBL,45,52,691,153.0,105723.0
2019-05-26,2019052601003334,JBBL,1,52,209,153.0,31977.0
2019-05-26,2019052601003305,JBBL,1,58,46,153.0,7038.0
2019-05-26,2019052601003720,JBNL,16,16,331,211.0,69841.0
2019-05-26,2019052601003619,JBNL,19,42,105,210.0,22050.0
2019-05-26,2019052601003618,JBNL,42,42,500,210.0,105000.0
2019-05-26,2019052601003617,JBNL,5,42,1000,210.0,210000.0
2019-05-26,2019052601003616,JBNL,10,42,1000,210.0,210000.0
2019-05-26,2019052601003615,JBNL,57,42,100,210.0,21000.0
2019-05-26,2019052601003323,JBNL,44,25,200,212.0,42400.0
2019-05-26,2019052601003322,JBNL,44,50,28,212.0,5936.0
2019-05-26,2019052601003308,JBNL,6,38,10,211.0,2110.0
2019-05-26,2019052601003571,JBNL,6,42,726,211.0,153186.0
2019-05-26,2019052601003479,JBNL,16,38,400,212.0,84800.0
2019-05-26,2019052601003478,JBNL,16,50,100,212.0,21200.0
2019-05-26,2019052601003404,JBNL,36,50,500,212.0,106000.0
2019-05-26,2019052601003325,JBNL,44,47,1568,212.0,332416.0
2019-05-26,2019052601003324,JBNL,44,14,50,212.0,10600.0
2019-05-26,2019052601003614,JBNL,6,42,3000,210.0,630000.0
2019-05-26,2019052601003613,JBNL,26,42,30,210.0,6300.0
2019-05-26,2019052601003612,JBNL,38,42,900,210.0,189000.0
2019-05-26,2019052601003574,JBNL,25,42,600,211.0,126600.0
2019-05-26,2019052601003573,JBNL,49,42,100,211.0,21100.0
2019-05-26,2019052601003572,JBNL,44,42,2000,211.0,422000.0
2019-05-26,2019052601003772,KBL,48,21,37,218.0,8066.0
2019-05-26,2019052601003771,KBL,52,21,200,218.0,43600.0
2019-05-26,2019052601003770,KBL,6,21,100,218.0,21800.0
2019-05-26,2019052601003769,KBL,50,21,50,218.0,10900.0
2019-05-26,2019052601003768,KBL,32,21,313,218.0,68234.0
2019-05-26,2019052601003763,KBL,32,28,187,218.0,40766.0
2019-05-26,2019052601003762,KBL,6,28,313,218.0,68234.0
2019-05-26,2019052601003725,KBL,6,50,187,218.0,40766.0
2019-05-26,2019052601003635,KBL,16,4,300,219.0,65700.0
2019-05-26,2019052601003634,KBL,16,33,200,219.0,43800.0
2019-05-26,2019052601003391,KBL,28,33,200,219.0,43800.0
2019-05-26,2019052601003384,KBL,46,19,100,220.0,22000.0
2019-05-26,2019052601003783,KSBBL,48,38,100,158.0,15800.0
2019-05-26,2019052601003621,KSBBL,29,38,1200,158.0,189600.0
2019-05-26,2019052601003789,LBBL,53,58,220,201.0,44220.0
2019-05-26,2019052601003691,LBBL,13,52,150,203.0,30450.0
2019-05-26,2019052601003690,LBBL,13,42,10,202.0,2020.0
2019-05-26,2019052601003474,LBBL,52,42,490,202.0,98980.0
2019-05-26,2019052601003473,LBBL,19,42,2000,202.0,404000.0
2019-05-26,2019052601003472,LBBL,13,42,500,202.0,101000.0
2019-05-26,2019052601003406,LBBL,42,52,10,203.0,2030.0
2019-05-26,2019052601003365,LBBL,6,51,100,204.0,20400.0
2019-05-26,2019052601003718,LBL,42,21,128,222.0,28416.0
2019-05-26,2019052601003717,LBL,17,21,300,222.0,66600.0
2019-05-26,2019052601003716,LBL,52,21,72,222.0,15984.0
2019-05-26,2019052601003476,LBL,42,59,593,223.0,132239.0
2019-05-26,2019052601003435,LBL,57,59,600,223.0,133800.0
2019-05-26,2019052601003775,LGIL,21,59,175,508.0,88900.0
2019-05-26,2019052601003773,LGIL,22,59,50,508.0,25400.0
2019-05-26,2019052601003710,MBL,14,32,500,270.0,135000.0
2019-05-26,2019052601003564,MBL,34,10,263,269.0,70747.0
2019-05-26,2019052601003778,MEGA,22,57,100,198.0,19800.0
2019-05-26,2019052601003713,MEGA,54,10,685,197.0,134945.0
2019-05-26,2019052601003712,MEGA,47,10,603,197.0,118791.0
2019-05-26,2019052601003538,MEGA,47,10,10,197.0,1970.0
2019-05-26,2019052601003349,MEGA,47,4,131,197.0,25807.0
2019-05-26,2019052601003348,MEGA,47,55,109,197.0,21473.0
2019-05-26,2019052601003321,MEGA,47,38,10,197.0,1970.0
2019-05-26,2019052601003318,MEGA,47,42,137,197.0,26989.0
2019-05-26,2019052601003317,MEGA,47,42,106,197.0,20882.0
2019-05-26,2019052601003653,MHNL,55,10,40,104.0,4160.0
2019-05-26,2019052601003625,MHNL,55,38,40,103.0,4120.0
2019-05-26,2019052601003568,MHNL,59,59,30,102.0,3060.0
2019-05-26,2019052601003381,MHNL,59,26,30,102.0,3060.0
2019-05-26,2019052601003368,MHNL,59,26,30,102.0,3060.0
2019-05-26,2019052601003359,MHNL,59,26,30,102.0,3060.0
2019-05-26,2019052601003412,MPFL,37,58,30,225.0,6750.0
2019-05-26,2019052601003563,MSLB,52,28,23,1058.0,24334.0
2019-05-26,2019052601003562,MSLB,52,28,23,1058.0,24334.0
2019-05-26,2019052601003729,NABILP,34,21,50,805.0,40250.0
2019-05-26,2019052601003728,NABILP,59,21,50,805.0,40250.0
2019-05-26,2019052601003531,NABILP,34,28,20,805.0,16100.0
2019-05-26,2019052601003530,NABILP,41,28,50,805.0,40250.0
2019-05-26,2019052601003370,NABILP,32,43,84,811.0,68124.0
2019-05-26,2019052601003529,NABILP,16,28,30,805.0,24150.0
2019-05-26,2019052601003427,NABILP,32,4,100,810.0,81000.0
2019-05-26,2019052601003426,NABILP,25,4,20,810.0,16200.0
2019-05-26,2019052601003371,NABILP,32,4,416,812.0,337792.0
2019-05-26,2019052601003553,NADEP,56,56,10,452.0,4520.0
2019-05-26,2019052601003774,NBB,6,21,500,226.0,113000.0
2019-05-26,2019052601003757,NBB,18,45,134,227.0,30418.0
2019-05-26,2019052601003711,NBB,18,36,19,227.0,4313.0
2019-05-26,2019052601003434,NBB,18,6,100,227.0,22700.0
2019-05-26,2019052601003433,NBB,18,34,147,227.0,33369.0
2019-05-26,2019052601003779,NBL,42,34,161,340.0,54740.0
2019-05-26,2019052601003750,NBL,42,51,500,340.0,170000.0
2019-05-26,2019052601003749,NBL,42,38,3000,340.0,1020000.0
2019-05-26,2019052601003748,NBL,42,49,1000,340.0,340000.0
2019-05-26,2019052601003747,NBL,42,52,300,340.0,102000.0
2019-05-26,2019052601003746,NBL,42,59,39,340.0,13260.0
2019-05-26,2019052601003496,NBL,39,42,339,340.0,115260.0
2019-05-26,2019052601003413,NBL,42,34,1000,339.0,339000.0
2019-05-26,2019052601003405,NBL,34,34,1000,339.0,339000.0
2019-05-26,2019052601003295,NBL,53,42,111,340.0,37740.0
2019-05-26,2019052601003744,NBL,57,59,311,340.0,105740.0
2019-05-26,2019052601003743,NBL,57,11,50,340.0,17000.0
2019-05-26,2019052601003742,NBL,57,17,139,340.0,47260.0
2019-05-26,2019052601003688,NBL,49,17,100,340.0,34000.0
2019-05-26,2019052601003524,NBL,39,17,100,340.0,34000.0
2019-05-26,2019052601003497,NBL,39,17,161,340.0,54740.0
2019-05-26,2019052601003792,NCCB,49,25,726,262.0,190212.0
2019-05-26,2019052601003791,NCCB,6,25,774,262.0,202788.0
2019-05-26,2019052601003766,NCCB,6,44,25,262.0,6550.0
2019-05-26,2019052601003745,NCCB,57,28,1000,263.0,263000.0
2019-05-26,2019052601003607,NCCB,58,47,100,263.0,26300.0
2019-05-26,2019052601003606,NCCB,58,44,100,263.0,26300.0
2019-05-26,2019052601003576,NCCB,34,17,50,263.0,13150.0
2019-05-26,2019052601003575,NCCB,34,28,941,263.0,247483.0
2019-05-26,2019052601003537,NCCB,26,28,59,263.0,15517.0
2019-05-26,2019052601003536,NCCB,26,54,100,263.0,26300.0
2019-05-26,2019052601003535,NCCB,26,49,341,263.0,89683.0
2019-05-26,2019052601003465,NGPL,1,38,14,124.0,1736.0
2019-05-26,2019052601003448,NGPL,1,7,10,123.0,1230.0
2019-05-26,2019052601003444,NGPL,1,10,11,121.0,1331.0
2019-05-26,2019052601003751,NHPC,51,49,10,71.0,710.0
2019-05-26,2019052601003467,NIB,59,13,500,535.0,267500.0
2019-05-26,2019052601003466,NIB,59,38,401,535.0,214535.0
2019-05-26,2019052601003442,NIB,45,38,80,535.0,42800.0
2019-05-26,2019052601003414,NIB,41,38,14,535.0,7490.0
2019-05-26,2019052601003332,NIB,10,42,12,534.0,6408.0
2019-05-26,2019052601003331,NIB,45,42,32,534.0,17088.0
2019-05-26,2019052601003756,NICA,6,28,188,481.0,90428.0
2019-05-26,2019052601003755,NICA,14,28,212,481.0,101972.0
2019-05-26,2019052601003754,NICA,49,28,100,482.0,48200.0
2019-05-26,2019052601003503,NICA,14,28,88,481.0,42328.0
2019-05-26,2019052601003502,NICA,45,28,309,481.0,148629.0
2019-05-26,2019052601003501,NICA,33,28,33,482.0,15906.0
2019-05-26,2019052601003500,NICA,45,28,70,483.0,33810.0
2019-05-26,2019052601003547,NICL,1,42,22,390.0,8580.0
2019-05-26,2019052601003360,NICL,57,42,10,390.0,3900.0
2019-05-26,2019052601003342,NICL,39,42,100,390.0,39000.0
2019-05-26,2019052601003665,NLIC,49,43,100,938.0,93800.0
2019-05-26,2019052601003608,NLIC,41,43,46,938.0,43148.0
2019-05-26,2019052601003560,NLIC,21,28,13,939.0,12207.0
2019-05-26,2019052601003559,NLIC,21,28,17,939.0,15963.0
2019-05-26,2019052601003423,NLIC,41,43,154,938.0,144452.0
2019-05-26,2019052601003422,NLIC,28,43,17,938.0,15946.0
2019-05-26,2019052601003319,NLIC,6,16,83,938.0,77854.0
2019-05-26,2019052601003776,NMBMF,4,21,100,1150.0,115000.0
2019-05-26,2019052601003522,NMBMF,54,34,10,1154.0,11540.0
2019-05-26,2019052601003504,NMBMF,58,21,50,1153.0,57650.0
2019-05-26,2019052601003393,NMBMF,58,22,20,1155.0,23100.0
2019-05-26,2019052601003315,NMBMF,58,47,35,1150.0,40250.0
2019-05-26,2019052601003314,NMBMF,58,47,35,1150.0,40250.0
2019-05-26,2019052601003313,NMBMF,58,5,50,1150.0,57500.0
2019-05-26,2019052601003312,NMBMF,58,22,100,1148.0,114800.0
2019-05-26,2019052601003311,NMBMF,58,39,50,1147.0,57350.0
2019-05-26,2019052601003310,NMBMF,58,52,50,1144.0,57200.0
2019-05-26,2019052601003392,NMBMF,58,32,10,1155.0,11550.0
2019-05-26,2019052601003383,NMBMF,58,49,100,1154.0,115400.0
2019-05-26,2019052601003382,NMBMF,58,38,20,1153.0,23060.0
2019-05-26,2019052601003380,NMBMF,40,57,50,1151.0,57550.0
2019-05-26,2019052601003379,NMBMF,40,34,50,1150.0,57500.0
2019-05-26,2019052601003316,NMBMF,58,34,100,1150.0,115000.0
2019-05-26,2019052601003304,NNLB,28,39,100,393.0,39300.0
2019-05-26,2019052601003730,NSEWA,28,45,50,439.0,21950.0
2019-05-26,2019052601003687,NTC,26,53,500,736.0,368000.0
2019-05-26,2019052601003686,NTC,26,53,400,736.0,294400.0
2019-05-26,2019052601003499,NTC,26,53,266,737.0,196042.0
2019-05-26,2019052601003493,NTC,26,34,334,736.0,245824.0
2019-05-26,2019052601003534,PCBL,17,45,370,316.0,116920.0
2019-05-26,2019052601003527,PIC,58,35,10,1209.0,12090.0
2019-05-26,2019052601003495,PIC,58,32,10,1208.0,12080.0
2019-05-26,2019052601003753,PLIC,16,1,378,465.0,175770.0
2019-05-26,2019052601003556,PLIC,36,1,100,465.0,46500.0
2019-05-26,2019052601003441,PLIC,53,1,50,465.0,23250.0
2019-05-26,2019052601003425,PLIC,29,1,100,465.0,46500.0
2019-05-26,2019052601003470,PMHPL,39,39,10,112.0,1120.0
2019-05-26,2019052601003469,PMHPL,39,39,10,112.0,1120.0
2019-05-26,2019052601003468,PMHPL,39,19,10,112.0,1120.0
2019-05-26,2019052601003566,PRIN,35,19,450,410.0,184500.0
2019-05-26,2019052601003565,PRIN,47,19,50,410.0,20500.0
2019-05-26,2019052601003782,PRVU,35,21,33,277.0,9141.0
2019-05-26,2019052601003781,PRVU,44,21,67,277.0,18559.0
2019-05-26,2019052601003780,PRVU,51,43,200,278.0,55600.0
2019-05-26,2019052601003695,PRVU,42,14,130,278.0,36140.0
2019-05-26,2019052601003694,PRVU,42,34,2000,278.0,556000.0
2019-05-26,2019052601003693,PRVU,42,7,1000,278.0,278000.0
2019-05-26,2019052601003692,PRVU,42,34,791,278.0,219898.0
2019-05-26,2019052601003689,PRVU,44,36,2592,277.0,717984.0
2019-05-26,2019052601003610,RADHI,35,57,93,162.0,15066.0
2019-05-26,2019052601003339,RBCL,47,58,50,11000.0,550000.0
2019-05-26,2019052601003761,RLFL,40,39,388,140.0,54320.0
2019-05-26,2019052601003760,RLFL,40,32,1112,140.0,155680.0
2019-05-26,2019052601003759,RLFL,32,32,537,140.0,75180.0
2019-05-26,2019052601003714,RLFL,39,39,41,141.0,5781.0
2019-05-26,2019052601003604,RLFL,40,39,935,141.0,131835.0
2019-05-26,2019052601003542,RLFL,18,39,65,141.0,9165.0
2019-05-26,2019052601003409,RLFL,32,39,463,140.0,64820.0
2019-05-26,2019052601003408,RLFL,49,39,25,140.0,3500.0
2019-05-26,2019052601003407,RLFL,18,39,25,140.0,3500.0
2019-05-26,2019052601003403,RLFL,21,39,50,141.0,7050.0
2019-05-26,2019052601003351,RLFL,52,39,1000,141.0,141000.0
2019-05-26,2019052601003667,RRHP,1,22,30,97.0,2910.0
2019-05-26,2019052601003666,RRHP,1,35,10,97.0,970.0
2019-05-26,2019052601003519,RRHP,59,1,40,96.0,3840.0
2019-05-26,2019052601003471,SADBL,56,32,374,149.0,55726.0
2019-05-26,2019052601003455,SADBL,59,32,200,149.0,29800.0
2019-05-26,2019052601003454,SADBL,36,32,500,149.0,74500.0
2019-05-26,2019052601003453,SADBL,5,32,200,149.0,29800.0
2019-05-26,2019052601003452,SADBL,21,32,126,149.0,18774.0
2019-05-26,2019052601003709,SANIMA,6,36,200,357.0,71400.0
2019-05-26,2019052601003705,SANIMA,16,36,100,357.0,35700.0
2019-05-26,2019052601003704,SANIMA,50,36,200,357.0,71400.0
2019-05-26,2019052601003719,SBI,45,42,100,477.0,47700.0
2019-05-26,2019052601003445,SBI,28,17,98,476.0,46648.0
2019-05-26,2019052601003731,SBL,43,28,500,336.0,168000.0
2019-05-26,2019052601003508,SCB,43,1,200,680.0,136000.0
2019-05-26,2019052601003507,SCB,43,17,20,680.0,13600.0
2019-05-26,2019052601003506,SCB,43,18,24,679.0,16296.0
2019-05-26,2019052601003790,SDESI,4,32,12,600.0,7200.0
2019-05-26,2019052601003583,SHIVM,42,51,250,570.0,142500.0
2019-05-26,2019052601003582,SHIVM,42,44,100,569.0,56900.0
2019-05-26,2019052601003581,SHIVM,42,6,50,569.0,28450.0
2019-05-26,2019052601003580,SHIVM,42,32,50,569.0,28450.0
2019-05-26,2019052601003579,SHIVM,42,37,50,569.0,28450.0
2019-05-26,2019052601003578,SHIVM,42,32,50,569.0,28450.0
2019-05-26,2019052601003296,SHIVM,49,13,30,570.0,17100.0
2019-05-26,2019052601003394,SHIVM,43,58,1000,569.0,569000.0
2019-05-26,2019052601003376,SHIVM,17,52,200,570.0,114000.0
2019-05-26,2019052601003375,SHIVM,17,28,70,570.0,39900.0
2019-05-26,2019052601003362,SHIVM,43,28,30,570.0,17100.0
2019-05-26,2019052601003361,SHIVM,43,42,20,570.0,11400.0
2019-05-26,2019052601003320,SHIVM,49,42,20,570.0,11400.0
2019-05-26,2019052601003577,SHIVM,42,44,50,568.0,28400.0
2019-05-26,2019052601003549,SHIVM,53,22,50,564.0,28200.0
2019-05-26,2019052601003548,SHIVM,4,22,150,564.0,84600.0
2019-05-26,2019052601003494,SHIVM,59,19,100,566.0,56600.0
2019-05-26,2019052601003482,SHIVM,49,19,20,563.0,11260.0
2019-05-26,2019052601003477,SHIVM,39,44,50,565.0,28250.0
2019-05-26,2019052601003557,SHPC,20,48,500,276.0,138000.0
2019-05-26,2019052601003440,SICL,51,43,110,863.0,94930.0
2019-05-26,2019052601003439,SICL,52,43,50,863.0,43150.0
2019-05-26,2019052601003438,SICL,38,43,50,863.0,43150.0
2019-05-26,2019052601003437,SICL,46,43,32,863.0,27616.0
2019-05-26,2019052601003436,SICL,44,43,50,863.0,43150.0
2019-05-26,2019052601003674,SIL,44,41,50,584.0,29200.0
2019-05-26,2019052601003673,SIL,11,41,50,584.0,29200.0
2019-05-26,2019052601003672,SIL,11,41,100,584.0,58400.0
2019-05-26,2019052601003402,SKBBL,10,10,400,983.0,393200.0
2019-05-26,2019052601003443,SLBBL,39,44,52,490.0,25480.0
2019-05-26,2019052601003518,SLICL,6,32,505,594.0,299970.0
2019-05-26,2019052601003480,SLICL,57,58,60,593.0,35580.0
2019-05-26,2019052601003451,SLICL,16,10,100,590.0,59000.0
2019-05-26,2019052601003668,SMB,47,47,10,540.0,5400.0
2019-05-26,2019052601003388,SRBL,32,28,300,261.0,78300.0
2019-05-26,2019052601003387,SRBL,32,16,200,260.0,52000.0
2019-05-26,2019052601003520,SWBBL,57,57,50,910.0,45500.0
2019-05-26,2019052601003741,UIC,37,22,40,997.0,39880.0
2019-05-26,2019052601003740,UIC,37,32,20,996.0,19920.0
2019-05-26,2019052601003739,UIC,37,42,10,995.0,9950.0
2019-05-26,2019052601003738,UIC,37,51,80,995.0,79600.0
2019-05-26,2019052601003737,UIC,37,44,100,994.0,99400.0
2019-05-26,2019052601003736,UIC,37,39,50,994.0,49700.0
2019-05-26,2019052601003629,UIC,28,51,20,995.0,19900.0
2019-05-26,2019052601003589,UIC,28,32,100,995.0,99500.0
2019-05-26,2019052601003329,UIC,26,36,100,995.0,99500.0
2019-05-26,2019052601003630,UPCL,1,39,50,95.0,4750.0
2019-05-26,2019052601003605,UPCL,1,39,50,95.0,4750.0
2019-05-26,2019052601003521,UPCL,17,38,50,94.0,4700.0
2019-05-26,2019052601003498,UPCL,17,1,50,95.0,4750.0
2019-05-26,2019052601003372,UPCL,17,38,50,94.0,4700.0
2019-05-26,2019052601003788,UPPER,51,34,103,284.0,29252.0
2019-05-26,2019052601003787,UPPER,48,34,1000,284.0,284000.0
2019-05-26,2019052601003786,UPPER,1,34,67,284.0,19028.0
2019-05-26,2019052601003785,UPPER,50,34,100,285.0,28500.0
2019-05-26,2019052601003784,UPPER,20,34,1230,285.0,350550.0
2019-05-26,2019052601003777,UPPER,20,17,40,285.0,11400.0
2019-05-26,2019052601003303,UPPER,16,22,20,283.0,5660.0
2019-05-26,2019052601003302,UPPER,16,22,40,283.0,11320.0
2019-05-26,2019052601003301,UPPER,16,22,40,283.0,11320.0
2019-05-26,2019052601003300,UPPER,16,19,550,283.0,155650.0
2019-05-26,2019052601003299,UPPER,16,43,100,283.0,28300.0
2019-05-26,2019052601003298,UPPER,16,45,40,283.0,11320.0
2019-05-26,2019052601003377,UPPER,16,38,31,283.0,8773.0
2019-05-26,2019052601003346,UPPER,16,22,40,283.0,11320.0
2019-05-26,2019052601003337,UPPER,58,17,13,284.0,3692.0
2019-05-26,2019052601003336,UPPER,58,17,50,284.0,14200.0
2019-05-26,2019052601003330,UPPER,16,37,10,283.0,2830.0
2019-05-26,2019052601003307,UPPER,16,37,20,283.0,5660.0
2019-05-26,2019052601003421,UPPER,19,45,414,284.0,117576.0
2019-05-26,2019052601003420,UPPER,19,17,37,284.0,10508.0
2019-05-26,2019052601003419,UPPER,19,49,549,283.0,155367.0
2019-05-26,2019052601003411,UPPER,38,49,451,283.0,127633.0
2019-05-26,2019052601003395,UPPER,38,58,30,283.0,8490.0
2019-05-26,2019052601003378,UPPER,38,38,19,283.0,5377.0
2019-05-26,2019052601003484,UPPER,11,56,160,284.0,45440.0
2019-05-26,2019052601003483,UPPER,11,28,26,284.0,7384.0
2019-05-26,2019052601003450,UPPER,19,28,14,284.0,3976.0
2019-05-26,2019052601003449,UPPER,19,45,486,284.0,138024.0
2019-05-26,2019052601003446,UPPER,8,45,100,284.0,28400.0
2019-05-26,2019052601003555,UPPER,11,47,40,284.0,11360.0
2019-05-26,2019052601003528,UPPER,11,41,50,284.0,14200.0
2019-05-26,2019052601003525,UPPER,11,38,50,284.0,14200.0
2019-05-26,2019052601003523,UPPER,11,41,40,284.0,11360.0
2019-05-26,2019052601003505,UPPER,11,47,40,284.0,11360.0
2019-05-26,2019052601003492,UPPER,11,46,57,284.0,16188.0
2019-05-26,2019052601003593,UPPER,19,3,50,285.0,14250.0
2019-05-26,2019052601003592,UPPER,19,34,40,285.0,11400.0
2019-05-26,2019052601003591,UPPER,19,45,200,285.0,57000.0
2019-05-26,2019052601003590,UPPER,19,38,100,285.0,28500.0
2019-05-26,2019052601003570,UPPER,38,47,13,284.0,3692.0
2019-05-26,2019052601003569,UPPER,11,47,37,284.0,10508.0
2019-05-26,2019052601003609,UPPER,1,41,40,284.0,11360.0
2019-05-26,2019052601003598,UPPER,1,41,50,284.0,14200.0
2019-05-26,2019052601003597,UPPER,1,47,50,284.0,14200.0
2019-05-26,2019052601003596,UPPER,1,51,63,284.0,17892.0
2019-05-26,2019052601003595,UPPER,38,51,937,284.0,266108.0
2019-05-26,2019052601003594,UPPER,19,3,110,285.0,31350.0
2019-05-26,2019052601003699,UPPER,19,3,40,285.0,11400.0
2019-05-26,2019052601003698,UPPER,19,3,150,285.0,42750.0
2019-05-26,2019052601003697,UPPER,19,25,50,285.0,14250.0
2019-05-26,2019052601003696,UPPER,19,3,50,285.0,14250.0
2019-05-26,2019052601003636,UPPER,1,47,40,284.0,11360.0
2019-05-26,2019052601003626,UPPER,1,41,40,284.0,11360.0
2019-05-26,2019052601003722,UPPER,19,51,40,285.0,11400.0
2019-05-26,2019052601003721,UPPER,19,17,70,285.0,19950.0
2019-05-26,2019052601003703,UPPER,19,17,50,285.0,14250.0
2019-05-26,2019052601003702,UPPER,19,41,10,285.0,2850.0
2019-05-26,2019052601003701,UPPER,19,42,50,285.0,14250.0
2019-05-26,2019052601003700,UPPER,19,41,100,285.0,28500.0
2019-05-26,2019052601003752,UPPER,19,7,500,286.0,143000.0
2019-05-26,2019052601003732,UPPER,20,34,70,285.0,19950.0
2019-05-26,2019052601003727,UPPER,20,51,160,285.0,45600.0
2019-05-26,2019052601003726,UPPER,20,45,1000,285.0,285000.0
2019-05-26,2019052601003724,UPPER,19,51,340,285.0,96900.0
2019-05-26,2019052601003723,UPPER,19,6,50,285.0,14250.0
2019-05-26,2019052601003306,VLBS,52,43,12,555.0,6660.0
2019-05-26,2019052601005657,ADBL,45,45,343,425.0,145775.0
2019-05-26,2019052601005656,ADBL,45,58,443,425.0,188275.0
2019-05-26,2019052601005611,ADBL,45,22,30,424.0,12720.0
2019-05-26,2019052601005491,ADBL,6,38,86,423.0,36378.0
2019-05-26,2019052601005490,ADBL,7,38,1000,423.0,423000.0
2019-05-26,2019052601005478,ADBL,58,29,100,424.0,42400.0
2019-05-26,2019052601005333,ADBL,7,38,1000,424.0,424000.0
2019-05-26,2019052601005471,ADBL,58,49,300,424.0,127200.0
2019-05-26,2019052601005470,ADBL,58,49,500,424.0,212000.0
2019-05-26,2019052601005359,ADBL,7,19,257,423.0,108711.0
2019-05-26,2019052601005358,ADBL,58,19,200,423.0,84600.0
2019-05-26,2019052601005357,ADBL,40,19,173,424.0,73352.0
2019-05-26,2019052601005346,ADBL,40,6,27,424.0,11448.0
2019-05-26,2019052601005744,AHPC,56,32,100,111.0,11100.0
2019-05-26,2019052601005743,AHPC,43,32,300,111.0,33300.0
2019-05-26,2019052601005736,AHPC,43,32,2700,111.0,299700.0
2019-05-26,2019052601005735,AHPC,46,32,200,111.0,22200.0
2019-05-26,2019052601005734,AHPC,48,32,1100,111.0,122100.0
2019-05-26,2019052601005733,AHPC,47,32,1000,111.0,111000.0
2019-05-26,2019052601005732,AHPC,43,32,3000,112.0,336000.0
2019-05-26,2019052601005455,AHPC,22,38,200,113.0,22600.0
2019-05-26,2019052601005573,ALBSL,57,59,100,439.0,43900.0
2019-05-26,2019052601005572,ALBSL,54,59,20,439.0,8780.0
2019-05-26,2019052601005571,ALBSL,25,59,40,439.0,17560.0
2019-05-26,2019052601005570,ALBSL,41,59,10,440.0,4400.0
2019-05-26,2019052601005569,ALBSL,58,59,100,440.0,44000.0
2019-05-26,2019052601005568,ALBSL,58,59,20,440.0,8800.0
2019-05-26,2019052601005567,ALBSL,57,59,80,441.0,35280.0
2019-05-26,2019052601005709,ALICL,59,47,100,420.0,42000.0
2019-05-26,2019052601005708,ALICL,1,47,150,420.0,63000.0
2019-05-26,2019052601005707,ALICL,59,47,100,421.0,42100.0
2019-05-26,2019052601005706,ALICL,39,47,150,422.0,63300.0
2019-05-26,2019052601005488,ALICL,57,50,35,425.0,14875.0
2019-05-26,2019052601005703,AMFI,6,38,10,555.0,5550.0
2019-05-26,2019052601005699,API,41,38,91,160.0,14560.0
2019-05-26,2019052601005649,API,50,45,86,160.0,13760.0
2019-05-26,2019052601005348,API,38,10,427,158.0,67466.0
2019-05-26,2019052601005460,BFC,39,59,100,104.0,10400.0
2019-05-26,2019052601005768,BOKL,38,45,150,274.0,41100.0
2019-05-26,2019052601005626,BOKL,52,54,58,274.0,15892.0
2019-05-26,2019052601005590,BOKL,4,49,200,275.0,55000.0
2019-05-26,2019052601005582,BOKL,49,49,5000,274.0,1370000.0
2019-05-26,2019052601005384,BOKL,21,34,2000,274.0,548000.0
2019-05-26,2019052601005383,BOKL,42,34,160,274.0,43840.0
2019-05-26,2019052601005382,BOKL,46,34,460,274.0,126040.0
2019-05-26,2019052601005381,BOKL,35,34,500,274.0,137000.0
2019-05-26,2019052601005380,BOKL,52,34,171,274.0,46854.0
2019-05-26,2019052601005785,BPCL,6,50,11,420.0,4620.0
2019-05-26,2019052601005634,BPCL,34,41,11,419.0,4609.0
2019-05-26,2019052601005597,BPCL,36,41,11,417.0,4587.0
2019-05-26,2019052601005411,BPCL,21,58,100,420.0,42000.0
2019-05-26,2019052601005410,BPCL,37,58,200,420.0,84000.0
2019-05-26,2019052601005409,BPCL,16,58,100,421.0,42100.0
2019-05-26,2019052601005408,BPCL,45,58,100,422.0,42200.0
2019-05-26,2019052601005715,CBBL,42,58,120,959.0,115080.0
2019-05-26,2019052601005356,CBBL,42,53,90,959.0,86310.0
2019-05-26,2019052601005343,CBBL,26,53,10,960.0,9600.0
2019-05-26,2019052601005496,CBL,13,48,200,147.0,29400.0
2019-05-26,2019052601005495,CBL,38,48,300,147.0,44100.0
2019-05-26,2019052601005494,CBL,51,48,845,147.0,124215.0
2019-05-26,2019052601005360,CBL,42,13,10000,147.0,1470000.0
2019-05-26,2019052601005688,CCBL,38,54,94,168.0,15792.0
2019-05-26,2019052601005670,CCBL,38,28,302,168.0,50736.0
2019-05-26,2019052601005669,CCBL,26,28,448,168.0,75264.0
2019-05-26,2019052601005539,CCBL,26,46,121,168.0,20328.0
2019-05-26,2019052601005474,CCBL,26,46,119,168.0,19992.0
2019-05-26,2019052601005370,CCBL,26,5,28,168.0,4704.0
2019-05-26,2019052601005341,CHCL,22,52,52,531.0,27612.0
2019-05-26,2019052601005340,CHCL,44,52,50,531.0,26550.0
2019-05-26,2019052601005339,CHCL,38,52,198,531.0,105138.0
2019-05-26,2019052601005338,CHCL,38,52,200,532.0,106400.0
2019-05-26,2019052601005771,CHLBS,36,58,10,446.0,4460.0
2019-05-26,2019052601005738,CHLBS,36,58,10,446.0,4460.0
2019-05-26,2019052601005678,CHLBS,36,45,10,446.0,4460.0
2019-05-26,2019052601005677,CHLBS,41,45,40,446.0,17840.0
2019-05-26,2019052601005655,CHLBS,41,58,10,446.0,4460.0
2019-05-26,2019052601005622,CHLBS,42,38,10,446.0,4460.0
2019-05-26,2019052601005609,CHLBS,42,38,10,446.0,4460.0
2019-05-26,2019052601005601,CHLBS,42,25,10,446.0,4460.0
2019-05-26,2019052601005777,CZBIL,49,50,10,228.0,2280.0
2019-05-26,2019052601005739,CZBIL,49,17,180,228.0,41040.0
2019-05-26,2019052601005689,CZBIL,7,17,50,228.0,11400.0
2019-05-26,2019052601005364,CZBIL,57,38,77,227.0,17479.0
2019-05-26,2019052601005716,DBBL,25,41,57,148.0,8436.0
2019-05-26,2019052601005714,DBBL,25,38,125,148.0,18500.0
2019-05-26,2019052601005713,DBBL,57,38,15,148.0,2220.0
2019-05-26,2019052601005676,DBBL,57,34,85,148.0,12580.0
2019-05-26,2019052601005675,DBBL,14,34,100,148.0,14800.0
2019-05-26,2019052601005674,DBBL,29,34,700,148.0,103600.0
2019-05-26,2019052601005463,DBBL,16,58,5000,148.0,740000.0
2019-05-26,2019052601005462,DBBL,39,58,500,148.0,74000.0
2019-05-26,2019052601005461,DBBL,7,58,815,148.0,120620.0
2019-05-26,2019052601005363,DBBL,57,38,160,149.0,23840.0
2019-05-26,2019052601005362,DBBL,57,47,40,149.0,5960.0
2019-05-26,2019052601005673,DBBL,43,34,115,148.0,17020.0
2019-05-26,2019052601005651,DBBL,43,48,500,148.0,74000.0
2019-05-26,2019052601005467,DBBL,43,58,385,148.0,56980.0
2019-05-26,2019052601005466,DBBL,53,58,500,148.0,74000.0
2019-05-26,2019052601005465,DBBL,45,58,200,148.0,29600.0
2019-05-26,2019052601005464,DBBL,17,58,100,148.0,14800.0
2019-05-26,2019052601005489,DHPL,56,53,10,72.0,720.0
2019-05-26,2019052601005604,EBL,51,25,10,663.0,6630.0
2019-05-26,2019052601005438,EBL,45,22,42,664.0,27888.0
2019-05-26,2019052601005297,EBL,42,52,10,662.0,6620.0
2019-05-26,2019052601005296,EBL,56,52,190,662.0,125780.0
2019-05-26,2019052601005295,EBL,50,52,200,663.0,132600.0
2019-05-26,2019052601005625,EIC,42,58,50,430.0,21500.0
2019-05-26,2019052601005746,GBBL,39,58,100,224.0,22400.0
2019-05-26,2019052601005687,GBBL,44,17,604,223.0,134692.0
2019-05-26,2019052601005686,GBBL,39,17,100,223.0,22300.0
2019-05-26,2019052601005685,GBBL,39,17,50,223.0,11150.0
2019-05-26,2019052601005684,GBBL,19,17,246,223.0,54858.0
2019-05-26,2019052601005661,GBBL,34,58,1763,224.0,394912.0
2019-05-26,2019052601005653,GBBL,34,37,737,224.0,165088.0
2019-05-26,2019052601005329,GBBL,19,10,1000,224.0,224000.0
2019-05-26,2019052601005328,GBBL,19,22,731,224.0,163744.0
2019-05-26,2019052601005775,GBIME,45,46,22,307.0,6754.0
2019-05-26,2019052601005774,GBIME,47,46,100,307.0,30700.0
2019-05-26,2019052601005773,GBIME,49,46,84,307.0,25788.0
2019-05-26,2019052601005664,GBIME,49,16,80,307.0,24560.0
2019-05-26,2019052601005372,GBIME,49,38,36,307.0,11052.0
2019-05-26,2019052601005371,GBIME,58,38,169,307.0,51883.0
2019-05-26,2019052601005366,GBIME,38,46,150,308.0,46200.0
2019-05-26,2019052601005337,GBIME,58,49,54,307.0,16578.0
2019-05-26,2019052601005413,GBLBS,6,5,10,380.0,3800.0
2019-05-26,2019052601005377,GBLBS,6,28,310,381.0,118110.0
2019-05-26,2019052601005315,GBLBS,39,51,20,380.0,7600.0
2019-05-26,2019052601005751,GDBL,49,17,791,212.0,167692.0
2019-05-26,2019052601005750,GDBL,25,17,979,212.0,207548.0
2019-05-26,2019052601005760,GHL,14,38,30,90.0,2700.0
2019-05-26,2019052601005749,GHL,14,38,20,90.0,1800.0
2019-05-26,2019052601005722,GHL,14,38,30,90.0,2700.0
2019-05-26,2019052601005336,GHL,14,35,20,90.0,1800.0
2019-05-26,2019052601005335,GHL,14,35,10,90.0,900.0
2019-05-26,2019052601005766,GILB,38,39,116,1376.0,159616.0
2019-05-26,2019052601005680,GILB,38,39,20,1376.0,27520.0
2019-05-26,2019052601005643,GILB,38,57,21,1376.0,28896.0
2019-05-26,2019052601005633,GILB,38,57,21,1376.0,28896.0
2019-05-26,2019052601005332,GILB,38,32,21,1376.0,28896.0
2019-05-26,2019052601005624,GILB,38,57,21,1376.0,28896.0
2019-05-26,2019052601005614,GILB,38,57,21,1376.0,28896.0
2019-05-26,2019052601005412,GILB,38,32,21,1376.0,28896.0
2019-05-26,2019052601005400,GLICL,34,34,83,553.0,45899.0
2019-05-26,2019052601005399,GLICL,21,34,17,553.0,9401.0
2019-05-26,2019052601005725,HBL,6,17,46,582.0,26772.0
2019-05-26,2019052601005724,HBL,6,17,200,582.0,116400.0
2019-05-26,2019052601005723,HBL,32,17,10,582.0,5820.0
2019-05-26,2019052601005447,HDL,39,36,10,1719.0,17190.0
2019-05-26,2019052601005641,HPPL,1,16,10,186.0,1860.0
2019-05-26,2019052601005389,HPPL,1,38,10,186.0,1860.0
2019-05-26,2019052601005696,HURJA,40,43,20,125.0,2500.0
2019-05-26,2019052601005612,HURJA,40,26,20,125.0,2500.0
2019-05-26,2019052601005607,HURJA,40,26,20,125.0,2500.0
2019-05-26,2019052601005602,HURJA,40,26,20,125.0,2500.0
2019-05-26,2019052601005599,HURJA,40,26,20,125.0,2500.0
2019-05-26,2019052601005589,HURJA,19,26,20,126.0,2520.0
2019-05-26,2019052601005345,HURJA,40,14,20,125.0,2500.0
2019-05-26,2019052601005344,HURJA,40,32,20,125.0,2500.0
2019-05-26,2019052601005501,HURJA,39,47,20,126.0,2520.0
2019-05-26,2019052601005500,HURJA,39,47,20,126.0,2520.0
2019-05-26,2019052601005499,HURJA,39,47,20,126.0,2520.0
2019-05-26,2019052601005498,HURJA,39,49,20,126.0,2520.0
2019-05-26,2019052601005468,HURJA,40,49,20,125.0,2500.0
2019-05-26,2019052601005422,HURJA,40,53,20,125.0,2500.0
2019-05-26,2019052601005507,HURJA,39,47,20,126.0,2520.0
2019-05-26,2019052601005506,HURJA,39,47,20,126.0,2520.0
2019-05-26,2019052601005505,HURJA,39,47,20,126.0,2520.0
2019-05-26,2019052601005504,HURJA,39,47,20,126.0,2520.0
2019-05-26,2019052601005503,HURJA,39,47,20,126.0,2520.0
2019-05-26,2019052601005502,HURJA,39,47,20,126.0,2520.0
2019-05-26,2019052601005513,HURJA,39,47,20,126.0,2520.0
2019-05-26,2019052601005512,HURJA,39,47,20,126.0,2520.0
2019-05-26,2019052601005511,HURJA,39,47,20,126.0,2520.0
2019-05-26,2019052601005510,HURJA,39,47,20,126.0,2520.0
2019-05-26,2019052601005509,HURJA,39,44,20,126.0,2520.0
2019-05-26,2019052601005508,HURJA,39,47,20,126.0,2520.0
2019-05-26,2019052601005519,HURJA,39,47,20,126.0,2520.0
2019-05-26,2019052601005518,HURJA,39,47,20,126.0,2520.0
2019-05-26,2019052601005517,HURJA,39,47,20,126.0,2520.0
2019-05-26,2019052601005516,HURJA,39,47,20,126.0,2520.0
2019-05-26,2019052601005515,HURJA,39,47,20,126.0,2520.0
2019-05-26,2019052601005514,HURJA,39,47,20,126.0,2520.0
2019-05-26,2019052601005525,HURJA,39,35,20,126.0,2520.0
2019-05-26,2019052601005524,HURJA,39,47,20,126.0,2520.0
2019-05-26,2019052601005523,HURJA,39,35,20,126.0,2520.0
2019-05-26,2019052601005522,HURJA,39,47,20,126.0,2520.0
2019-05-26,2019052601005521,HURJA,39,47,20,126.0,2520.0
2019-05-26,2019052601005520,HURJA,39,47,20,126.0,2520.0
2019-05-26,2019052601005588,HURJA,19,39,20,126.0,2520.0
2019-05-26,2019052601005576,HURJA,19,26,20,126.0,2520.0
2019-05-26,2019052601005574,HURJA,19,49,20,126.0,2520.0
2019-05-26,2019052601005543,HURJA,19,47,20,126.0,2520.0
2019-05-26,2019052601005527,HURJA,39,47,20,126.0,2520.0
2019-05-26,2019052601005526,HURJA,39,47,20,126.0,2520.0
2019-05-26,2019052601005485,JBNL,3,49,176,209.0,36784.0
2019-05-26,2019052601005484,JBNL,48,49,824,209.0,172216.0
2019-05-26,2019052601005632,JFL,32,43,200,181.0,36200.0
2019-05-26,2019052601005631,JFL,32,59,100,181.0,18100.0
2019-05-26,2019052601005630,JFL,32,29,100,181.0,18100.0
2019-05-26,2019052601005629,JFL,32,26,100,181.0,18100.0
2019-05-26,2019052601005628,JFL,32,17,465,180.0,83700.0
2019-05-26,2019052601005681,KBL,42,19,200,218.0,43600.0
2019-05-26,2019052601005638,KBL,1,54,26,217.0,5642.0
2019-05-26,2019052601005637,KBL,43,54,285,217.0,61845.0
2019-05-26,2019052601005616,KBL,28,19,100,218.0,21800.0
2019-05-26,2019052601005615,KBL,34,19,400,218.0,87200.0
2019-05-26,2019052601005469,KBL,34,32,50,218.0,10900.0
2019-05-26,2019052601005731,KNBL,25,38,100,141.0,14100.0
2019-05-26,2019052601005482,LBBL,53,29,91,203.0,18473.0
2019-05-26,2019052601005457,LBBL,57,29,10,203.0,2030.0
2019-05-26,2019052601005330,LBBL,10,52,790,203.0,160370.0
2019-05-26,2019052601005456,LBBL,57,28,490,203.0,99470.0
2019-05-26,2019052601005449,LBBL,33,45,500,202.0,101000.0
2019-05-26,2019052601005390,LBBL,33,38,40,202.0,8080.0
2019-05-26,2019052601005331,LBBL,10,28,210,203.0,42630.0
2019-05-26,2019052601005666,LBL,48,54,58,223.0,12934.0
2019-05-26,2019052601005697,LGIL,49,45,50,504.0,25200.0
2019-05-26,2019052601005753,LICN,42,35,100,1900.0,190000.0
2019-05-26,2019052601005717,LICN,44,35,80,1895.0,151600.0
2019-05-26,2019052601005712,LICN,14,35,100,1895.0,189500.0
2019-05-26,2019052601005711,LICN,17,35,20,1900.0,38000.0
2019-05-26,2019052601005710,LICN,45,35,50,1900.0,95000.0
2019-05-26,2019052601005650,LLBS,37,55,30,760.0,22800.0
2019-05-26,2019052601005481,MBL,34,57,860,269.0,231340.0
2019-05-26,2019052601005477,MBL,34,57,1000,269.0,269000.0
2019-05-26,2019052601005683,MEGA,53,46,109,195.0,21255.0
2019-05-26,2019052601005566,MEGA,19,45,1000,195.0,195000.0
2019-05-26,2019052601005535,MEGA,35,45,500,195.0,97500.0
2019-05-26,2019052601005534,MEGA,56,45,500,195.0,97500.0
2019-05-26,2019052601005533,MEGA,39,45,100,195.0,19500.0
2019-05-26,2019052601005532,MEGA,37,45,500,195.0,97500.0
2019-05-26,2019052601005303,MEGA,11,42,69,196.0,13524.0
2019-05-26,2019052601005302,MEGA,58,42,50,197.0,9850.0
2019-05-26,2019052601005301,MEGA,58,42,50,197.0,9850.0
2019-05-26,2019052601005300,MEGA,29,42,105,197.0,20685.0
2019-05-26,2019052601005309,MEGA,6,42,200,196.0,39200.0
2019-05-26,2019052601005308,MEGA,19,42,1000,196.0,196000.0
2019-05-26,2019052601005307,MEGA,10,42,1000,196.0,196000.0
2019-05-26,2019052601005306,MEGA,47,42,50,196.0,9800.0
2019-05-26,2019052601005305,MEGA,34,42,10,196.0,1960.0
2019-05-26,2019052601005304,MEGA,29,42,500,196.0,98000.0
2019-05-26,2019052601005439,MEGA,51,42,500,196.0,98000.0
2019-05-26,2019052601005416,MEGA,17,5,96,195.0,18720.0
2019-05-26,2019052601005313,MEGA,58,42,1000,196.0,196000.0
2019-05-26,2019052601005312,MEGA,21,42,100,196.0,19600.0
2019-05-26,2019052601005311,MEGA,19,42,205,196.0,40180.0
2019-05-26,2019052601005310,MEGA,6,42,80,196.0,15680.0
2019-05-26,2019052601005531,MEGA,17,45,30,195.0,5850.0
2019-05-26,2019052601005530,MEGA,17,45,2833,195.0,552435.0
2019-05-26,2019052601005529,MEGA,10,45,1000,195.0,195000.0
2019-05-26,2019052601005480,MEGA,17,5,96,195.0,18720.0
2019-05-26,2019052601005459,MEGA,42,44,103,196.0,20188.0
2019-05-26,2019052601005458,MEGA,42,42,1081,196.0,211876.0
2019-05-26,2019052601005671,MHNL,59,59,30,101.0,3030.0
2019-05-26,2019052601005621,MHNL,59,49,30,101.0,3030.0
2019-05-26,2019052601005606,MHNL,59,49,30,101.0,3030.0
2019-05-26,2019052601005705,MNBBL,42,45,40,377.0,15080.0
2019-05-26,2019052601005580,MNBBL,42,45,378,378.0,142884.0
2019-05-26,2019052601005579,MNBBL,42,41,3000,378.0,1134000.0
2019-05-26,2019052601005578,MNBBL,42,58,31,378.0,11718.0
2019-05-26,2019052601005347,MNBBL,19,35,300,377.0,113100.0
2019-05-26,2019052601005334,MNBBL,42,38,60,376.0,22560.0
2019-05-26,2019052601005596,MPFL,42,17,19,229.0,4351.0
2019-05-26,2019052601005595,MPFL,42,26,81,229.0,18549.0
2019-05-26,2019052601005393,MSLB,42,34,10,1081.0,10810.0
2019-05-26,2019052601005392,MSLB,42,37,200,1079.0,215800.0
2019-05-26,2019052601005782,NABIL,50,25,26,837.0,21762.0
2019-05-26,2019052601005682,NABIL,16,16,397,839.0,333083.0
2019-05-26,2019052601005623,NABILP,59,22,17,806.0,13702.0
2019-05-26,2019052601005627,NADEP,57,55,20,450.0,9000.0
2019-05-26,2019052601005662,NBB,6,55,62,225.0,13950.0
2019-05-26,2019052601005648,NBB,6,54,115,225.0,25875.0
2019-05-26,2019052601005647,NBB,49,54,20,225.0,4500.0
2019-05-26,2019052601005646,NBB,47,54,50,225.0,11250.0
2019-05-26,2019052601005645,NBB,34,54,19,225.0,4275.0
2019-05-26,2019052601005730,NBL,39,38,70,338.0,23660.0
2019-05-26,2019052601005640,NBL,25,25,50,337.0,16850.0
2019-05-26,2019052601005542,NBL,25,58,10,337.0,3370.0
2019-05-26,2019052601005486,NBL,25,56,46,337.0,15502.0
2019-05-26,2019052601005483,NBL,50,56,100,337.0,33700.0
2019-05-26,2019052601005476,NBL,32,59,300,336.0,100800.0
2019-05-26,2019052601005385,NBL,14,36,204,337.0,68748.0
2019-05-26,2019052601005375,NBL,14,34,300,337.0,101100.0
2019-05-26,2019052601005431,NBL,16,56,500,337.0,168500.0
2019-05-26,2019052601005430,NBL,33,56,1000,337.0,337000.0
2019-05-26,2019052601005429,NBL,53,56,100,337.0,33700.0
2019-05-26,2019052601005428,NBL,58,56,1204,337.0,405748.0
2019-05-26,2019052601005387,NBL,58,36,796,337.0,268252.0
2019-05-26,2019052601005386,NBL,50,36,500,337.0,168500.0
2019-05-26,2019052601005443,NBL,32,48,500,336.0,168000.0
2019-05-26,2019052601005436,NBL,10,56,500,337.0,168500.0
2019-05-26,2019052601005435,NBL,32,56,1000,337.0,337000.0
2019-05-26,2019052601005434,NBL,14,56,1000,337.0,337000.0
2019-05-26,2019052601005433,NBL,32,56,50,337.0,16850.0
2019-05-26,2019052601005432,NBL,57,56,500,337.0,168500.0
2019-05-26,2019052601005652,NCCB,58,25,100,262.0,26200.0
2019-05-26,2019052601005550,NCCB,58,42,800,262.0,209600.0
2019-05-26,2019052601005549,NCCB,35,42,500,262.0,131000.0
2019-05-26,2019052601005548,NCCB,50,42,100,262.0,26200.0
2019-05-26,2019052601005547,NCCB,41,42,100,262.0,26200.0
2019-05-26,2019052601005388,NCCB,56,44,500,263.0,131500.0
2019-05-26,2019052601005721,NEF,29,45,900,8.3,7470.0
2019-05-26,2019052601005737,NHPC,51,45,100,71.0,7100.0
2019-05-26,2019052601005704,NIB,6,25,59,535.0,31565.0
2019-05-26,2019052601005538,NIB,10,38,22,536.0,11792.0
2019-05-26,2019052601005537,NIB,10,52,178,536.0,95408.0
2019-05-26,2019052601005445,NIB,49,52,100,536.0,53600.0
2019-05-26,2019052601005349,NIB,45,52,22,536.0,11792.0
2019-05-26,2019052601005327,NIB,45,52,178,536.0,95408.0
2019-05-26,2019052601005326,NIB,51,52,22,536.0,11792.0
2019-05-26,2019052601005765,NICA,6,33,20,483.0,9660.0
2019-05-26,2019052601005764,NICA,6,35,280,483.0,135240.0
2019-05-26,2019052601005756,NICA,6,35,200,483.0,96600.0
2019-05-26,2019052601005747,NICA,49,45,58,482.0,27956.0
2019-05-26,2019052601005702,NICA,49,5,50,482.0,24100.0
2019-05-26,2019052601005701,NICA,48,5,20,482.0,9640.0
2019-05-26,2019052601005700,NICA,54,5,188,482.0,90616.0
2019-05-26,2019052601005613,NICA,54,45,150,482.0,72300.0
2019-05-26,2019052601005600,NICL,45,53,200,390.0,78000.0
2019-05-26,2019052601005793,NIL,51,22,90,510.0,45900.0
2019-05-26,2019052601005792,NIL,22,22,100,510.0,51000.0
2019-05-26,2019052601005791,NIL,41,22,300,512.0,153600.0
2019-05-26,2019052601005790,NIL,41,22,50,512.0,25600.0
2019-05-26,2019052601005789,NIL,42,22,200,512.0,102400.0
2019-05-26,2019052601005788,NIL,7,22,100,513.0,51300.0
2019-05-26,2019052601005787,NIL,43,22,200,514.0,102800.0
2019-05-26,2019052601005786,NIL,38,22,100,514.0,51400.0
2019-05-26,2019052601005367,NLG,49,49,18,805.0,14490.0
2019-05-26,2019052601005763,NLIC,42,17,687,937.0,643719.0
2019-05-26,2019052601005762,NLIC,45,17,10,937.0,9370.0
2019-05-26,2019052601005748,NLIC,45,16,17,937.0,15929.0
2019-05-26,2019052601005726,NLIC,45,25,32,937.0,29984.0
2019-05-26,2019052601005665,NLIC,45,45,25,937.0,23425.0
2019-05-26,2019052601005427,NLICL,56,55,152,663.0,100776.0
2019-05-26,2019052601005414,NLICL,45,55,80,665.0,53200.0
2019-05-26,2019052601005473,NMBMF,40,7,300,1154.0,346200.0
2019-05-26,2019052601005472,NMBMF,59,7,50,1156.0,57800.0
2019-05-26,2019052601005448,NMBMF,59,49,50,1156.0,57800.0
2019-05-26,2019052601005376,NMBMF,58,49,36,1156.0,41616.0
2019-05-26,2019052601005361,NMBMF,58,56,14,1156.0,16184.0
2019-05-26,2019052601005772,NTC,43,28,300,731.0,219300.0
2019-05-26,2019052601005754,NTC,57,38,300,732.0,219600.0
2019-05-26,2019052601005698,NTC,43,45,50,731.0,36550.0
2019-05-26,2019052601005745,PCBL,32,25,40,313.0,12520.0
2019-05-26,2019052601005437,PCBL,32,32,75,313.0,23475.0
2019-05-26,2019052601005493,PFL,5,17,37,140.0,5180.0
2019-05-26,2019052601005492,PFL,5,57,13,139.0,1807.0
2019-05-26,2019052601005528,PIC,16,58,139,1200.0,166800.0
2019-05-26,2019052601005598,PLIC,42,34,17,464.0,7888.0
2019-05-26,2019052601005585,PLIC,17,34,100,465.0,46500.0
2019-05-26,2019052601005584,PLIC,42,34,170,465.0,79050.0
2019-05-26,2019052601005583,PLIC,25,34,13,466.0,6058.0
2019-05-26,2019052601005758,PRIN,29,45,50,410.0,20500.0
2019-05-26,2019052601005605,PRIN,37,22,200,411.0,82200.0
2019-05-26,2019052601005658,PRVU,14,54,102,276.0,28152.0
2019-05-26,2019052601005551,PRVU,32,35,45,277.0,12465.0
2019-05-26,2019052601005446,PRVU,58,57,15,278.0,4170.0
2019-05-26,2019052601005767,RADHI,49,50,11,164.0,1804.0
2019-05-26,2019052601005755,RADHI,49,55,11,164.0,1804.0
2019-05-26,2019052601005729,RADHI,49,17,11,164.0,1804.0
2019-05-26,2019052601005728,RADHI,49,17,11,164.0,1804.0
2019-05-26,2019052601005727,RADHI,49,59,11,164.0,1804.0
2019-05-26,2019052601005487,RADHI,35,5,11,162.0,1782.0
2019-05-26,2019052601005420,RADHI,35,5,11,162.0,1782.0
2019-05-26,2019052601005693,RLFL,28,28,1000,141.0,141000.0
2019-05-26,2019052601005442,RLFL,28,26,235,143.0,33605.0
2019-05-26,2019052601005441,RLFL,28,58,830,143.0,118690.0
2019-05-26,2019052601005426,RLFL,28,58,1000,142.0,142000.0
2019-05-26,2019052601005425,RLFL,28,47,132,142.0,18744.0
2019-05-26,2019052601005424,RLFL,28,58,200,142.0,28400.0
2019-05-26,2019052601005423,RLFL,28,58,483,142.0,68586.0
2019-05-26,2019052601005672,RMDC,14,45,58,658.0,38164.0
2019-05-26,2019052601005668,RMDC,14,17,200,659.0,131800.0
2019-05-26,2019052601005667,RMDC,57,17,10,659.0,6590.0
2019-05-26,2019052601005639,RMDC,47,56,100,660.0,66000.0
2019-05-26,2019052601005770,RRHP,26,45,50,95.0,4750.0
2019-05-26,2019052601005536,SADBL,5,1,50,150.0,7500.0
2019-05-26,2019052601005397,SADBL,45,58,200,149.0,29800.0
2019-05-26,2019052601005396,SADBL,6,58,82,149.0,12218.0
2019-05-26,2019052601005395,SADBL,45,58,500,149.0,74500.0
2019-05-26,2019052601005394,SADBL,56,58,126,149.0,18774.0
2019-05-26,2019052601005603,SAEF,36,53,1000,9.76,9760.0
2019-05-26,2019052601005610,SANIMA,47,59,498,355.0,176790.0
2019-05-26,2019052601005444,SANIMA,38,58,200,356.0,71200.0
2019-05-26,2019052601005355,SANIMA,42,36,200,356.0,71200.0
2019-05-26,2019052601005354,SANIMA,25,36,100,356.0,35600.0
2019-05-26,2019052601005353,SANIMA,45,36,100,356.0,35600.0
2019-05-26,2019052601005352,SANIMA,28,36,1000,356.0,356000.0
2019-05-26,2019052601005351,SANIMA,14,36,600,356.0,213600.0
2019-05-26,2019052601005379,SBBLJ,7,17,100,196.0,19600.0
2019-05-26,2019052601005378,SBBLJ,50,17,500,197.0,98500.0
2019-05-26,2019052601005741,SBI,25,42,100,475.0,47500.0
2019-05-26,2019052601005740,SBI,57,42,400,475.0,190000.0
2019-05-26,2019052601005718,SBI,16,16,17,476.0,8092.0
2019-05-26,2019052601005660,SBI,57,39,100,475.0,47500.0
2019-05-26,2019052601005659,SBI,7,39,200,475.0,95000.0
2019-05-26,2019052601005769,SCB,50,55,20,678.0,13560.0
2019-05-26,2019052601005692,SCB,51,16,100,679.0,67900.0
2019-05-26,2019052601005691,SCB,32,16,165,679.0,112035.0
2019-05-26,2019052601005644,SCB,32,22,17,679.0,11543.0
2019-05-26,2019052601005635,SCB,32,22,18,679.0,12222.0
2019-05-26,2019052601005391,SHINE,42,58,2000,257.0,514000.0
2019-05-26,2019052601005784,SHIVM,44,36,50,560.0,28000.0
2019-05-26,2019052601005781,SHIVM,51,50,50,559.0,27950.0
2019-05-26,2019052601005690,SHIVM,46,38,80,560.0,44800.0
2019-05-26,2019052601005591,SHIVM,56,56,50,561.0,28050.0
2019-05-26,2019052601005581,SHIVM,46,20,20,560.0,11200.0
2019-05-26,2019052601005479,SHIVM,17,43,20,562.0,11240.0
2019-05-26,2019052601005419,SHIVM,17,1,30,560.0,16800.0
2019-05-26,2019052601005417,SHIVM,56,56,50,560.0,28000.0
2019-05-26,2019052601005365,SHIVM,17,38,200,560.0,112000.0
2019-05-26,2019052601005779,SHL,37,17,900,245.0,220500.0
2019-05-26,2019052601005778,SHL,14,17,100,245.0,24500.0
2019-05-26,2019052601005594,SHPC,11,56,100,270.0,27000.0
2019-05-26,2019052601005593,SHPC,56,56,500,270.0,135000.0
2019-05-26,2019052601005592,SHPC,56,56,300,270.0,81000.0
2019-05-26,2019052601005587,SHPC,28,56,390,271.0,105690.0
2019-05-26,2019052601005586,SHPC,58,56,200,271.0,54200.0
2019-05-26,2019052601005577,SHPC,42,56,232,272.0,63104.0
2019-05-26,2019052601005541,SHPC,43,42,2130,274.0,583620.0
2019-05-26,2019052601005540,SHPC,36,42,500,274.0,137000.0
2019-05-26,2019052601005475,SHPC,33,26,34,275.0,9350.0
2019-05-26,2019052601005557,SHPC,43,42,1000,272.0,272000.0
2019-05-26,2019052601005556,SHPC,20,42,1000,272.0,272000.0
2019-05-26,2019052601005555,SHPC,56,42,100,272.0,27200.0
2019-05-26,2019052601005554,SHPC,55,42,1000,273.0,273000.0
2019-05-26,2019052601005553,SHPC,20,42,500,273.0,136500.0
2019-05-26,2019052601005552,SHPC,25,42,132,273.0,36036.0
2019-05-26,2019052601005563,SHPC,42,42,268,272.0,72896.0
2019-05-26,2019052601005562,SHPC,41,42,100,272.0,27200.0
2019-05-26,2019052601005561,SHPC,43,42,1000,272.0,272000.0
2019-05-26,2019052601005560,SHPC,43,42,500,272.0,136000.0
2019-05-26,2019052601005559,SHPC,43,42,500,272.0,136000.0
2019-05-26,2019052601005558,SHPC,56,42,100,272.0,27200.0
2019-05-26,2019052601005720,SIC,20,51,100,1403.0,140300.0
2019-05-26,2019052601005454,SIC,13,34,100,1405.0,140500.0
2019-05-26,2019052601005453,SIC,36,34,150,1405.0,210750.0
2019-05-26,2019052601005452,SIC,8,34,140,1405.0,196700.0
2019-05-26,2019052601005451,SIC,50,34,10,1406.0,14060.0
2019-05-26,2019052601005298,SIC,28,34,49,1410.0,69090.0
2019-05-26,2019052601005776,SICL,39,47,50,864.0,43200.0
2019-05-26,2019052601005406,SKBBL,43,57,100,985.0,98500.0
2019-05-26,2019052601005405,SKBBL,56,57,100,985.0,98500.0
2019-05-26,2019052601005759,SLICL,34,53,100,588.0,58800.0
2019-05-26,2019052601005402,SLICL,16,34,10,592.0,5920.0
2019-05-26,2019052601005374,SLICL,34,58,200,588.0,117600.0
2019-05-26,2019052601005373,SLICL,32,58,200,589.0,117800.0
2019-05-26,2019052601005679,SRBL,38,54,99,258.0,25542.0
2019-05-26,2019052601005620,SRBL,38,45,699,258.0,180342.0
2019-05-26,2019052601005619,SRBL,8,45,60,258.0,15480.0
2019-05-26,2019052601005618,SRBL,6,45,100,258.0,25800.0
2019-05-26,2019052601005617,SRBL,42,45,1141,258.0,294378.0
2019-05-26,2019052601005636,UIC,1,16,200,997.0,199400.0
2019-05-26,2019052601005450,UIC,42,38,180,1003.0,180540.0
2019-05-26,2019052601005325,UIC,17,29,300,1010.0,303000.0
2019-05-26,2019052601005324,UIC,17,16,30,1010.0,30300.0
2019-05-26,2019052601005323,UIC,17,50,50,1009.0,50450.0
2019-05-26,2019052601005322,UIC,17,33,22,1003.0,22066.0
2019-05-26,2019052601005299,UIC,7,33,150,1003.0,150450.0
2019-05-26,2019052601005783,UPCL,37,45,50,94.0,4700.0
2019-05-26,2019052601005565,UPCL,25,49,10,95.0,950.0
2019-05-26,2019052601005564,UPCL,25,58,40,95.0,3800.0
2019-05-26,2019052601005546,UPCL,25,58,10,95.0,950.0
2019-05-26,2019052601005545,UPCL,25,58,50,95.0,4750.0
2019-05-26,2019052601005544,UPCL,25,49,40,95.0,3800.0
2019-05-26,2019052601005418,UPCL,37,59,130,94.0,12220.0
2019-05-26,2019052601005342,UPCL,37,49,50,94.0,4700.0
2019-05-26,2019052601005314,UPCL,37,35,50,94.0,4700.0
2019-05-26,2019052601005794,UPPER,50,39,50,282.0,14100.0
2019-05-26,2019052601005780,UPPER,50,58,40,282.0,11280.0
2019-05-26,2019052601005761,UPPER,50,16,50,282.0,14100.0
2019-05-26,2019052601005757,UPPER,50,25,100,282.0,28200.0
2019-05-26,2019052601005752,UPPER,50,50,40,282.0,11280.0
2019-05-26,2019052601005742,UPPER,50,58,50,282.0,14100.0
2019-05-26,2019052601005316,UPPER,43,33,1300,282.0,366600.0
2019-05-26,2019052601005368,UPPER,21,13,100,282.0,28200.0
2019-05-26,2019052601005321,UPPER,43,37,52,282.0,14664.0
2019-05-26,2019052601005320,UPPER,43,44,50,282.0,14100.0
2019-05-26,2019052601005319,UPPER,43,35,20,282.0,5640.0
2019-05-26,2019052601005318,UPPER,43,45,50,282.0,14100.0
2019-05-26,2019052601005317,UPPER,43,40,40,282.0,11280.0
2019-05-26,2019052601005407,UPPER,40,46,50,282.0,14100.0
2019-05-26,2019052601005404,UPPER,43,7,110,283.0,31130.0
2019-05-26,2019052601005403,UPPER,43,43,40,283.0,11320.0
2019-05-26,2019052601005401,UPPER,40,5,40,282.0,11280.0
2019-05-26,2019052601005398,UPPER,40,46,50,282.0,14100.0
2019-05-26,2019052601005369,UPPER,40,13,100,282.0,28200.0
2019-05-26,2019052601005608,UPPER,40,41,50,282.0,14100.0
2019-05-26,2019052601005575,UPPER,40,26,240,282.0,67680.0
2019-05-26,2019052601005497,UPPER,40,5,40,282.0,11280.0
2019-05-26,2019052601005440,UPPER,40,5,50,282.0,14100.0
2019-05-26,2019052601005421,UPPER,40,58,50,282.0,14100.0
2019-05-26,2019052601005415,UPPER,40,46,50,282.0,14100.0
2019-05-26,2019052601005719,UPPER,50,19,50,282.0,14100.0
2019-05-26,2019052601005695,UPPER,50,58,20,282.0,5640.0
2019-05-26,2019052601005694,UPPER,40,58,20,282.0,5640.0
2019-05-26,2019052601005663,UPPER,40,50,50,282.0,14100.0
2019-05-26,2019052601005654,UPPER,40,45,50,282.0,14100.0
2019-05-26,2019052601005642,UPPER,40,41,50,282.0,14100.0
2019-05-26,2019052601001773,ADBL,40,40,30,429.0,12870.0
2019-05-26,2019052601001735,ADBL,40,19,100,429.0,42900.0
2019-05-26,2019052601001691,ADBL,40,29,20,429.0,8580.0
2019-05-26,2019052601001646,ADBL,40,49,200,429.0,85800.0
2019-05-26,2019052601001619,ADBL,40,14,200,430.0,86000.0
2019-05-26,2019052601001618,ADBL,58,14,297,430.0,127710.0
2019-05-26,2019052601001581,ADBL,58,45,483,430.0,207690.0
2019-05-26,2019052601001580,ADBL,19,45,237,431.0,102147.0
2019-05-26,2019052601001519,ADBL,58,49,220,430.0,94600.0
2019-05-26,2019052601001488,ADBL,26,49,98,431.0,42238.0
2019-05-26,2019052601001760,AHPC,45,16,50,113.0,5650.0
2019-05-26,2019052601001556,AKPL,41,1,13,199.0,2587.0
2019-05-26,2019052601001484,ALBSL,19,58,10,440.0,4400.0
2019-05-26,2019052601001771,API,40,16,28,157.0,4396.0
2019-05-26,2019052601001601,API,4,49,129,156.0,20124.0
2019-05-26,2019052601001600,API,25,49,200,156.0,31200.0
2019-05-26,2019052601001599,API,45,49,30,157.0,4710.0
2019-05-26,2019052601001598,API,37,49,100,157.0,15700.0
2019-05-26,2019052601001597,API,47,49,41,157.0,6437.0
2019-05-26,2019052601001562,API,47,1,29,157.0,4553.0
2019-05-26,2019052601001614,BARUN,1,17,10,98.0,980.0
2019-05-26,2019052601001311,BOKL,42,6,40,274.0,10960.0
2019-05-26,2019052601001724,BPCL,6,42,10,426.0,4260.0
2019-05-26,2019052601001722,BPCL,43,36,633,424.0,268392.0
2019-05-26,2019052601001721,BPCL,57,36,100,424.0,42400.0
2019-05-26,2019052601001720,BPCL,45,36,10,424.0,4240.0
2019-05-26,2019052601001719,BPCL,41,36,57,425.0,24225.0
2019-05-26,2019052601001655,BPCL,41,38,43,425.0,18275.0
2019-05-26,2019052601001417,BPCL,6,36,390,427.0,166530.0
2019-05-26,2019052601001313,BPCL,41,36,10,427.0,4270.0
2019-05-26,2019052601001303,BPCL,19,50,100,426.0,42600.0
2019-05-26,2019052601001534,BPCL,36,17,11,425.0,4675.0
2019-05-26,2019052601001492,BPCL,36,36,44,425.0,18700.0
2019-05-26,2019052601001436,BPCL,6,42,150,428.0,64200.0
2019-05-26,2019052601001422,BPCL,36,50,126,425.0,53550.0
2019-05-26,2019052601001421,BPCL,40,50,135,425.0,57375.0
2019-05-26,2019052601001420,BPCL,49,50,39,425.0,16575.0
2019-05-26,2019052601001654,BPCL,45,38,56,425.0,23800.0
2019-05-26,2019052601001617,BPCL,45,17,33,425.0,14025.0
2019-05-26,2019052601001602,BPCL,45,36,400,425.0,170000.0
2019-05-26,2019052601001571,BPCL,45,1,11,425.0,4675.0
2019-05-26,2019052601001540,BPCL,1,36,191,425.0,81175.0
2019-05-26,2019052601001539,BPCL,36,36,19,425.0,8075.0
2019-05-26,2019052601001726,CBL,8,11,1000,148.0,148000.0
2019-05-26,2019052601001632,CBL,8,17,14,148.0,2072.0
2019-05-26,2019052601001521,CBL,26,29,18,147.0,2646.0
2019-05-26,2019052601001520,CBL,56,29,25,147.0,3675.0
2019-05-26,2019052601001518,CBL,8,58,1401,148.0,207348.0
2019-05-26,2019052601001450,CBL,13,58,10,148.0,1480.0
2019-05-26,2019052601001770,CCBL,39,58,13904,169.0,2349776.0
2019-05-26,2019052601001734,CCBL,7,7,119,169.0,20111.0
2019-05-26,2019052601001733,CCBL,7,17,100,169.0,16900.0
2019-05-26,2019052601001728,CCBL,26,55,50,168.0,8400.0
2019-05-26,2019052601001592,CCBL,26,1,88,168.0,14784.0
2019-05-26,2019052601001591,CCBL,38,1,32,168.0,5376.0
2019-05-26,2019052601001366,CCBL,38,10,19,168.0,3192.0
2019-05-26,2019052601001364,CFCL,26,58,33,113.0,3729.0
2019-05-26,2019052601001775,CHLBS,34,21,10,444.0,4440.0
2019-05-26,2019052601001761,CHLBS,34,21,10,444.0,4440.0
2019-05-26,2019052601001748,CORBL,39,58,100,123.0,12300.0
2019-05-26,2019052601001747,CORBL,51,58,200,124.0,24800.0
2019-05-26,2019052601001746,CORBL,45,58,30,124.0,3720.0
2019-05-26,2019052601001711,CZBIL,35,35,10,229.0,2290.0
2019-05-26,2019052601001688,CZBIL,45,29,106,228.0,24168.0
2019-05-26,2019052601001639,CZBIL,45,22,150,228.0,34200.0
2019-05-26,2019052601001544,CZBIL,45,17,10,228.0,2280.0
2019-05-26,2019052601001533,CZBIL,45,29,96,228.0,21888.0
2019-05-26,2019052601001779,DBBL,16,56,700,149.0,104300.0
2019-05-26,2019052601001778,DBBL,33,56,1024,149.0,152576.0
2019-05-26,2019052601001710,DBBL,33,26,1976,149.0,294424.0
2019-05-26,2019052601001709,DBBL,41,26,24,149.0,3576.0
2019-05-26,2019052601001526,DBBL,33,13,195,150.0,29250.0
2019-05-26,2019052601001525,DBBL,33,52,500,150.0,75000.0
2019-05-26,2019052601001524,DBBL,33,32,365,150.0,54750.0
2019-05-26,2019052601001523,DBBL,33,48,500,150.0,75000.0
2019-05-26,2019052601001522,DBBL,33,48,367,150.0,55050.0
2019-05-26,2019052601001496,DBBL,41,25,200,149.0,29800.0
2019-05-26,2019052601001585,EBL,53,17,100,657.0,65700.0
2019-05-26,2019052601001584,EBL,21,17,50,657.0,32850.0
2019-05-26,2019052601001583,EBL,13,17,200,658.0,131600.0
2019-05-26,2019052601001582,EBL,26,17,50,658.0,32900.0
2019-05-26,2019052601001337,EBL,45,58,1000,660.0,660000.0
2019-05-26,2019052601001305,EBL,46,59,128,663.0,84864.0
2019-05-26,2019052601001712,FOWAD,52,49,15,1500.0,22500.0
2019-05-26,2019052601001542,GBBL,5,29,55,224.0,12320.0
2019-05-26,2019052601001527,GBBL,55,32,340,225.0,76500.0
2019-05-26,2019052601001410,GBBL,39,32,50,225.0,11250.0
2019-05-26,2019052601001653,GBIME,45,22,23,307.0,7061.0
2019-05-26,2019052601001608,GBIME,33,51,477,308.0,146916.0
2019-05-26,2019052601001607,GBIME,33,28,23,308.0,7084.0
2019-05-26,2019052601001555,GBIME,45,29,36,307.0,11052.0
2019-05-26,2019052601001783,GBLBS,6,49,20,385.0,7700.0
2019-05-26,2019052601001782,GBLBS,6,58,190,385.0,73150.0
2019-05-26,2019052601001781,GBLBS,6,29,140,385.0,53900.0
2019-05-26,2019052601001780,GBLBS,6,29,70,384.0,26880.0
2019-05-26,2019052601001554,GBLBS,42,29,160,385.0,61600.0
2019-05-26,2019052601001553,GBLBS,42,8,140,385.0,53900.0
2019-05-26,2019052601001475,GBLBS,6,6,171,387.0,66177.0
2019-05-26,2019052601001474,GBLBS,6,43,29,387.0,11223.0
2019-05-26,2019052601001385,GBLBS,19,36,10,385.0,3850.0
2019-05-26,2019052601001384,GBLBS,19,43,185,385.0,71225.0
2019-05-26,2019052601001383,GBLBS,19,34,150,384.0,57600.0
2019-05-26,2019052601001623,GDBL,53,17,200,211.0,42200.0
2019-05-26,2019052601001622,GDBL,29,17,500,211.0,105500.0
2019-05-26,2019052601001621,GDBL,42,17,300,211.0,63300.0
2019-05-26,2019052601001358,GILB,38,46,15,1255.0,18825.0
2019-05-26,2019052601001517,HBL,47,49,110,590.0,64900.0
2019-05-26,2019052601001296,HBL,47,21,90,590.0,53100.0
2019-05-26,2019052601001295,HBL,17,21,10,590.0,5900.0
2019-05-26,2019052601001759,HDL,52,17,25,1795.0,44875.0
2019-05-26,2019052601001758,HDL,35,17,10,1799.0,17990.0
2019-05-26,2019052601001573,HDL,53,22,20,1800.0,36000.0
2019-05-26,2019052601001572,HDL,22,22,10,1800.0,18000.0
2019-05-26,2019052601001415,HDL,48,17,15,1809.0,27135.0
2019-05-26,2019052601001414,HDL,53,17,30,1809.0,54270.0
2019-05-26,2019052601001392,HDL,25,17,10,1810.0,18100.0
2019-05-26,2019052601001391,HDL,39,17,50,1810.0,90500.0
2019-05-26,2019052601001690,HIDCL,26,57,40,167.0,6680.0
2019-05-26,2019052601001681,HIDCL,55,58,61,165.0,10065.0
2019-05-26,2019052601001650,HIDCL,55,1,11,165.0,1815.0
2019-05-26,2019052601001574,HIDCL,51,35,500,167.0,83500.0
2019-05-26,2019052601001558,HIDCL,51,35,500,167.0,83500.0
2019-05-26,2019052601001379,HIDCL,1,1,61,167.0,10187.0
2019-05-26,2019052601001315,HIDCL,1,7,31,167.0,5177.0
2019-05-26,2019052601001314,HIDCL,6,7,30,167.0,5010.0
2019-05-26,2019052601001671,HPPL,37,1,10,180.0,1800.0
2019-05-26,2019052601001435,HPPL,37,51,10,180.0,1800.0
2019-05-26,2019052601001794,HURJA,29,29,20,123.0,2460.0
2019-05-26,2019052601001793,HURJA,29,22,10,123.0,1230.0
2019-05-26,2019052601001792,HURJA,29,16,20,123.0,2460.0
2019-05-26,2019052601001791,HURJA,29,42,20,123.0,2460.0
2019-05-26,2019052601001790,HURJA,29,29,20,123.0,2460.0
2019-05-26,2019052601001789,HURJA,29,29,20,123.0,2460.0
2019-05-26,2019052601001324,HURJA,54,43,20,121.0,2420.0
2019-05-26,2019052601001323,HURJA,54,34,20,121.0,2420.0
2019-05-26,2019052601001322,HURJA,54,55,20,120.0,2400.0
2019-05-26,2019052601001321,HURJA,54,55,20,120.0,2400.0
2019-05-26,2019052601001320,HURJA,54,55,20,120.0,2400.0
2019-05-26,2019052601001330,HURJA,54,25,20,121.0,2420.0
2019-05-26,2019052601001329,HURJA,54,43,20,121.0,2420.0
2019-05-26,2019052601001328,HURJA,54,38,260,121.0,31460.0
2019-05-26,2019052601001327,HURJA,54,43,10,121.0,1210.0
2019-05-26,2019052601001326,HURJA,54,43,20,121.0,2420.0
2019-05-26,2019052601001325,HURJA,54,38,20,121.0,2420.0
2019-05-26,2019052601001368,HURJA,54,41,20,120.0,2400.0
2019-05-26,2019052601001365,HURJA,54,41,20,120.0,2400.0
2019-05-26,2019052601001355,HURJA,54,22,20,120.0,2400.0
2019-05-26,2019052601001333,HURJA,54,25,20,121.0,2420.0
2019-05-26,2019052601001332,HURJA,54,25,20,121.0,2420.0
2019-05-26,2019052601001331,HURJA,54,25,20,121.0,2420.0
2019-05-26,2019052601001399,HURJA,54,43,20,120.0,2400.0
2019-05-26,2019052601001393,HURJA,54,43,20,120.0,2400.0
2019-05-26,2019052601001381,HURJA,54,43,20,120.0,2400.0
2019-05-26,2019052601001373,HURJA,54,22,20,120.0,2400.0
2019-05-26,2019052601001372,HURJA,54,50,20,120.0,2400.0
2019-05-26,2019052601001370,HURJA,54,43,20,120.0,2400.0
2019-05-26,2019052601001467,HURJA,38,43,20,121.0,2420.0
2019-05-26,2019052601001454,HURJA,38,43,20,121.0,2420.0
2019-05-26,2019052601001447,HURJA,3,25,20,121.0,2420.0
2019-05-26,2019052601001433,HURJA,54,43,20,120.0,2400.0
2019-05-26,2019052601001431,HURJA,54,42,20,120.0,2400.0
2019-05-26,2019052601001423,HURJA,54,43,20,120.0,2400.0
2019-05-26,2019052601001495,HURJA,1,46,10,121.0,1210.0
2019-05-26,2019052601001493,HURJA,1,45,20,121.0,2420.0
2019-05-26,2019052601001487,HURJA,1,1,20,121.0,2420.0
2019-05-26,2019052601001480,HURJA,1,43,20,121.0,2420.0
2019-05-26,2019052601001472,HURJA,1,43,20,121.0,2420.0
2019-05-26,2019052601001469,HURJA,38,43,20,121.0,2420.0
2019-05-26,2019052601001511,HURJA,25,25,20,122.0,2440.0
2019-05-26,2019052601001510,HURJA,25,25,20,122.0,2440.0
2019-05-26,2019052601001509,HURJA,25,25,20,122.0,2440.0
2019-05-26,2019052601001508,HURJA,25,6,20,122.0,2440.0
2019-05-26,2019052601001507,HURJA,25,36,20,122.0,2440.0
2019-05-26,2019052601001506,HURJA,25,34,20,122.0,2440.0
2019-05-26,2019052601001595,HURJA,42,49,20,121.0,2420.0
2019-05-26,2019052601001589,HURJA,1,43,20,121.0,2420.0
2019-05-26,2019052601001575,HURJA,1,43,20,121.0,2420.0
2019-05-26,2019052601001563,HURJA,1,55,20,121.0,2420.0
2019-05-26,2019052601001514,HURJA,1,46,20,121.0,2420.0
2019-05-26,2019052601001512,HURJA,25,25,20,122.0,2440.0
2019-05-26,2019052601001625,HURJA,3,52,20,122.0,2440.0
2019-05-26,2019052601001624,HURJA,3,43,20,122.0,2440.0
2019-05-26,2019052601001612,HURJA,56,49,10,121.0,1210.0
2019-05-26,2019052601001611,HURJA,42,49,10,121.0,1210.0
2019-05-26,2019052601001610,HURJA,56,43,20,122.0,2440.0
2019-05-26,2019052601001603,HURJA,42,49,20,121.0,2420.0
2019-05-26,2019052601001707,HURJA,52,6,20,122.0,2440.0
2019-05-26,2019052601001706,HURJA,52,14,20,122.0,2440.0
2019-05-26,2019052601001705,HURJA,52,38,20,122.0,2440.0
2019-05-26,2019052601001689,HURJA,19,38,60,122.0,7320.0
2019-05-26,2019052601001679,HURJA,19,43,20,122.0,2440.0
2019-05-26,2019052601001657,HURJA,19,43,20,122.0,2440.0
2019-05-26,2019052601001756,HURJA,52,43,10,122.0,1220.0
2019-05-26,2019052601001750,HURJA,52,43,20,122.0,2440.0
2019-05-26,2019052601001736,HURJA,52,43,20,122.0,2440.0
2019-05-26,2019052601001731,HURJA,52,43,20,122.0,2440.0
2019-05-26,2019052601001725,HURJA,52,43,20,122.0,2440.0
2019-05-26,2019052601001716,HURJA,52,43,20,122.0,2440.0
2019-05-26,2019052601001788,HURJA,29,29,20,123.0,2460.0
2019-05-26,2019052601001787,HURJA,29,17,20,123.0,2460.0
2019-05-26,2019052601001786,HURJA,29,45,20,123.0,2460.0
2019-05-26,2019052601001785,HURJA,29,50,20,123.0,2460.0
2019-05-26,2019052601001784,HURJA,29,34,40,123.0,4920.0
2019-05-26,2019052601001763,HURJA,52,43,20,122.0,2440.0
2019-05-26,2019052601001753,JBBL,46,42,50,154.0,7700.0
2019-05-26,2019052601001745,JBBL,1,13,20,155.0,3100.0
2019-05-26,2019052601001744,JBBL,1,6,3000,155.0,465000.0
2019-05-26,2019052601001743,JBBL,1,57,1166,155.0,180730.0
2019-05-26,2019052601001742,JBBL,1,50,1000,155.0,155000.0
2019-05-26,2019052601001678,JBBL,36,22,11,154.0,1694.0
2019-05-26,2019052601001594,JBBL,1,29,500,153.0,76500.0
2019-05-26,2019052601001566,JBNL,57,58,50,211.0,10550.0
2019-05-26,2019052601001453,JBNL,42,48,400,211.0,84400.0
2019-05-26,2019052601001452,JBNL,41,48,276,211.0,58236.0
2019-05-26,2019052601001378,JBNL,41,22,300,211.0,63300.0
2019-05-26,2019052601001547,JOSHI,49,53,10,111.0,1110.0
2019-05-26,2019052601001546,JOSHI,49,25,20,111.0,2220.0
2019-05-26,2019052601001545,JOSHI,49,25,20,111.0,2220.0
2019-05-26,2019052601001723,KBL,11,19,74,220.0,16280.0
2019-05-26,2019052601001713,KBL,42,59,100,221.0,22100.0
2019-05-26,2019052601001394,KBL,11,19,63,221.0,13923.0
2019-05-26,2019052601001359,KBL,55,19,284,220.0,62480.0
2019-05-26,2019052601001352,KBL,56,19,400,221.0,88400.0
2019-05-26,2019052601001301,KBL,56,38,100,221.0,22100.0
2019-05-26,2019052601001587,KKHC,42,57,148,72.0,10656.0
2019-05-26,2019052601001586,KKHC,25,57,152,73.0,11096.0
2019-05-26,2019052601001476,KKHC,25,46,16,73.0,1168.0
2019-05-26,2019052601001362,KKHC,25,17,16,73.0,1168.0
2019-05-26,2019052601001318,KNBL,25,16,1309,144.0,188496.0
2019-05-26,2019052601001317,KNBL,25,59,50,144.0,7200.0
2019-05-26,2019052601001674,KPCL,40,43,10,95.0,950.0
2019-05-26,2019052601001673,KPCL,40,43,10,95.0,950.0
2019-05-26,2019052601001672,KPCL,40,39,10,95.0,950.0
2019-05-26,2019052601001578,LBBL,44,42,1184,200.0,236800.0
2019-05-26,2019052601001369,LBBL,10,42,300,200.0,60000.0
2019-05-26,2019052601001387,LICN,28,36,10,1900.0,19000.0
2019-05-26,2019052601001704,MBL,59,22,52,270.0,14040.0
2019-05-26,2019052601001703,MBL,59,17,122,270.0,32940.0
2019-05-26,2019052601001590,MBL,45,17,100,269.0,26900.0
2019-05-26,2019052601001559,MBL,45,29,50,269.0,13450.0
2019-05-26,2019052601001675,MEGA,1,22,102,197.0,20094.0
2019-05-26,2019052601001397,MEGA,48,1,75,199.0,14925.0
2019-05-26,2019052601001396,MEGA,48,17,125,198.0,24750.0
2019-05-26,2019052601001757,MHNL,35,35,40,100.0,4000.0
2019-05-26,2019052601001482,MLBL,17,58,25,197.0,4925.0
2019-05-26,2019052601001481,MLBL,17,58,15,197.0,2955.0
2019-05-26,2019052601001310,MNBBL,32,17,104,374.0,38896.0
2019-05-26,2019052601001741,MPFL,6,46,50,219.0,10950.0
2019-05-26,2019052601001740,MPFL,59,46,50,219.0,10950.0
2019-05-26,2019052601001739,MPFL,41,46,150,220.0,33000.0
2019-05-26,2019052601001738,MPFL,6,46,11,220.0,2420.0
2019-05-26,2019052601001737,MPFL,6,46,34,221.0,7514.0
2019-05-26,2019052601001702,MPFL,6,46,16,221.0,3536.0
2019-05-26,2019052601001695,MPFL,38,46,100,223.0,22300.0
2019-05-26,2019052601001694,MPFL,35,46,49,223.0,10927.0
2019-05-26,2019052601001693,MPFL,57,46,50,224.0,11200.0
2019-05-26,2019052601001692,MPFL,57,46,50,225.0,11250.0
2019-05-26,2019052601001338,MPFL,35,49,101,223.0,22523.0
2019-05-26,2019052601001701,MPFL,56,46,200,221.0,44200.0
2019-05-26,2019052601001700,MPFL,57,46,10,221.0,2210.0
2019-05-26,2019052601001699,MPFL,52,46,50,221.0,11050.0
2019-05-26,2019052601001698,MPFL,22,46,10,221.0,2210.0
2019-05-26,2019052601001697,MPFL,6,46,10,222.0,2220.0
2019-05-26,2019052601001696,MPFL,6,46,455,222.0,101010.0
2019-05-26,2019052601001606,NADEP,55,52,50,450.0,22500.0
2019-05-26,2019052601001605,NADEP,4,52,10,450.0,4500.0
2019-05-26,2019052601001316,NADEP,4,17,20,450.0,9000.0
2019-05-26,2019052601001306,NADEP,4,45,20,450.0,9000.0
2019-05-26,2019052601001752,NBB,22,17,47,227.0,10669.0
2019-05-26,2019052601001751,NBB,22,17,53,227.0,12031.0
2019-05-26,2019052601001676,NBB,38,45,50,226.0,11300.0
2019-05-26,2019052601001561,NBB,34,29,100,225.0,22500.0
2019-05-26,2019052601001708,NBL,6,49,120,338.0,40560.0
2019-05-26,2019052601001677,NBL,26,49,30,338.0,10140.0
2019-05-26,2019052601001636,NBL,57,49,50,338.0,16900.0
2019-05-26,2019052601001550,NBL,45,49,399,338.0,134862.0
2019-05-26,2019052601001532,NBL,45,56,101,338.0,34138.0
2019-05-26,2019052601001531,NBL,34,56,500,338.0,169000.0
2019-05-26,2019052601001457,NBL,32,38,2000,339.0,678000.0
2019-05-26,2019052601001530,NBL,14,56,500,338.0,169000.0
2019-05-26,2019052601001529,NBL,32,56,500,338.0,169000.0
2019-05-26,2019052601001528,NBL,45,56,500,338.0,169000.0
2019-05-26,2019052601001460,NBL,40,38,1000,339.0,339000.0
2019-05-26,2019052601001459,NBL,21,38,500,339.0,169500.0
2019-05-26,2019052601001458,NBL,14,38,20,339.0,6780.0
2019-05-26,2019052601001686,NCCB,46,22,62,263.0,16306.0
2019-05-26,2019052601001652,NCCB,46,17,213,263.0,56019.0
2019-05-26,2019052601001651,NCCB,46,36,178,263.0,46814.0
2019-05-26,2019052601001570,NCCB,41,36,822,263.0,216186.0
2019-05-26,2019052601001569,NCCB,41,38,100,263.0,26300.0
2019-05-26,2019052601001568,NCCB,41,22,78,263.0,20514.0
2019-05-26,2019052601001564,NCCB,41,21,250,262.0,65500.0
2019-05-26,2019052601001390,NCCB,41,22,122,263.0,32086.0
2019-05-26,2019052601001389,NCCB,41,7,28,263.0,7364.0
2019-05-26,2019052601001718,NHPC,56,21,150,70.0,10500.0
2019-05-26,2019052601001717,NHPC,56,21,50,70.0,3500.0
2019-05-26,2019052601001687,NHPC,56,49,950,70.0,66500.0
2019-05-26,2019052601001670,NHPC,26,49,50,71.0,3550.0
2019-05-26,2019052601001616,NIB,47,26,364,537.0,195468.0
2019-05-26,2019052601001615,NIB,47,16,36,536.0,19296.0
2019-05-26,2019052601001604,NIB,56,58,30,535.0,16050.0
2019-05-26,2019052601001577,NIB,51,16,60,536.0,32160.0
2019-05-26,2019052601001576,NIB,11,16,22,536.0,11792.0
2019-05-26,2019052601001367,NIB,11,1,44,536.0,23584.0
2019-05-26,2019052601001345,NIB,11,1,34,536.0,18224.0
2019-05-26,2019052601001344,NIB,54,1,10,536.0,5360.0
2019-05-26,2019052601001335,NIB,45,1,44,536.0,23584.0
2019-05-26,2019052601001312,NIB,45,1,44,536.0,23584.0
2019-05-26,2019052601001304,NIB,45,1,44,536.0,23584.0
2019-05-26,2019052601001513,NIBPO,34,40,100,506.0,50600.0
2019-05-26,2019052601001727,NICA,43,38,339,482.0,163398.0
2019-05-26,2019052601001680,NICA,43,1,61,482.0,29402.0
2019-05-26,2019052601001634,NICA,25,38,60,483.0,28980.0
2019-05-26,2019052601001565,NICA,43,29,100,482.0,48200.0
2019-05-26,2019052601001497,NICA,41,38,44,483.0,21252.0
2019-05-26,2019052601001382,NICA,41,59,56,483.0,27048.0
2019-05-26,2019052601001339,NICA,45,59,387,483.0,186921.0
2019-05-26,2019052601001683,NLIC,5,29,37,936.0,34632.0
2019-05-26,2019052601001682,NLIC,32,29,11,936.0,10296.0
2019-05-26,2019052601001637,NLIC,32,4,243,937.0,227691.0
2019-05-26,2019052601001486,NLIC,5,1,17,936.0,15912.0
2019-05-26,2019052601001485,NLIC,5,1,17,936.0,15912.0
2019-05-26,2019052601001455,NLIC,32,1,17,936.0,15912.0
2019-05-26,2019052601001449,NLIC,32,1,17,936.0,15912.0
2019-05-26,2019052601001430,NLIC,32,1,17,936.0,15912.0
2019-05-26,2019052601001416,NLIC,32,7,10,936.0,9360.0
2019-05-26,2019052601001375,NLIC,28,4,30,937.0,28110.0
2019-05-26,2019052601001505,NMBMF,58,28,10,1134.0,11340.0
2019-05-26,2019052601001342,NMFBS,20,11,29,1570.0,45530.0
2019-05-26,2019052601001448,NSEWA,11,45,10,444.0,4440.0
2019-05-26,2019052601001424,NSEWA,11,44,10,444.0,4440.0
2019-05-26,2019052601001630,OHL,45,45,13,675.0,8775.0
2019-05-26,2019052601001593,OHL,45,47,345,675.0,232875.0
2019-05-26,2019052601001768,PFL,17,17,1,139.0,139.0
2019-05-26,2019052601001749,PFL,17,17,1,139.0,139.0
2019-05-26,2019052601001732,PFL,17,17,1,139.0,139.0
2019-05-26,2019052601001643,PFL,17,17,1,139.0,139.0
2019-05-26,2019052601001549,PFL,17,17,1,139.0,139.0
2019-05-26,2019052601001504,PFL,17,17,1,139.0,139.0
2019-05-26,2019052601001395,PFL,28,1,34,138.0,4692.0
2019-05-26,2019052601001388,PFL,17,17,1,139.0,139.0
2019-05-26,2019052601001360,PFL,17,17,1,139.0,139.0
2019-05-26,2019052601001334,PFL,28,17,13,138.0,1794.0
2019-05-26,2019052601001490,PFL,17,17,1,139.0,139.0
2019-05-26,2019052601001477,PFL,17,17,1,139.0,139.0
2019-05-26,2019052601001434,PFL,17,17,1,139.0,139.0
2019-05-26,2019052601001429,PFL,1,1,34,138.0,4692.0
2019-05-26,2019052601001428,PFL,28,7,27,138.0,3726.0
2019-05-26,2019052601001400,PFL,17,17,1,139.0,139.0
2019-05-26,2019052601001552,PIC,28,17,11,1200.0,13200.0
2019-05-26,2019052601001548,PIC,28,49,11,1200.0,13200.0
2019-05-26,2019052601001635,PMHPL,7,17,10,112.0,1120.0
2019-05-26,2019052601001560,PMHPL,7,17,10,112.0,1120.0
2019-05-26,2019052601001336,PMHPL,7,45,10,112.0,1120.0
2019-05-26,2019052601001772,PRVU,44,10,65,277.0,18005.0
2019-05-26,2019052601001543,PRVU,57,34,50,278.0,13900.0
2019-05-26,2019052601001466,PRVU,44,54,623,277.0,172571.0
2019-05-26,2019052601001464,PRVU,44,43,500,278.0,139000.0
2019-05-26,2019052601001463,PRVU,44,34,1000,278.0,278000.0
2019-05-26,2019052601001462,PRVU,44,52,17,278.0,4726.0
2019-05-26,2019052601001461,PRVU,44,34,500,278.0,139000.0
2019-05-26,2019052601001351,RADHI,13,57,100,170.0,17000.0
2019-05-26,2019052601001647,RBCL,59,50,10,11000.0,110000.0
2019-05-26,2019052601001641,RBCL,59,50,10,11000.0,110000.0
2019-05-26,2019052601001776,RLFL,6,41,200,139.0,27800.0
2019-05-26,2019052601001620,RLFL,49,58,100,140.0,14000.0
2019-05-26,2019052601001515,RLFL,49,58,500,140.0,70000.0
2019-05-26,2019052601001499,RLFL,48,44,66,138.0,9108.0
2019-05-26,2019052601001498,RLFL,6,44,66,138.0,9108.0
2019-05-26,2019052601001491,RLFL,6,44,132,138.0,18216.0
2019-05-26,2019052601001308,RLFL,57,58,200,140.0,28000.0
2019-05-26,2019052601001307,RLFL,48,58,366,140.0,51240.0
2019-05-26,2019052601001406,RLFL,40,58,1000,139.0,139000.0
2019-05-26,2019052601001405,RLFL,22,58,50,139.0,6950.0
2019-05-26,2019052601001404,RLFL,1,58,500,139.0,69500.0
2019-05-26,2019052601001403,RLFL,52,58,80,139.0,11120.0
2019-05-26,2019052601001376,RLFL,52,17,20,139.0,2780.0
2019-05-26,2019052601001309,RLFL,40,58,500,140.0,70000.0
2019-05-26,2019052601001483,RLFL,6,44,132,138.0,18216.0
2019-05-26,2019052601001426,RLFL,43,58,1029,140.0,144060.0
2019-05-26,2019052601001425,RLFL,43,58,603,140.0,84420.0
2019-05-26,2019052601001409,RLFL,6,58,1670,138.0,230460.0
2019-05-26,2019052601001408,RLFL,48,58,500,139.0,69500.0
2019-05-26,2019052601001407,RLFL,16,58,200,139.0,27800.0
2019-05-26,2019052601001471,RMDC,38,17,196,666.0,130536.0
2019-05-26,2019052601001470,RMDC,53,17,50,666.0,33300.0
2019-05-26,2019052601001503,RRHP,56,41,10,97.0,970.0
2019-05-26,2019052601001502,RRHP,56,48,10,97.0,970.0
2019-05-26,2019052601001501,RRHP,56,48,10,97.0,970.0
2019-05-26,2019052601001500,RRHP,56,57,10,97.0,970.0
2019-05-26,2019052601001357,RSDC,29,32,12,378.0,4536.0
2019-05-26,2019052601001356,RSDC,29,28,13,378.0,4914.0
2019-05-26,2019052601001557,SAEF,47,46,1000,9.75,9750.0
2019-05-26,2019052601001541,SAEF,47,46,500,9.75,4875.0
2019-05-26,2019052601001767,SBI,44,42,500,473.0,236500.0
2019-05-26,2019052601001766,SBI,59,42,300,473.0,141900.0
2019-05-26,2019052601001765,SBI,44,42,150,474.0,71100.0
2019-05-26,2019052601001764,SBI,46,42,400,474.0,189600.0
2019-05-26,2019052601001755,SBI,59,42,100,477.0,47700.0
2019-05-26,2019052601001754,SBI,8,42,10,478.0,4780.0
2019-05-26,2019052601001685,SBL,53,10,174,334.0,58116.0
2019-05-26,2019052601001684,SBL,13,10,500,334.0,167000.0
2019-05-26,2019052601001579,SCB,6,1,20,674.0,13480.0
2019-05-26,2019052601001494,SCB,6,17,53,674.0,35722.0
2019-05-26,2019052601001432,SCB,43,7,10,673.0,6730.0
2019-05-26,2019052601001669,SHINE,35,17,10,260.0,2600.0
2019-05-26,2019052601001668,SHINE,19,17,20,260.0,5200.0
2019-05-26,2019052601001730,SHIVM,44,47,40,548.0,21920.0
2019-05-26,2019052601001729,SHIVM,44,47,60,548.0,32880.0
2019-05-26,2019052601001666,SHIVM,22,47,60,548.0,32880.0
2019-05-26,2019052601001665,SHIVM,22,47,55,548.0,30140.0
2019-05-26,2019052601001664,SHIVM,22,47,55,548.0,30140.0
2019-05-26,2019052601001300,SHIVM,46,47,50,545.0,27250.0
2019-05-26,2019052601001299,SHIVM,46,37,50,545.0,27250.0
2019-05-26,2019052601001298,SHIVM,46,16,20,545.0,10900.0
2019-05-26,2019052601001439,SHIVM,22,47,50,548.0,27400.0
2019-05-26,2019052601001438,SHIVM,22,47,50,548.0,27400.0
2019-05-26,2019052601001437,SHIVM,22,47,50,548.0,27400.0
2019-05-26,2019052601001419,SHIVM,44,47,50,548.0,27400.0
2019-05-26,2019052601001418,SHIVM,44,47,50,548.0,27400.0
2019-05-26,2019052601001413,SHIVM,46,44,25,544.0,13600.0
2019-05-26,2019052601001445,SHIVM,22,47,50,548.0,27400.0
2019-05-26,2019052601001444,SHIVM,22,47,50,548.0,27400.0
2019-05-26,2019052601001443,SHIVM,22,47,50,548.0,27400.0
2019-05-26,2019052601001442,SHIVM,22,47,50,548.0,27400.0
2019-05-26,2019052601001441,SHIVM,22,47,50,548.0,27400.0
2019-05-26,2019052601001440,SHIVM,22,47,50,548.0,27400.0
2019-05-26,2019052601001640,SHIVM,44,22,50,547.0,27350.0
2019-05-26,2019052601001631,SHIVM,48,56,50,545.0,27250.0
2019-05-26,2019052601001613,SHIVM,46,45,50,545.0,27250.0
2019-05-26,2019052601001478,SHIVM,46,19,40,544.0,21760.0
2019-05-26,2019052601001456,SHIVM,46,45,250,544.0,136000.0
2019-05-26,2019052601001446,SHIVM,22,47,50,548.0,27400.0
2019-05-26,2019052601001663,SHIVM,22,47,55,548.0,30140.0
2019-05-26,2019052601001662,SHIVM,22,47,55,548.0,30140.0
2019-05-26,2019052601001661,SHIVM,22,47,55,548.0,30140.0
2019-05-26,2019052601001660,SHIVM,22,47,55,548.0,30140.0
2019-05-26,2019052601001659,SHIVM,22,47,55,548.0,30140.0
2019-05-26,2019052601001658,SHIVM,22,47,55,548.0,30140.0
2019-05-26,2019052601001777,SHL,43,26,300,249.0,74700.0
2019-05-26,2019052601001319,SIC,38,28,10,1410.0,14100.0
2019-05-26,2019052601001297,SINDU,45,56,10,142.0,1420.0
2019-05-26,2019052601001629,SRBL,13,28,157,260.0,40820.0
2019-05-26,2019052601001628,SRBL,13,17,29,260.0,7540.0
2019-05-26,2019052601001627,SRBL,13,1,69,260.0,17940.0
2019-05-26,2019052601001626,SRBL,13,46,27,260.0,7020.0
2019-05-26,2019052601001377,UIC,58,34,100,960.0,96000.0
2019-05-26,2019052601001341,UPCL,59,45,50,95.0,4750.0
2019-05-26,2019052601001769,UPPER,34,21,200,276.0,55200.0
2019-05-26,2019052601001762,UPPER,46,22,149,277.0,41273.0
2019-05-26,2019052601001715,UPPER,46,37,40,277.0,11080.0
2019-05-26,2019052601001714,UPPER,46,57,36,277.0,9972.0
2019-05-26,2019052601001346,UPPER,47,38,50,279.0,13950.0
2019-05-26,2019052601001343,UPPER,47,7,40,279.0,11160.0
2019-05-26,2019052601001340,UPPER,47,55,50,279.0,13950.0
2019-05-26,2019052601001302,UPPER,47,38,40,279.0,11160.0
2019-05-26,2019052601001354,UPPER,47,57,50,279.0,13950.0
2019-05-26,2019052601001353,UPPER,47,55,50,279.0,13950.0
2019-05-26,2019052601001350,UPPER,47,58,100,279.0,27900.0
2019-05-26,2019052601001349,UPPER,47,47,50,279.0,13950.0
2019-05-26,2019052601001348,UPPER,47,44,330,279.0,92070.0
2019-05-26,2019052601001347,UPPER,47,50,300,279.0,83700.0
2019-05-26,2019052601001398,UPPER,47,58,300,279.0,83700.0
2019-05-26,2019052601001386,UPPER,47,55,50,279.0,13950.0
2019-05-26,2019052601001380,UPPER,47,41,97,279.0,27063.0
2019-05-26,2019052601001374,UPPER,47,51,50,279.0,13950.0
2019-05-26,2019052601001371,UPPER,47,55,40,279.0,11160.0
2019-05-26,2019052601001363,UPPER,47,55,40,279.0,11160.0
2019-05-26,2019052601001451,UPPER,13,58,190,277.0,52630.0
2019-05-26,2019052601001427,UPPER,34,33,40,279.0,11160.0
2019-05-26,2019052601001412,UPPER,38,33,41,279.0,11439.0
2019-05-26,2019052601001411,UPPER,38,57,50,279.0,13950.0
2019-05-26,2019052601001402,UPPER,38,14,209,279.0,58311.0
2019-05-26,2019052601001401,UPPER,47,14,84,279.0,23436.0
2019-05-26,2019052601001516,UPPER,40,48,30,277.0,8310.0
2019-05-26,2019052601001489,UPPER,34,28,200,276.0,55200.0
2019-05-26,2019052601001479,UPPER,34,33,150,276.0,41400.0
2019-05-26,2019052601001473,UPPER,34,58,50,276.0,13800.0
2019-05-26,2019052601001468,UPPER,34,38,50,276.0,13800.0
2019-05-26,2019052601001465,UPPER,13,48,10,277.0,2770.0
2019-05-26,2019052601001588,UPPER,14,58,50,278.0,13900.0
2019-05-26,2019052601001567,UPPER,14,17,50,278.0,13900.0
2019-05-26,2019052601001538,UPPER,59,38,40,278.0,11120.0
2019-05-26,2019052601001537,UPPER,59,17,50,278.0,13900.0
2019-05-26,2019052601001536,UPPER,59,57,50,278.0,13900.0
2019-05-26,2019052601001535,UPPER,59,42,40,278.0,11120.0
2019-05-26,2019052601001644,UPPER,51,57,50,277.0,13850.0
2019-05-26,2019052601001642,UPPER,51,56,100,277.0,27700.0
2019-05-26,2019052601001638,UPPER,51,29,50,277.0,13850.0
2019-05-26,2019052601001633,UPPER,51,58,50,277.0,13850.0
2019-05-26,2019052601001609,UPPER,34,34,50,276.0,13800.0
2019-05-26,2019052601001596,UPPER,34,34,50,276.0,13800.0
2019-05-26,2019052601001667,UPPER,51,57,14,277.0,3878.0
2019-05-26,2019052601001656,UPPER,51,37,50,277.0,13850.0
2019-05-26,2019052601001649,UPPER,51,57,40,277.0,11080.0
2019-05-26,2019052601001648,UPPER,51,51,96,277.0,26592.0
2019-05-26,2019052601001645,UPPER,51,17,50,277.0,13850.0
2019-05-26,2019052601001774,VLBS,53,39,12,550.0,6600.0
2019-05-26,2019052601001361,VLBS,45,22,50,556.0,27800.0
2019-05-26,2019052601007166,ADBL,58,45,14,424.0,5936.0
2019-05-26,2019052601007022,ADBL,58,48,136,424.0,57664.0
2019-05-26,2019052601007021,ADBL,50,48,54,425.0,22950.0
2019-05-26,2019052601006997,ADBL,42,57,644,425.0,273700.0
2019-05-26,2019052601006921,ADBL,58,1,334,424.0,141616.0
2019-05-26,2019052601006920,ADBL,56,1,66,424.0,27984.0
2019-05-26,2019052601006827,ADBL,42,57,200,425.0,85000.0
2019-05-26,2019052601006942,AHPC,55,6,2350,111.0,260850.0
2019-05-26,2019052601007036,AKPL,8,49,13,190.0,2470.0
2019-05-26,2019052601007159,AMFI,6,59,10,555.0,5550.0
2019-05-26,2019052601007151,API,58,45,146,155.0,22630.0
2019-05-26,2019052601007150,API,50,45,10,155.0,1550.0
2019-05-26,2019052601007149,API,43,45,344,155.0,53320.0
2019-05-26,2019052601007132,API,43,58,156,155.0,24180.0
2019-05-26,2019052601007131,API,7,58,344,155.0,53320.0
2019-05-26,2019052601006900,API,7,19,156,155.0,24180.0
2019-05-26,2019052601006861,API,4,42,1127,156.0,175812.0
2019-05-26,2019052601006860,API,14,42,50,157.0,7850.0
2019-05-26,2019052601006859,API,40,42,37,157.0,5809.0
2019-05-26,2019052601006858,API,58,42,100,158.0,15800.0
2019-05-26,2019052601006899,API,43,19,100,155.0,15500.0
2019-05-26,2019052601006898,API,55,19,200,155.0,31000.0
2019-05-26,2019052601006897,API,43,19,100,155.0,15500.0
2019-05-26,2019052601006896,API,29,19,200,156.0,31200.0
2019-05-26,2019052601006895,API,4,19,244,156.0,38064.0
2019-05-26,2019052601006894,API,4,58,500,156.0,78000.0
2019-05-26,2019052601006982,BOKL,37,5,2000,273.0,546000.0
2019-05-26,2019052601006981,BOKL,57,5,500,273.0,136500.0
2019-05-26,2019052601006980,BOKL,42,5,300,273.0,81900.0
2019-05-26,2019052601006979,BOKL,16,5,1600,273.0,436800.0
2019-05-26,2019052601006933,BOKL,16,46,200,273.0,54600.0
2019-05-26,2019052601006932,BOKL,45,46,20,274.0,5480.0
2019-05-26,2019052601006821,BOKL,45,6,20,274.0,5480.0
2019-05-26,2019052601007094,BPCL,38,38,2,415.0,830.0
2019-05-26,2019052601007014,BPCL,45,14,11,421.0,4631.0
2019-05-26,2019052601006945,BPCL,45,56,22,421.0,9262.0
2019-05-26,2019052601007113,CBL,36,25,223,147.0,32781.0
2019-05-26,2019052601007112,CBL,36,58,2630,147.0,386610.0
2019-05-26,2019052601007079,CBL,38,58,1000,147.0,147000.0
2019-05-26,2019052601006956,CBL,45,58,2000,147.0,294000.0
2019-05-26,2019052601007180,CCBL,52,34,40,168.0,6720.0
2019-05-26,2019052601007134,CCBL,17,53,300,169.0,50700.0
2019-05-26,2019052601007125,CCBL,1,53,20,169.0,3380.0
2019-05-26,2019052601007217,CFCL,55,28,119,115.0,13685.0
2019-05-26,2019052601007133,CHCL,17,20,100,532.0,53200.0
2019-05-26,2019052601007099,CHCL,36,6,180,530.0,95400.0
2019-05-26,2019052601007098,CHCL,6,6,200,530.0,106000.0
2019-05-26,2019052601007097,CHCL,29,6,100,531.0,53100.0
2019-05-26,2019052601007096,CHCL,1,6,300,531.0,159300.0
2019-05-26,2019052601007095,CHCL,22,6,220,531.0,116820.0
2019-05-26,2019052601007175,CHLBS,52,52,10,447.0,4470.0
2019-05-26,2019052601006996,CIT,51,50,10,2600.0,26000.0
2019-05-26,2019052601007035,CZBIL,32,42,568,227.0,128936.0
2019-05-26,2019052601007034,CZBIL,14,42,433,227.0,98291.0
2019-05-26,2019052601007033,CZBIL,37,42,500,227.0,113500.0
2019-05-26,2019052601007032,CZBIL,49,42,1016,227.0,230632.0
2019-05-26,2019052601007031,CZBIL,57,42,123,227.0,27921.0
2019-05-26,2019052601007030,CZBIL,42,42,300,228.0,68400.0
2019-05-26,2019052601007029,CZBIL,49,42,60,228.0,13680.0
2019-05-26,2019052601006947,CZBIL,49,46,288,228.0,65664.0
2019-05-26,2019052601007211,DBBL,33,56,73,149.0,10877.0
2019-05-26,2019052601007171,DBBL,55,40,900,148.0,133200.0
2019-05-26,2019052601007093,DBBL,55,40,2028,148.0,300144.0
2019-05-26,2019052601007092,DBBL,16,40,2972,148.0,439856.0
2019-05-26,2019052601006805,DBBL,16,44,14,148.0,2072.0
2019-05-26,2019052601007277,EBL,49,5,10,660.0,6600.0
2019-05-26,2019052601007276,EBL,21,5,25,660.0,16500.0
2019-05-26,2019052601007085,FOWAD,33,47,15,1510.0,22650.0
2019-05-26,2019052601007207,GBIME,17,11,1922,307.0,590054.0
2019-05-26,2019052601007206,GBIME,1,11,78,307.0,23946.0
2019-05-26,2019052601007123,GBIME,1,35,54,307.0,16578.0
2019-05-26,2019052601006855,GBIME,1,1,136,307.0,41752.0
2019-05-26,2019052601006854,GBIME,39,1,864,307.0,265248.0
2019-05-26,2019052601007243,GBLBS,1,34,10,382.0,3820.0
2019-05-26,2019052601006905,GBLBS,36,34,10,382.0,3820.0
2019-05-26,2019052601007020,GFCL,1,32,28,121.0,3388.0
2019-05-26,2019052601007019,GFCL,59,32,300,121.0,36300.0
2019-05-26,2019052601007018,GFCL,41,32,200,122.0,24400.0
2019-05-26,2019052601007088,GHL,34,59,30,90.0,2700.0
2019-05-26,2019052601007024,GLICL,54,51,60,557.0,33420.0
2019-05-26,2019052601006941,GUFL,39,6,140,113.0,15820.0
2019-05-26,2019052601006940,GUFL,58,6,20,113.0,2260.0
2019-05-26,2019052601006992,HGI,18,21,200,382.0,76400.0
2019-05-26,2019052601007148,HIDCL,26,58,486,165.0,80190.0
2019-05-26,2019052601007147,HIDCL,36,58,14,165.0,2310.0
2019-05-26,2019052601006995,HIDCL,36,58,86,165.0,14190.0
2019-05-26,2019052601006994,HIDCL,54,58,200,165.0,33000.0
2019-05-26,2019052601006993,HIDCL,44,58,214,165.0,35310.0
2019-05-26,2019052601006828,HIDCL,44,16,25,165.0,4125.0
2019-05-26,2019052601007162,HPPL,11,59,10,185.0,1850.0
2019-05-26,2019052601007137,HPPL,11,59,20,185.0,3700.0
2019-05-26,2019052601007090,HPPL,11,59,10,185.0,1850.0
2019-05-26,2019052601007294,HURJA,42,57,20,128.0,2560.0
2019-05-26,2019052601007267,HURJA,48,49,20,127.0,2540.0
2019-05-26,2019052601007130,HURJA,18,59,20,127.0,2540.0
2019-05-26,2019052601007129,HURJA,18,59,20,127.0,2540.0
2019-05-26,2019052601007004,HURJA,28,19,20,126.0,2520.0
2019-05-26,2019052601006990,HURJA,43,25,20,127.0,2540.0
2019-05-26,2019052601006809,HURJA,19,58,20,128.0,2560.0
2019-05-26,2019052601006907,HURJA,43,41,20,127.0,2540.0
2019-05-26,2019052601006886,HURJA,43,25,20,127.0,2540.0
2019-05-26,2019052601006882,HURJA,43,49,20,127.0,2540.0
2019-05-26,2019052601006857,HURJA,19,49,20,128.0,2560.0
2019-05-26,2019052601006848,HURJA,19,19,20,128.0,2560.0
2019-05-26,2019052601006847,HURJA,19,33,20,128.0,2560.0
2019-05-26,2019052601006978,HURJA,43,59,20,127.0,2540.0
2019-05-26,2019052601006973,HURJA,43,59,20,127.0,2540.0
2019-05-26,2019052601006965,HURJA,43,59,20,127.0,2540.0
2019-05-26,2019052601006949,HURJA,43,33,20,127.0,2540.0
2019-05-26,2019052601006948,HURJA,43,59,20,127.0,2540.0
2019-05-26,2019052601006919,HURJA,43,25,20,127.0,2540.0
2019-05-26,2019052601006959,JBBL,36,56,197,152.0,29944.0
2019-05-26,2019052601006958,JBBL,57,56,21,153.0,3213.0
2019-05-26,2019052601006801,JBBL,57,42,219,153.0,33507.0
2019-05-26,2019052601007170,JBNL,36,36,1000,209.0,209000.0
2019-05-26,2019052601007136,JBNL,10,35,12,208.0,2496.0
2019-05-26,2019052601006989,JBNL,41,58,1556,209.0,325204.0
2019-05-26,2019052601006918,JBNL,45,58,100,209.0,20900.0
2019-05-26,2019052601006893,JBNL,10,58,100,208.0,20800.0
2019-05-26,2019052601006800,JBNL,59,58,344,209.0,71896.0
2019-05-26,2019052601006930,JSLBB,48,21,14,2048.0,28672.0
2019-05-26,2019052601006874,JSLBB,48,21,14,2048.0,28672.0
2019-05-26,2019052601006881,KBL,45,17,326,217.0,70742.0
2019-05-26,2019052601006880,KBL,51,17,2000,217.0,434000.0
2019-05-26,2019052601006879,KBL,1,17,274,217.0,59458.0
2019-05-26,2019052601006878,KBL,48,17,200,218.0,43600.0
2019-05-26,2019052601006877,KBL,59,17,500,218.0,109000.0
2019-05-26,2019052601006876,KBL,50,17,200,218.0,43600.0
2019-05-26,2019052601006875,KBL,41,17,500,218.0,109000.0
2019-05-26,2019052601006872,KBL,42,49,100,219.0,21900.0
2019-05-26,2019052601007279,KNBL,25,45,500,145.0,72500.0
2019-05-26,2019052601007278,KNBL,25,59,300,145.0,43500.0
2019-05-26,2019052601007242,KPCL,25,22,10,96.0,960.0
2019-05-26,2019052601007241,KPCL,25,58,10,96.0,960.0
2019-05-26,2019052601007240,KPCL,25,28,10,96.0,960.0
2019-05-26,2019052601007221,KPCL,25,38,10,96.0,960.0
2019-05-26,2019052601007220,KPCL,25,38,10,96.0,960.0
2019-05-26,2019052601007227,KPCL,25,59,10,96.0,960.0
2019-05-26,2019052601007226,KPCL,25,38,10,96.0,960.0
2019-05-26,2019052601007225,KPCL,25,39,10,96.0,960.0
2019-05-26,2019052601007224,KPCL,25,59,10,96.0,960.0
2019-05-26,2019052601007223,KPCL,25,39,10,96.0,960.0
2019-05-26,2019052601007222,KPCL,25,46,10,96.0,960.0
2019-05-26,2019052601007233,KPCL,25,38,10,96.0,960.0
2019-05-26,2019052601007232,KPCL,25,1,10,96.0,960.0
2019-05-26,2019052601007231,KPCL,25,59,10,96.0,960.0
2019-05-26,2019052601007230,KPCL,25,1,10,96.0,960.0
2019-05-26,2019052601007229,KPCL,25,59,10,96.0,960.0
2019-05-26,2019052601007228,KPCL,25,1,10,96.0,960.0
2019-05-26,2019052601007239,KPCL,25,16,10,96.0,960.0
2019-05-26,2019052601007238,KPCL,25,50,10,96.0,960.0
2019-05-26,2019052601007237,KPCL,25,38,10,96.0,960.0
2019-05-26,2019052601007236,KPCL,25,49,10,96.0,960.0
2019-05-26,2019052601007235,KPCL,25,38,10,96.0,960.0
2019-05-26,2019052601007234,KPCL,25,38,10,96.0,960.0
2019-05-26,2019052601007010,KSBBL,5,52,62,156.0,9672.0
2019-05-26,2019052601007009,KSBBL,1,52,14,156.0,2184.0
2019-05-26,2019052601007145,LBBL,33,35,27,201.0,5427.0
2019-05-26,2019052601007135,LBBL,33,14,200,201.0,40200.0
2019-05-26,2019052601006926,LBBL,33,26,32,201.0,6432.0
2019-05-26,2019052601006925,LBBL,39,26,468,201.0,94068.0
2019-05-26,2019052601006814,LBBL,19,48,10,202.0,2020.0
2019-05-26,2019052601006963,LBL,42,46,272,222.0,60384.0
2019-05-26,2019052601006962,LBL,42,46,10,223.0,2230.0
2019-05-26,2019052601006911,LBL,42,40,15,223.0,3345.0
2019-05-26,2019052601006910,LBL,48,40,172,223.0,38356.0
2019-05-26,2019052601007179,LICN,42,35,250,1892.0,473000.0
2019-05-26,2019052601006986,LICN,48,35,20,1895.0,37900.0
2019-05-26,2019052601006985,LICN,44,35,20,1895.0,37900.0
2019-05-26,2019052601006984,LICN,56,35,80,1896.0,151680.0
2019-05-26,2019052601006983,LICN,35,35,50,1897.0,94850.0
2019-05-26,2019052601006836,LICN,17,17,10,1900.0,19000.0
2019-05-26,2019052601006977,MEGA,57,46,206,194.0,39964.0
2019-05-26,2019052601006975,MEGA,17,25,110,195.0,21450.0
2019-05-26,2019052601006974,MEGA,17,17,384,195.0,74880.0
2019-05-26,2019052601006815,MEGA,26,17,260,195.0,50700.0
2019-05-26,2019052601007124,MHNL,48,38,460,101.0,46460.0
2019-05-26,2019052601007118,MHNL,48,58,40,101.0,4040.0
2019-05-26,2019052601006892,MHNL,53,58,10,100.0,1000.0
2019-05-26,2019052601006891,MHNL,47,58,20,101.0,2020.0
2019-05-26,2019052601006885,MLBL,42,1,400,196.0,78400.0
2019-05-26,2019052601006884,MLBL,48,1,600,197.0,118200.0
2019-05-26,2019052601007114,MPFL,6,59,15,225.0,3375.0
2019-05-26,2019052601006804,MSLB,10,34,5,1060.0,5300.0
2019-05-26,2019052601006803,MSLB,10,1,10,1060.0,10600.0
2019-05-26,2019052601006802,MSLB,6,1,100,1061.0,106100.0
2019-05-26,2019052601006906,NADEP,41,58,10,451.0,4510.0
2019-05-26,2019052601007117,NBB,17,32,111,224.0,24864.0
2019-05-26,2019052601007116,NBB,58,32,243,224.0,54432.0
2019-05-26,2019052601006991,NBB,58,46,257,224.0,57568.0
2019-05-26,2019052601007246,NBL,16,6,600,335.0,201000.0
2019-05-26,2019052601007245,NBL,16,6,400,335.0,134000.0
2019-05-26,2019052601007209,NBL,16,44,600,335.0,201000.0
2019-05-26,2019052601007208,NBL,16,44,400,335.0,134000.0
2019-05-26,2019052601007173,NBL,50,58,100,336.0,33600.0
2019-05-26,2019052601007084,NBL,16,58,1000,335.0,335000.0
2019-05-26,2019052601006938,NBL,32,1,200,336.0,67200.0
2019-05-26,2019052601006865,NBL,32,29,500,337.0,168500.0
2019-05-26,2019052601006842,NBL,16,58,500,337.0,168500.0
2019-05-26,2019052601006806,NBL,45,58,100,337.0,33700.0
2019-05-26,2019052601007041,NBL,36,58,5000,336.0,1680000.0
2019-05-26,2019052601007040,NBL,14,58,176,336.0,59136.0
2019-05-26,2019052601007015,NBL,14,52,250,336.0,84000.0
2019-05-26,2019052601007003,NBL,14,32,574,336.0,192864.0
2019-05-26,2019052601007002,NBL,38,32,200,336.0,67200.0
2019-05-26,2019052601006939,NBL,38,1,300,336.0,100800.0
2019-05-26,2019052601007047,NBL,40,58,200,336.0,67200.0
2019-05-26,2019052601007046,NBL,25,58,500,336.0,168000.0
2019-05-26,2019052601007045,NBL,42,58,333,336.0,111888.0
2019-05-26,2019052601007044,NBL,45,58,1000,336.0,336000.0
2019-05-26,2019052601007043,NBL,59,58,200,336.0,67200.0
2019-05-26,2019052601007042,NBL,45,58,200,336.0,67200.0
2019-05-26,2019052601007053,NBL,16,58,2000,335.0,670000.0
2019-05-26,2019052601007052,NBL,48,58,500,335.0,167500.0
2019-05-26,2019052601007051,NBL,57,58,1000,335.0,335000.0
2019-05-26,2019052601007050,NBL,32,58,1000,336.0,336000.0
2019-05-26,2019052601007049,NBL,33,58,300,336.0,100800.0
2019-05-26,2019052601007048,NBL,39,58,500,336.0,168000.0
2019-05-26,2019052601007059,NBL,29,58,850,335.0,284750.0
2019-05-26,2019052601007058,NBL,49,58,500,335.0,167500.0
2019-05-26,2019052601007057,NBL,36,58,700,335.0,234500.0
2019-05-26,2019052601007056,NBL,21,58,300,335.0,100500.0
2019-05-26,2019052601007055,NBL,6,58,700,335.0,234500.0
2019-05-26,2019052601007054,NBL,34,58,100,335.0,33500.0
2019-05-26,2019052601007065,NBL,42,58,1000,335.0,335000.0
2019-05-26,2019052601007064,NBL,6,58,2000,335.0,670000.0
2019-05-26,2019052601007063,NBL,32,58,1000,335.0,335000.0
2019-05-26,2019052601007062,NBL,6,58,400,335.0,134000.0
2019-05-26,2019052601007061,NBL,5,58,100,335.0,33500.0
2019-05-26,2019052601007060,NBL,7,58,1000,335.0,335000.0
2019-05-26,2019052601007071,NBL,33,58,335,335.0,112225.0
2019-05-26,2019052601007070,NBL,52,58,100,335.0,33500.0
2019-05-26,2019052601007069,NBL,1,58,200,335.0,67000.0
2019-05-26,2019052601007068,NBL,36,58,500,335.0,167500.0
2019-05-26,2019052601007067,NBL,45,58,200,335.0,67000.0
2019-05-26,2019052601007066,NBL,47,58,4000,335.0,1340000.0
2019-05-26,2019052601007077,NBL,59,58,100,335.0,33500.0
2019-05-26,2019052601007076,NBL,45,58,200,335.0,67000.0
2019-05-26,2019052601007075,NBL,48,58,100,335.0,33500.0
2019-05-26,2019052601007074,NBL,40,58,200,335.0,67000.0
2019-05-26,2019052601007073,NBL,1,58,300,335.0,100500.0
2019-05-26,2019052601007072,NBL,1,58,200,335.0,67000.0
2019-05-26,2019052601007128,NCCB,42,58,296,262.0,77552.0
2019-05-26,2019052601007102,NCCB,16,58,494,262.0,129428.0
2019-05-26,2019052601007101,NCCB,16,53,500,262.0,131000.0
2019-05-26,2019052601007100,NCCB,16,18,506,262.0,132572.0
2019-05-26,2019052601006944,NCCB,50,18,100,262.0,26200.0
2019-05-26,2019052601006917,NCCB,50,33,75,261.0,19575.0
2019-05-26,2019052601006823,NCCB,50,18,359,262.0,94058.0
2019-05-26,2019052601006816,NCCB,50,6,41,262.0,10742.0
2019-05-26,2019052601006808,NCCB,50,37,100,262.0,26200.0
2019-05-26,2019052601006799,NCCB,46,37,900,262.0,235800.0
2019-05-26,2019052601006798,NCCB,46,58,450,262.0,117900.0
2019-05-26,2019052601007266,NEF,16,8,172,8.46,1455.12
2019-05-26,2019052601006928,NEF,16,39,2414,8.46,20422.44
2019-05-26,2019052601006864,NEF,16,42,2414,8.46,20422.44
2019-05-26,2019052601006849,NHPC,56,58,500,71.0,35500.0
2019-05-26,2019052601007274,NIB,21,55,187,536.0,100232.0
2019-05-26,2019052601007273,NIB,16,55,413,536.0,221368.0
2019-05-26,2019052601007154,NIB,16,58,87,536.0,46632.0
2019-05-26,2019052601006967,NIB,42,58,50,536.0,26800.0
2019-05-26,2019052601006966,NIB,48,58,263,536.0,140968.0
2019-05-26,2019052601007160,NICA,16,58,500,480.0,240000.0
2019-05-26,2019052601007000,NICA,53,33,80,479.0,38320.0
2019-05-26,2019052601006953,NICA,53,52,431,479.0,206449.0
2019-05-26,2019052601006909,NICA,53,21,500,479.0,239500.0
2019-05-26,2019052601006873,NICA,53,6,200,479.0,95800.0
2019-05-26,2019052601006867,NICA,53,33,130,479.0,62270.0
2019-05-26,2019052601006988,NIL,43,19,100,511.0,51100.0
2019-05-26,2019052601006883,NIL,39,16,30,515.0,15450.0
2019-05-26,2019052601007219,NLBBL,25,11,280,518.0,145040.0
2019-05-26,2019052601007178,NLBBL,50,11,20,522.0,10440.0
2019-05-26,2019052601006931,NLBBL,42,38,50,524.0,26200.0
2019-05-26,2019052601007165,NLG,38,10,30,804.0,24120.0
2019-05-26,2019052601007257,NLIC,25,38,65,933.0,60645.0
2019-05-26,2019052601007256,NLIC,16,38,20,934.0,18680.0
2019-05-26,2019052601007255,NLIC,11,38,50,934.0,46700.0
2019-05-26,2019052601007254,NLIC,25,38,200,934.0,186800.0
2019-05-26,2019052601007244,NLIC,25,16,100,934.0,93400.0
2019-05-26,2019052601007202,NLIC,42,38,50,935.0,46750.0
2019-05-26,2019052601006822,NLIC,25,6,35,938.0,32830.0
2019-05-26,2019052601007080,NLIC,28,58,170,936.0,159120.0
2019-05-26,2019052601007017,NLIC,28,50,280,936.0,262080.0
2019-05-26,2019052601006969,NLIC,56,47,10,936.0,9360.0
2019-05-26,2019052601006852,NLIC,25,58,15,937.0,14055.0
2019-05-26,2019052601006851,NLIC,43,58,100,937.0,93700.0
2019-05-26,2019052601006850,NLIC,43,58,77,937.0,72149.0
2019-05-26,2019052601007189,NLIC,54,38,50,935.0,46750.0
2019-05-26,2019052601007188,NLIC,25,38,100,935.0,93500.0
2019-05-26,2019052601007187,NLIC,10,38,69,935.0,64515.0
2019-05-26,2019052601007083,NLIC,10,58,50,935.0,46750.0
2019-05-26,2019052601007082,NLIC,43,58,30,936.0,28080.0
2019-05-26,2019052601007081,NLIC,43,58,50,936.0,46800.0
2019-05-26,2019052601007195,NLIC,43,38,50,935.0,46750.0
2019-05-26,2019052601007194,NLIC,43,38,50,935.0,46750.0
2019-05-26,2019052601007193,NLIC,43,38,50,935.0,46750.0
2019-05-26,2019052601007192,NLIC,43,38,50,935.0,46750.0
2019-05-26,2019052601007191,NLIC,26,38,500,935.0,467500.0
2019-05-26,2019052601007190,NLIC,10,38,50,935.0,46750.0
2019-05-26,2019052601007201,NLIC,28,38,20,935.0,18700.0
2019-05-26,2019052601007200,NLIC,59,38,50,935.0,46750.0
2019-05-26,2019052601007199,NLIC,35,38,100,935.0,93500.0
2019-05-26,2019052601007198,NLIC,39,38,50,935.0,46750.0
2019-05-26,2019052601007197,NLIC,42,38,50,935.0,46750.0
2019-05-26,2019052601007196,NLIC,43,38,50,935.0,46750.0
2019-05-26,2019052601007286,NLICL,45,16,62,660.0,40920.0
2019-05-26,2019052601007285,NLICL,11,16,30,661.0,19830.0
2019-05-26,2019052601007284,NLICL,29,16,50,661.0,33050.0
2019-05-26,2019052601007283,NLICL,11,16,25,662.0,16550.0
2019-05-26,2019052601006835,NMBHF1,58,5,1734,9.41,16316.94
2019-05-26,2019052601006834,NMBHF1,40,5,5000,9.41,47050.0
2019-05-26,2019052601006833,NMBHF1,17,5,1000,9.45,9450.0
2019-05-26,2019052601006832,NMBHF1,56,5,766,9.45,7238.7
2019-05-26,2019052601007186,NMBMF,58,57,85,1131.0,96135.0
2019-05-26,2019052601007185,NMBMF,17,57,17,1138.0,19346.0
2019-05-26,2019052601007078,NMBMF,17,36,21,1138.0,23898.0
2019-05-26,2019052601007038,NMBMF,17,28,62,1138.0,70556.0
2019-05-26,2019052601007037,NMBMF,29,28,100,1140.0,114000.0
2019-05-26,2019052601006976,NMBSF1,36,16,1500,10.71,16065.0
2019-05-26,2019052601007158,NMFBS,45,1,15,1576.0,23640.0
2019-05-26,2019052601007091,NMFBS,45,47,10,1580.0,15800.0
2019-05-26,2019052601007177,NNLB,26,58,100,396.0,39600.0
2019-05-26,2019052601007176,NNLB,17,58,100,397.0,39700.0
2019-05-26,2019052601007155,NSEWA,52,52,10,447.0,4470.0
2019-05-26,2019052601007275,OHL,36,58,200,658.0,131600.0
2019-05-26,2019052601007252,OHL,19,58,300,658.0,197400.0
2019-05-26,2019052601007251,OHL,16,58,100,658.0,65800.0
2019-05-26,2019052601007250,OHL,33,58,200,658.0,131600.0
2019-05-26,2019052601007249,OHL,34,58,200,659.0,131800.0
2019-05-26,2019052601007248,OHL,34,58,100,659.0,65900.0
2019-05-26,2019052601007247,OHL,50,58,100,660.0,66000.0
2019-05-26,2019052601007270,PCBL,32,49,303,313.0,94839.0
2019-05-26,2019052601007269,PCBL,42,49,1000,313.0,313000.0
2019-05-26,2019052601007268,PCBL,42,49,125,313.0,39125.0
2019-05-26,2019052601007218,PIC,33,29,11,1196.0,13156.0
2019-05-26,2019052601007203,PIC,33,59,11,1196.0,13156.0
2019-05-26,2019052601007169,PIC,33,29,11,1196.0,13156.0
2019-05-26,2019052601007164,PIC,33,29,11,1196.0,13156.0
2019-05-26,2019052601007156,PIC,33,29,11,1196.0,13156.0
2019-05-26,2019052601007152,PIC,33,29,11,1196.0,13156.0
2019-05-26,2019052601007126,PIC,33,29,11,1196.0,13156.0
2019-05-26,2019052601007119,PIC,33,29,11,1196.0,13156.0
2019-05-26,2019052601006908,PIC,33,28,11,1196.0,13156.0
2019-05-26,2019052601006862,PIC,33,38,200,1196.0,239200.0
2019-05-26,2019052601006829,PIC,5,14,11,1197.0,13167.0
2019-05-26,2019052601006961,PLIC,22,47,100,465.0,46500.0
2019-05-26,2019052601006960,PLIC,22,47,490,465.0,227850.0
2019-05-26,2019052601006943,PLIC,42,47,250,466.0,116500.0
2019-05-26,2019052601006839,PLIC,22,58,10,465.0,4650.0
2019-05-26,2019052601007213,PMHPL,56,59,10,112.0,1120.0
2019-05-26,2019052601007146,PMHPL,56,59,10,112.0,1120.0
2019-05-26,2019052601007115,PMHPL,56,59,10,112.0,1120.0
2019-05-26,2019052601006916,PMHPL,56,26,10,112.0,1120.0
2019-05-26,2019052601006915,PMHPL,56,39,10,112.0,1120.0
2019-05-26,2019052601006914,PMHPL,56,39,10,112.0,1120.0
2019-05-26,2019052601006913,PMHPL,56,39,10,112.0,1120.0
2019-05-26,2019052601007293,PRVU,16,46,1000,276.0,276000.0
2019-05-26,2019052601007292,PRVU,54,46,1000,276.0,276000.0
2019-05-26,2019052601007291,PRVU,32,46,161,276.0,44436.0
2019-05-26,2019052601007265,PRVU,32,25,339,276.0,93564.0
2019-05-26,2019052601007264,PRVU,42,25,661,276.0,182436.0
2019-05-26,2019052601006837,PRVU,48,1,16,276.0,4416.0
2019-05-26,2019052601007140,PRVU,42,7,25,276.0,6900.0
2019-05-26,2019052601007139,PRVU,32,7,1000,276.0,276000.0
2019-05-26,2019052601007138,PRVU,36,7,1516,276.0,418416.0
2019-05-26,2019052601006951,PRVU,36,19,484,276.0,133584.0
2019-05-26,2019052601006950,PRVU,28,19,16,276.0,4416.0
2019-05-26,2019052601006838,PRVU,28,1,1984,276.0,547584.0
2019-05-26,2019052601007168,PRVU,42,38,339,276.0,93564.0
2019-05-26,2019052601007167,PRVU,42,38,61,276.0,16836.0
2019-05-26,2019052601007144,PRVU,42,7,939,276.0,259164.0
2019-05-26,2019052601007143,PRVU,56,7,500,276.0,138000.0
2019-05-26,2019052601007142,PRVU,5,7,1000,276.0,276000.0
2019-05-26,2019052601007141,PRVU,4,7,20,276.0,5520.0
2019-05-26,2019052601007215,RADHI,59,35,11,164.0,1804.0
2019-05-26,2019052601006929,RADHI,49,28,11,165.0,1815.0
2019-05-26,2019052601006888,RADHI,49,33,11,165.0,1815.0
2019-05-26,2019052601006968,RBCLPO,33,59,10,9920.0,99200.0
2019-05-26,2019052601007272,RLFL,40,7,1779,140.0,249060.0
2019-05-26,2019052601007271,RLFL,22,7,221,141.0,31161.0
2019-05-26,2019052601007205,RLFL,22,43,50,141.0,7050.0
2019-05-26,2019052601007204,RLFL,22,59,29,141.0,4089.0
2019-05-26,2019052601007027,RLFL,41,59,100,141.0,14100.0
2019-05-26,2019052601007026,RLFL,41,59,500,141.0,70500.0
2019-05-26,2019052601007025,RLFL,13,59,71,141.0,10011.0
2019-05-26,2019052601006843,RMDC,6,17,200,659.0,131800.0
2019-05-26,2019052601007290,RRHP,35,43,10,95.0,950.0
2019-05-26,2019052601006846,RRHP,26,14,10,95.0,950.0
2019-05-26,2019052601006797,RRHP,26,16,10,95.0,950.0
2019-05-26,2019052601007263,RSDC,48,57,320,380.0,121600.0
2019-05-26,2019052601007262,RSDC,19,57,200,380.0,76000.0
2019-05-26,2019052601007261,RSDC,57,57,22,380.0,8360.0
2019-05-26,2019052601007260,RSDC,7,57,13,380.0,4940.0
2019-05-26,2019052601007157,SADBL,56,32,104,148.0,15392.0
2019-05-26,2019052601007012,SAEF,26,14,1800,9.8,17640.0
2019-05-26,2019052601006972,SAEF,26,58,200,9.8,1960.0
2019-05-26,2019052601006971,SAEF,34,58,2000,9.81,19620.0
2019-05-26,2019052601006970,SAEF,21,58,2800,9.82,27496.0
2019-05-26,2019052601006889,SAEF,21,29,200,9.82,1964.0
2019-05-26,2019052601007028,SANIMA,36,58,50,355.0,17750.0
2019-05-26,2019052601006999,SANIMA,52,58,50,355.0,17750.0
2019-05-26,2019052601007259,SBI,45,41,127,475.0,60325.0
2019-05-26,2019052601007258,SBI,45,41,48,475.0,22800.0
2019-05-26,2019052601007253,SBI,45,47,80,475.0,38000.0
2019-05-26,2019052601007212,SBI,45,43,22,475.0,10450.0
2019-05-26,2019052601007282,SBL,5,17,127,336.0,42672.0
2019-05-26,2019052601007281,SBL,6,17,197,336.0,66192.0
2019-05-26,2019052601007280,SBL,58,17,63,336.0,21168.0
2019-05-26,2019052601007013,SBL,58,37,49,336.0,16464.0
2019-05-26,2019052601006987,SBL,58,7,93,336.0,31248.0
2019-05-26,2019052601006946,SBL,58,45,15,336.0,5040.0
2019-05-26,2019052601006890,SBL,58,10,107,336.0,35952.0
2019-05-26,2019052601006856,SBL,35,51,30,337.0,10110.0
2019-05-26,2019052601006902,SCB,49,7,20,679.0,13580.0
2019-05-26,2019052601007016,SDESI,4,33,27,606.0,16362.0
2019-05-26,2019052601006998,SEOS,42,16,1000,10.4,10400.0
2019-05-26,2019052601006904,SHINE,48,17,280,257.0,71960.0
2019-05-26,2019052601007210,SHIVM,42,58,30,565.0,16950.0
2019-05-26,2019052601007184,SHIVM,38,42,100,563.0,56300.0
2019-05-26,2019052601007111,SHIVM,14,48,110,561.0,61710.0
2019-05-26,2019052601007110,SHIVM,43,48,100,562.0,56200.0
2019-05-26,2019052601007109,SHIVM,58,48,50,562.0,28100.0
2019-05-26,2019052601006853,SHIVM,44,42,50,563.0,28150.0
2019-05-26,2019052601006845,SHIVM,44,42,50,563.0,28150.0
2019-05-26,2019052601006825,SHIVM,38,58,170,565.0,96050.0
2019-05-26,2019052601006824,SHIVM,34,58,120,565.0,67800.0
2019-05-26,2019052601006812,SHIVM,34,47,170,565.0,96050.0
2019-05-26,2019052601006955,SHIVM,44,36,50,563.0,28150.0
2019-05-26,2019052601006922,SHIVM,44,58,50,563.0,28150.0
2019-05-26,2019052601006901,SHIVM,44,42,50,563.0,28150.0
2019-05-26,2019052601006887,SHIVM,44,42,50,563.0,28150.0
2019-05-26,2019052601006868,SHIVM,44,42,50,563.0,28150.0
2019-05-26,2019052601006863,SHIVM,44,42,50,563.0,28150.0
2019-05-26,2019052601007108,SHIVM,58,48,50,562.0,28100.0
2019-05-26,2019052601007107,SHIVM,1,48,50,562.0,28100.0
2019-05-26,2019052601007106,SHIVM,22,48,100,563.0,56300.0
2019-05-26,2019052601007105,SHIVM,44,48,40,563.0,22520.0
2019-05-26,2019052601007006,SHIVM,40,50,50,565.0,28250.0
2019-05-26,2019052601007005,SHIVM,40,47,50,565.0,28250.0
2019-05-26,2019052601006952,SHL,7,43,700,243.0,170100.0
2019-05-26,2019052601007008,SIC,49,22,50,1392.0,69600.0
2019-05-26,2019052601006912,SIC,28,16,20,1400.0,28000.0
2019-05-26,2019052601006831,SIC,33,16,13,1400.0,18200.0
2019-05-26,2019052601007183,SINDU,21,17,50,138.0,6900.0
2019-05-26,2019052601007182,SINDU,48,17,10,138.0,1380.0
2019-05-26,2019052601007181,SINDU,21,17,40,138.0,5520.0
2019-05-26,2019052601006957,SINDU,21,45,10,138.0,1380.0
2019-05-26,2019052601007011,SKBBL,46,16,47,990.0,46530.0
2019-05-26,2019052601007216,SLICL,51,51,30,587.0,17610.0
2019-05-26,2019052601007163,SLICL,51,17,300,587.0,176100.0
2019-05-26,2019052601006927,SLICL,51,57,50,587.0,29350.0
2019-05-26,2019052601006840,SRBL,38,58,45,258.0,11610.0
2019-05-26,2019052601007161,UIC,45,50,50,995.0,49750.0
2019-05-26,2019052601006844,UIC,50,14,70,993.0,69510.0
2019-05-26,2019052601007214,UMHL,1,22,23,121.0,2783.0
2019-05-26,2019052601007153,UPCL,38,59,50,95.0,4750.0
2019-05-26,2019052601007127,UPCL,38,59,50,95.0,4750.0
2019-05-26,2019052601007001,UPCL,38,46,50,95.0,4750.0
2019-05-26,2019052601006841,UPCL,38,38,50,95.0,4750.0
2019-05-26,2019052601006830,UPCL,38,38,50,95.0,4750.0
2019-05-26,2019052601006826,UPCL,38,38,50,95.0,4750.0
2019-05-26,2019052601006819,UPCL,38,38,50,95.0,4750.0
2019-05-26,2019052601006811,UPCL,38,38,50,95.0,4750.0
2019-05-26,2019052601006807,UPCL,38,38,50,95.0,4750.0
2019-05-26,2019052601007289,UPPER,50,51,20,280.0,5600.0
2019-05-26,2019052601007288,UPPER,50,52,40,280.0,11200.0
2019-05-26,2019052601007287,UPPER,50,38,40,280.0,11200.0
2019-05-26,2019052601006810,UPPER,37,42,40,280.0,11200.0
2019-05-26,2019052601006796,UPPER,37,42,26,280.0,7280.0
2019-05-26,2019052601006795,UPPER,41,42,24,280.0,6720.0
2019-05-26,2019052601006870,UPPER,43,35,40,281.0,11240.0
2019-05-26,2019052601006869,UPPER,43,6,360,281.0,101160.0
2019-05-26,2019052601006820,UPPER,48,42,97,280.0,27160.0
2019-05-26,2019052601006818,UPPER,48,6,769,280.0,215320.0
2019-05-26,2019052601006817,UPPER,37,6,384,280.0,107520.0
2019-05-26,2019052601006813,UPPER,37,16,50,280.0,14000.0
2019-05-26,2019052601006935,UPPER,19,43,100,280.0,28000.0
2019-05-26,2019052601006934,UPPER,51,43,805,280.0,225400.0
2019-05-26,2019052601006924,UPPER,51,17,195,280.0,54600.0
2019-05-26,2019052601006923,UPPER,48,17,84,280.0,23520.0
2019-05-26,2019052601006903,UPPER,48,21,50,280.0,14000.0
2019-05-26,2019052601006871,UPPER,43,6,100,281.0,28100.0
2019-05-26,2019052601007023,UPPER,50,42,40,280.0,11200.0
2019-05-26,2019052601007007,UPPER,50,42,50,280.0,14000.0
2019-05-26,2019052601006964,UPPER,50,14,50,280.0,14000.0
2019-05-26,2019052601006954,UPPER,50,21,40,280.0,11200.0
2019-05-26,2019052601006937,UPPER,50,43,651,280.0,182280.0
2019-05-26,2019052601006936,UPPER,43,43,444,280.0,124320.0
2019-05-26,2019052601007104,UPPER,4,49,11,280.0,3080.0
2019-05-26,2019052601007103,UPPER,50,49,29,280.0,8120.0
2019-05-26,2019052601007089,UPPER,50,49,40,280.0,11200.0
2019-05-26,2019052601007087,UPPER,50,37,50,280.0,14000.0
2019-05-26,2019052601007086,UPPER,11,6,100,281.0,28100.0
2019-05-26,2019052601007039,UPPER,50,37,50,280.0,14000.0
2019-05-26,2019052601007174,UPPER,49,49,10,279.0,2790.0
2019-05-26,2019052601007122,UPPER,19,38,250,280.0,70000.0
2019-05-26,2019052601007121,UPPER,41,38,100,280.0,28000.0
2019-05-26,2019052601007120,UPPER,4,38,989,280.0,276920.0
2019-05-26,2019052601007172,VLBS,1,22,50,560.0,28000.0
2019-05-26,2019052601002267,ADBL,58,41,14,428.0,5992.0
2019-05-26,2019052601002254,ADBL,58,46,50,428.0,21400.0
2019-05-26,2019052601002208,ADBL,22,25,81,431.0,34911.0
2019-05-26,2019052601002084,ADBL,59,49,30,430.0,12900.0
2019-05-26,2019052601002083,ADBL,59,4,50,430.0,21500.0
2019-05-26,2019052601002077,ADBL,58,26,357,428.0,152796.0
2019-05-26,2019052601002076,ADBL,7,26,100,428.0,42800.0
2019-05-26,2019052601001828,ADBL,59,22,45,430.0,19350.0
2019-05-26,2019052601001827,ADBL,59,14,310,430.0,133300.0
2019-05-26,2019052601001810,ADBL,40,57,50,429.0,21450.0
2019-05-26,2019052601002264,AHPC,45,45,10,114.0,1140.0
2019-05-26,2019052601002263,AHPC,45,34,500,110.0,55000.0
2019-05-26,2019052601002249,AHPC,57,34,100,110.0,11000.0
2019-05-26,2019052601002240,AHPC,48,34,500,110.0,55000.0
2019-05-26,2019052601002239,AHPC,43,34,1000,110.0,110000.0
2019-05-26,2019052601002238,AHPC,45,34,1000,110.0,110000.0
2019-05-26,2019052601002218,AHPC,37,34,500,112.0,56000.0
2019-05-26,2019052601002217,AHPC,43,34,500,112.0,56000.0
2019-05-26,2019052601002216,AHPC,48,34,1100,112.0,123200.0
2019-05-26,2019052601002215,AHPC,55,34,100,112.0,11200.0
2019-05-26,2019052601002109,AHPC,43,45,500,113.0,56500.0
2019-05-26,2019052601002237,AHPC,21,34,1000,110.0,110000.0
2019-05-26,2019052601002236,AHPC,43,34,1000,110.0,110000.0
2019-05-26,2019052601002235,AHPC,43,34,500,110.0,55000.0
2019-05-26,2019052601002221,AHPC,45,34,1000,111.0,111000.0
2019-05-26,2019052601002220,AHPC,43,34,1000,111.0,111000.0
2019-05-26,2019052601002219,AHPC,43,34,200,111.0,22200.0
2019-05-26,2019052601001849,AKJCL,35,35,10,82.0,820.0
2019-05-26,2019052601002180,AKPL,55,49,492,199.0,97908.0
2019-05-26,2019052601001832,AKPL,56,21,13,198.0,2574.0
2019-05-26,2019052601002070,ALBSL,52,35,10,441.0,4410.0
2019-05-26,2019052601001825,ALBSL,25,42,10,441.0,4410.0
2019-05-26,2019052601001824,ALBSL,25,42,10,441.0,4410.0
2019-05-26,2019052601001839,API,40,21,29,157.0,4553.0
2019-05-26,2019052601001800,BARUN,20,16,10,97.0,970.0
2019-05-26,2019052601001918,BOKL,43,47,36,275.0,9900.0
2019-05-26,2019052601002158,BPCL,38,43,22,425.0,9350.0
2019-05-26,2019052601002167,CBBL,42,49,50,950.0,47500.0
2019-05-26,2019052601002011,CBBL,39,45,70,952.0,66640.0
2019-05-26,2019052601001946,CBBL,45,58,100,956.0,95600.0
2019-05-26,2019052601001927,CBBL,21,48,10,956.0,9560.0
2019-05-26,2019052601002082,CCBL,7,26,76,169.0,12844.0
2019-05-26,2019052601001838,CCBL,7,49,15,169.0,2535.0
2019-05-26,2019052601001823,CCBL,7,13,10,169.0,1690.0
2019-05-26,2019052601001985,CFCL,55,49,816,115.0,93840.0
2019-05-26,2019052601001984,CFCL,55,49,1000,115.0,115000.0
2019-05-26,2019052601002160,DBBL,7,25,756,149.0,112644.0
2019-05-26,2019052601002159,DBBL,7,25,244,149.0,36356.0
2019-05-26,2019052601001968,DBBL,7,52,1200,149.0,178800.0
2019-05-26,2019052601001967,DBBL,7,56,1540,149.0,229460.0
2019-05-26,2019052601001966,DBBL,7,56,16,149.0,2384.0
2019-05-26,2019052601002166,DHPL,37,28,11,72.0,792.0
2019-05-26,2019052601002136,DHPL,37,34,10,71.0,710.0
2019-05-26,2019052601002135,DHPL,37,17,11,71.0,781.0
2019-05-26,2019052601002134,DHPL,37,17,11,71.0,781.0
2019-05-26,2019052601001992,EBL,45,17,200,665.0,133000.0
2019-05-26,2019052601001991,EBL,45,36,1000,665.0,665000.0
2019-05-26,2019052601001990,EBL,45,4,33,664.0,21912.0
2019-05-26,2019052601001957,EBL,45,4,467,664.0,310088.0
2019-05-26,2019052601001956,EBL,45,4,353,664.0,234392.0
2019-05-26,2019052601001955,EBL,45,59,264,663.0,175032.0
2019-05-26,2019052601001954,EBL,45,1,91,662.0,60242.0
2019-05-26,2019052601001953,EBL,45,25,100,661.0,66100.0
2019-05-26,2019052601001952,EBL,45,1,225,660.0,148500.0
2019-05-26,2019052601001921,EIC,48,43,10,438.0,4380.0
2019-05-26,2019052601001920,EIC,48,51,10,435.0,4350.0
2019-05-26,2019052601001833,FOWAD,53,53,26,1491.0,38766.0
2019-05-26,2019052601002175,GBBL,26,49,801,222.0,177822.0
2019-05-26,2019052601002174,GBBL,33,49,32,222.0,7104.0
2019-05-26,2019052601001860,GBBL,33,17,168,222.0,37296.0
2019-05-26,2019052601001859,GBBL,50,17,500,222.0,111000.0
2019-05-26,2019052601001858,GBBL,11,17,400,222.0,88800.0
2019-05-26,2019052601001857,GBBL,49,17,632,222.0,140304.0
2019-05-26,2019052601001843,GBBL,49,17,368,222.0,81696.0
2019-05-26,2019052601001842,GBBL,33,17,300,223.0,66900.0
2019-05-26,2019052601001841,GBBL,28,17,187,223.0,41701.0
2019-05-26,2019052601001840,GBBL,5,17,145,224.0,32480.0
2019-05-26,2019052601002265,GBIME,39,53,569,307.0,174683.0
2019-05-26,2019052601002262,GBIME,39,45,16,307.0,4912.0
2019-05-26,2019052601002261,GBIME,54,45,50,307.0,15350.0
2019-05-26,2019052601002260,GBIME,45,45,234,307.0,71838.0
2019-05-26,2019052601002068,GBIME,45,17,13,307.0,3991.0
2019-05-26,2019052601002120,GHL,1,57,20,96.0,1920.0
2019-05-26,2019052601002119,GHL,1,57,30,96.0,2880.0
2019-05-26,2019052601002118,GHL,1,25,30,96.0,2880.0
2019-05-26,2019052601001830,GLICL,57,1,32,550.0,17600.0
2019-05-26,2019052601002098,HBL,52,26,68,581.0,39508.0
2019-05-26,2019052601002097,HBL,54,26,200,582.0,116400.0
2019-05-26,2019052601002096,HBL,50,26,300,585.0,175500.0
2019-05-26,2019052601001910,HDL,52,58,10,1800.0,18000.0
2019-05-26,2019052601002146,HIDCL,34,5,130,166.0,21580.0
2019-05-26,2019052601002117,HIDCL,55,26,47,165.0,7755.0
2019-05-26,2019052601001863,HIDCL,46,46,262,166.0,43492.0
2019-05-26,2019052601002067,HPPL,1,7,10,183.0,1830.0
2019-05-26,2019052601002066,HPPL,1,48,60,183.0,10980.0
2019-05-26,2019052601002036,HPPL,1,45,20,181.0,3620.0
2019-05-26,2019052601001856,HPPL,1,21,10,181.0,1810.0
2019-05-26,2019052601002280,HURJA,42,26,20,126.0,2520.0
2019-05-26,2019052601002279,HURJA,42,39,10,126.0,1260.0
2019-05-26,2019052601002278,HURJA,38,39,10,126.0,1260.0
2019-05-26,2019052601002274,HURJA,38,38,10,126.0,1260.0
2019-05-26,2019052601002258,HURJA,38,38,20,126.0,2520.0
2019-05-26,2019052601002253,HURJA,38,41,20,126.0,2520.0
2019-05-26,2019052601001796,HURJA,29,29,20,123.0,2460.0
2019-05-26,2019052601001795,HURJA,29,29,20,123.0,2460.0
2019-05-26,2019052601001814,HURJA,52,58,20,122.0,2440.0
2019-05-26,2019052601001812,HURJA,52,26,20,122.0,2440.0
2019-05-26,2019052601001802,HURJA,52,43,20,122.0,2440.0
2019-05-26,2019052601001799,HURJA,29,29,20,123.0,2460.0
2019-05-26,2019052601001798,HURJA,29,43,20,123.0,2460.0
2019-05-26,2019052601001797,HURJA,29,29,20,123.0,2460.0
2019-05-26,2019052601001846,HURJA,50,43,20,123.0,2460.0
2019-05-26,2019052601001845,HURJA,50,43,20,123.0,2460.0
2019-05-26,2019052601001844,HURJA,50,43,20,123.0,2460.0
2019-05-26,2019052601001835,HURJA,52,26,20,122.0,2440.0
2019-05-26,2019052601001822,HURJA,52,26,20,122.0,2440.0
2019-05-26,2019052601001821,HURJA,52,44,20,122.0,2440.0
2019-05-26,2019052601001868,HURJA,54,19,20,124.0,2480.0
2019-05-26,2019052601001867,HURJA,54,19,20,124.0,2480.0
2019-05-26,2019052601001866,HURJA,54,19,20,124.0,2480.0
2019-05-26,2019052601001865,HURJA,54,21,20,124.0,2480.0
2019-05-26,2019052601001854,HURJA,50,26,20,123.0,2460.0
2019-05-26,2019052601001850,HURJA,50,43,20,123.0,2460.0
2019-05-26,2019052601001874,HURJA,54,39,20,125.0,2500.0
2019-05-26,2019052601001873,HURJA,54,54,20,125.0,2500.0
2019-05-26,2019052601001872,HURJA,54,43,20,124.0,2480.0
2019-05-26,2019052601001871,HURJA,54,19,20,124.0,2480.0
2019-05-26,2019052601001870,HURJA,54,48,20,124.0,2480.0
2019-05-26,2019052601001869,HURJA,54,52,20,124.0,2480.0
2019-05-26,2019052601001885,HURJA,54,43,20,125.0,2500.0
2019-05-26,2019052601001879,HURJA,54,41,20,125.0,2500.0
2019-05-26,2019052601001878,HURJA,54,41,20,125.0,2500.0
2019-05-26,2019052601001877,HURJA,54,34,20,125.0,2500.0
2019-05-26,2019052601001876,HURJA,54,52,20,125.0,2500.0
2019-05-26,2019052601001875,HURJA,54,48,20,125.0,2500.0
2019-05-26,2019052601001930,HURJA,50,40,20,127.0,2540.0
2019-05-26,2019052601001925,HURJA,29,43,20,126.0,2520.0
2019-05-26,2019052601001917,HURJA,29,41,20,126.0,2520.0
2019-05-26,2019052601001909,HURJA,5,35,1000,126.0,126000.0
2019-05-26,2019052601001899,HURJA,54,49,20,125.0,2500.0
2019-05-26,2019052601001886,HURJA,54,21,20,125.0,2500.0
2019-05-26,2019052601001939,HURJA,50,41,20,127.0,2540.0
2019-05-26,2019052601001935,HURJA,50,37,20,127.0,2540.0
2019-05-26,2019052601001934,HURJA,50,56,20,127.0,2540.0
2019-05-26,2019052601001933,HURJA,50,45,20,127.0,2540.0
2019-05-26,2019052601001932,HURJA,50,45,20,127.0,2540.0
2019-05-26,2019052601001931,HURJA,50,26,20,127.0,2540.0
2019-05-26,2019052601002005,HURJA,29,41,20,126.0,2520.0
2019-05-26,2019052601002004,HURJA,29,22,20,126.0,2520.0
2019-05-26,2019052601001993,HURJA,29,41,20,126.0,2520.0
2019-05-26,2019052601001965,HURJA,50,41,20,127.0,2540.0
2019-05-26,2019052601001950,HURJA,50,41,20,127.0,2540.0
2019-05-26,2019052601001948,HURJA,50,43,20,127.0,2540.0
2019-05-26,2019052601002028,HURJA,7,19,20,128.0,2560.0
2019-05-26,2019052601002027,HURJA,7,11,20,128.0,2560.0
2019-05-26,2019052601002026,HURJA,7,45,20,128.0,2560.0
2019-05-26,2019052601002025,HURJA,7,34,20,128.0,2560.0
2019-05-26,2019052601002015,HURJA,29,41,20,126.0,2520.0
2019-05-26,2019052601002010,HURJA,29,43,20,126.0,2520.0
2019-05-26,2019052601002062,HURJA,7,38,20,128.0,2560.0
2019-05-26,2019052601002057,HURJA,7,43,20,128.0,2560.0
2019-05-26,2019052601002048,HURJA,56,50,20,129.0,2580.0
2019-05-26,2019052601002047,HURJA,7,41,20,128.0,2560.0
2019-05-26,2019052601002037,HURJA,7,41,20,128.0,2560.0
2019-05-26,2019052601002029,HURJA,7,43,20,128.0,2560.0
2019-05-26,2019052601002122,HURJA,29,39,840,126.0,105840.0
2019-05-26,2019052601002099,HURJA,29,43,20,126.0,2520.0
2019-05-26,2019052601002081,HURJA,56,39,20,128.0,2560.0
2019-05-26,2019052601002080,HURJA,7,39,300,128.0,38400.0
2019-05-26,2019052601002069,HURJA,7,38,20,128.0,2560.0
2019-05-26,2019052601002065,HURJA,54,43,20,129.0,2580.0
2019-05-26,2019052601002210,HURJA,54,38,20,125.0,2500.0
2019-05-26,2019052601002188,HURJA,54,38,20,125.0,2500.0
2019-05-26,2019052601002168,HURJA,54,38,20,125.0,2500.0
2019-05-26,2019052601002145,HURJA,54,44,20,125.0,2500.0
2019-05-26,2019052601002137,HURJA,54,5,20,125.0,2500.0
2019-05-26,2019052601002125,HURJA,54,43,20,125.0,2500.0
2019-05-26,2019052601002247,HURJA,38,51,20,126.0,2520.0
2019-05-26,2019052601002246,HURJA,38,38,20,126.0,2520.0
2019-05-26,2019052601002234,HURJA,54,38,20,125.0,2500.0
2019-05-26,2019052601002230,HURJA,54,38,20,125.0,2500.0
2019-05-26,2019052601002222,HURJA,54,51,10,125.0,1250.0
2019-05-26,2019052601002211,HURJA,54,38,20,125.0,2500.0
2019-05-26,2019052601002294,IGI,6,5,20,410.0,8200.0
2019-05-26,2019052601002179,JBBL,51,29,50,154.0,7700.0
2019-05-26,2019052601002178,JBBL,46,29,450,154.0,69300.0
2019-05-26,2019052601001887,JBBL,54,38,50,155.0,7750.0
2019-05-26,2019052601001836,JBBL,46,6,500,155.0,77500.0
2019-05-26,2019052601002088,JBNL,22,49,19,212.0,4028.0
2019-05-26,2019052601002087,JBNL,22,38,1000,212.0,212000.0
2019-05-26,2019052601002086,JBNL,22,46,460,212.0,97520.0
2019-05-26,2019052601002085,JBNL,22,52,21,211.0,4431.0
2019-05-26,2019052601001853,JBNL,6,37,200,211.0,42200.0
2019-05-26,2019052601001852,JBNL,6,58,450,211.0,94950.0
2019-05-26,2019052601002243,KBL,42,28,813,218.0,177234.0
2019-05-26,2019052601002155,KBL,52,28,500,218.0,109000.0
2019-05-26,2019052601002154,KBL,41,28,500,218.0,109000.0
2019-05-26,2019052601002153,KBL,49,28,500,218.0,109000.0
2019-05-26,2019052601002152,KBL,36,28,1000,218.0,218000.0
2019-05-26,2019052601002151,KBL,49,28,91,218.0,19838.0
2019-05-26,2019052601001848,KBL,49,10,409,218.0,89162.0
2019-05-26,2019052601001847,KBL,6,10,20,219.0,4380.0
2019-05-26,2019052601002204,KNBL,50,42,10,140.0,1400.0
2019-05-26,2019052601002203,KNBL,50,42,500,140.0,70000.0
2019-05-26,2019052601002202,KNBL,45,42,1487,140.0,208180.0
2019-05-26,2019052601002201,KNBL,22,42,400,141.0,56400.0
2019-05-26,2019052601002157,KNBL,22,45,100,141.0,14100.0
2019-05-26,2019052601001962,KNBL,45,17,13,140.0,1820.0
2019-05-26,2019052601001922,KNBL,50,17,490,142.0,69580.0
2019-05-26,2019052601002093,KPCL,1,35,10,95.0,950.0
2019-05-26,2019052601001813,LBBL,41,42,2000,201.0,402000.0
2019-05-26,2019052601002270,LBL,25,45,35,220.0,7700.0
2019-05-26,2019052601002269,LBL,52,45,88,220.0,19360.0
2019-05-26,2019052601001908,LBL,6,16,200,221.0,44200.0
2019-05-26,2019052601001907,LBL,36,16,1000,221.0,221000.0
2019-05-26,2019052601001906,LBL,45,16,1000,221.0,221000.0
2019-05-26,2019052601001905,LBL,22,16,200,222.0,44400.0
2019-05-26,2019052601001904,LBL,48,16,200,222.0,44400.0
2019-05-26,2019052601001903,LBL,6,16,20,224.0,4480.0
2019-05-26,2019052601002200,MEGA,11,17,669,196.0,131124.0
2019-05-26,2019052601002123,MEGA,11,26,262,196.0,51352.0
2019-05-26,2019052601002042,MEGA,1,45,474,197.0,93378.0
2019-05-26,2019052601002129,MERO,45,26,16,600.0,9600.0
2019-05-26,2019052601002273,MHNL,59,51,30,102.0,3060.0
2019-05-26,2019052601001983,MHNL,59,6,40,102.0,4080.0
2019-05-26,2019052601001982,MHNL,59,38,500,102.0,51000.0
2019-05-26,2019052601001981,MHNL,59,41,20,102.0,2040.0
2019-05-26,2019052601001980,MHNL,59,40,40,102.0,4080.0
2019-05-26,2019052601001979,MHNL,59,11,90,102.0,9180.0
2019-05-26,2019052601001978,MHNL,59,42,30,102.0,3060.0
2019-05-26,2019052601001977,MHNL,59,48,10,102.0,1020.0
2019-05-26,2019052601002244,MLBL,42,37,265,196.0,51940.0
2019-05-26,2019052601001947,MLBL,33,49,500,196.0,98000.0
2019-05-26,2019052601001938,MLBL,52,49,500,196.0,98000.0
2019-05-26,2019052601002191,MPFL,7,10,100,217.0,21700.0
2019-05-26,2019052601002190,MPFL,11,10,100,217.0,21700.0
2019-05-26,2019052601001884,MPFL,11,13,100,218.0,21800.0
2019-05-26,2019052601001883,MPFL,22,13,10,218.0,2180.0
2019-05-26,2019052601002053,NADEP,42,42,10,450.0,4500.0
2019-05-26,2019052601002052,NADEP,42,42,10,450.0,4500.0
2019-05-26,2019052601002051,NADEP,42,42,10,450.0,4500.0
2019-05-26,2019052601001862,NBB,44,34,174,227.0,39498.0
2019-05-26,2019052601001861,NBB,44,17,26,227.0,5902.0
2019-05-26,2019052601002272,NBL,28,46,25,338.0,8450.0
2019-05-26,2019052601002256,NBL,28,59,200,338.0,67600.0
2019-05-26,2019052601002255,NBL,28,34,200,338.0,67600.0
2019-05-26,2019052601002156,NBL,47,34,50,338.0,16900.0
2019-05-26,2019052601002121,NBL,32,34,350,338.0,118300.0
2019-05-26,2019052601002056,NBL,57,34,200,338.0,67600.0
2019-05-26,2019052601002014,NBL,58,34,200,338.0,67600.0
2019-05-26,2019052601001963,NBL,28,34,620,338.0,209560.0
2019-05-26,2019052601001896,NBL,45,34,200,338.0,67600.0
2019-05-26,2019052601001895,NBL,6,34,180,338.0,60840.0
2019-05-26,2019052601001808,NCCB,1,8,200,262.0,52400.0
2019-05-26,2019052601001807,NCCB,19,8,260,262.0,68120.0
2019-05-26,2019052601001806,NCCB,57,8,200,262.0,52400.0
2019-05-26,2019052601001805,NCCB,41,8,706,262.0,184972.0
2019-05-26,2019052601001804,NCCB,25,8,50,263.0,13150.0
2019-05-26,2019052601001803,NCCB,46,8,47,263.0,12361.0
2019-05-26,2019052601002259,NHPC,5,42,1000,70.0,70000.0
2019-05-26,2019052601002205,NHPC,5,45,500,70.0,35000.0
2019-05-26,2019052601002266,NIB,51,17,97,536.0,51992.0
2019-05-26,2019052601002124,NIB,44,29,88,536.0,47168.0
2019-05-26,2019052601002092,NIB,44,29,44,536.0,23584.0
2019-05-26,2019052601002043,NIB,44,43,44,536.0,23584.0
2019-05-26,2019052601002013,NIB,44,3,23,536.0,12328.0
2019-05-26,2019052601002012,NIB,44,1,44,536.0,23584.0
2019-05-26,2019052601002091,NIBLPF,47,34,253,7.21,1824.13
2019-05-26,2019052601002288,NICA,51,57,50,480.0,24000.0
2019-05-26,2019052601002287,NICA,47,57,400,480.0,192000.0
2019-05-26,2019052601002286,NICA,57,57,50,481.0,24050.0
2019-05-26,2019052601002285,NICA,14,57,100,481.0,48100.0
2019-05-26,2019052601002284,NICA,56,57,200,481.0,96200.0
2019-05-26,2019052601002283,NICA,44,57,200,481.0,96200.0
2019-05-26,2019052601002245,NICL,46,49,150,395.0,59250.0
2019-05-26,2019052601001811,NIL,54,38,87,515.0,44805.0
2019-05-26,2019052601002143,NLIC,10,16,221,935.0,206635.0
2019-05-26,2019052601002142,NLIC,29,16,100,936.0,93600.0
2019-05-26,2019052601002141,NLIC,5,16,100,936.0,93600.0
2019-05-26,2019052601002140,NLIC,5,16,39,936.0,36504.0
2019-05-26,2019052601002139,NLIC,17,16,30,937.0,28110.0
2019-05-26,2019052601002138,NLIC,45,16,10,937.0,9370.0
2019-05-26,2019052601002101,NLIC,21,3,17,938.0,15946.0
2019-05-26,2019052601001941,NLIC,45,58,20,937.0,18740.0
2019-05-26,2019052601001940,NLIC,21,28,17,938.0,15946.0
2019-05-26,2019052601002176,NLICL,45,33,18,660.0,11880.0
2019-05-26,2019052601002257,NMBMF,21,52,20,1115.0,22300.0
2019-05-26,2019052601002195,NMBMF,40,42,100,1120.0,112000.0
2019-05-26,2019052601002194,NMBMF,58,42,100,1121.0,112100.0
2019-05-26,2019052601002193,NMBMF,40,42,200,1122.0,224400.0
2019-05-26,2019052601002192,NMBMF,58,42,151,1123.0,169573.0
2019-05-26,2019052601001969,NNLB,34,58,14,390.0,5460.0
2019-05-26,2019052601001893,NSEWA,11,42,10,440.0,4400.0
2019-05-26,2019052601001834,NSEWA,55,1,10,437.0,4370.0
2019-05-26,2019052601002209,OHL,42,57,280,670.0,187600.0
2019-05-26,2019052601002075,OHL,42,57,100,670.0,67000.0
2019-05-26,2019052601002021,OHL,36,57,200,672.0,134400.0
2019-05-26,2019052601002020,OHL,35,57,100,673.0,67300.0
2019-05-26,2019052601002019,OHL,5,57,100,673.0,67300.0
2019-05-26,2019052601002018,OHL,39,57,500,674.0,337000.0
2019-05-26,2019052601002017,OHL,22,57,100,675.0,67500.0
2019-05-26,2019052601002016,OHL,45,57,642,675.0,433350.0
2019-05-26,2019052601002074,OHL,19,57,200,670.0,134000.0
2019-05-26,2019052601002073,OHL,36,57,500,670.0,335000.0
2019-05-26,2019052601002072,OHL,59,57,500,670.0,335000.0
2019-05-26,2019052601002023,OHL,43,57,500,671.0,335500.0
2019-05-26,2019052601002022,OHL,49,57,500,671.0,335500.0
2019-05-26,2019052601002147,PCBL,43,26,297,313.0,92961.0
2019-05-26,2019052601002046,PCBL,43,45,52,313.0,16276.0
2019-05-26,2019052601002045,PCBL,47,45,50,313.0,15650.0
2019-05-26,2019052601001820,PCBL,42,28,149,315.0,46935.0
2019-05-26,2019052601001819,PCBL,42,42,2700,315.0,850500.0
2019-05-26,2019052601002248,PFL,17,17,1,139.0,139.0
2019-05-26,2019052601002232,PFL,17,17,1,139.0,139.0
2019-05-26,2019052601002161,PFL,17,17,1,139.0,139.0
2019-05-26,2019052601002130,PFL,17,17,1,139.0,139.0
2019-05-26,2019052601002071,PFL,17,17,1,139.0,139.0
2019-05-26,2019052601002055,PFL,17,17,1,139.0,139.0
2019-05-26,2019052601001831,PFL,17,17,1,139.0,139.0
2019-05-26,2019052601001818,PFL,17,17,1,139.0,139.0
2019-05-26,2019052601001809,PFL,17,17,1,139.0,139.0
2019-05-26,2019052601001919,PFL,17,17,1,139.0,139.0
2019-05-26,2019052601001916,PFL,54,1,87,138.0,12006.0
2019-05-26,2019052601001915,PFL,38,1,500,138.0,69000.0
2019-05-26,2019052601001914,PFL,1,1,66,138.0,9108.0
2019-05-26,2019052601001902,PFL,17,17,1,139.0,139.0
2019-05-26,2019052601001882,PFL,17,17,1,139.0,139.0
2019-05-26,2019052601002050,PFL,39,45,26,137.0,3562.0
2019-05-26,2019052601002049,PFL,54,45,13,138.0,1794.0
2019-05-26,2019052601002044,PFL,17,17,1,139.0,139.0
2019-05-26,2019052601002030,PFL,17,17,1,139.0,139.0
2019-05-26,2019052601001945,PFL,17,17,1,139.0,139.0
2019-05-26,2019052601001928,PFL,17,17,1,139.0,139.0
2019-05-26,2019052601001944,PLIC,49,1,500,467.0,233500.0
2019-05-26,2019052601001943,PLIC,42,1,100,467.0,46700.0
2019-05-26,2019052601002173,PMHPL,7,45,10,112.0,1120.0
2019-05-26,2019052601002100,PMHPL,7,35,10,112.0,1120.0
2019-05-26,2019052601001864,PMHPL,7,21,10,112.0,1120.0
2019-05-26,2019052601002241,PRVU,32,34,10,278.0,2780.0
2019-05-26,2019052601002224,PRVU,56,53,77,277.0,21329.0
2019-05-26,2019052601002223,PRVU,44,53,1003,277.0,277831.0
2019-05-26,2019052601001855,PRVU,45,34,30,278.0,8340.0
2019-05-26,2019052601001829,PRVU,44,16,63,277.0,17451.0
2019-05-26,2019052601002058,PRVU,44,45,60,277.0,16620.0
2019-05-26,2019052601001892,RADHI,1,46,10,167.0,1670.0
2019-05-26,2019052601001817,RLFL,40,58,4000,140.0,560000.0
2019-05-26,2019052601001816,RLFL,40,58,371,140.0,51940.0
2019-05-26,2019052601002293,RMDC,38,47,50,660.0,33000.0
2019-05-26,2019052601001951,RMDC,38,58,11,660.0,7260.0
2019-05-26,2019052601002144,RRHP,59,35,10,96.0,960.0
2019-05-26,2019052601001913,SADBL,7,17,400,148.0,59200.0
2019-05-26,2019052601001912,SADBL,16,17,500,148.0,74000.0
2019-05-26,2019052601001911,SADBL,53,17,46,151.0,6946.0
2019-05-26,2019052601002277,SANIMA,45,45,300,357.0,107100.0
2019-05-26,2019052601001964,SBI,11,58,25,472.0,11800.0
2019-05-26,2019052601001894,SBL,45,59,50,335.0,16750.0
2019-05-26,2019052601002231,SCB,50,28,20,677.0,13540.0
2019-05-26,2019052601002054,SCB,59,1,48,675.0,32400.0
2019-05-26,2019052601001851,SCB,59,53,20,675.0,13500.0
2019-05-26,2019052601002177,SEF,47,45,10000,9.81,98100.0
2019-05-26,2019052601002292,SHIVM,1,29,100,567.0,56700.0
2019-05-26,2019052601002291,SHIVM,19,6,250,566.0,141500.0
2019-05-26,2019052601002290,SHIVM,19,45,50,566.0,28300.0
2019-05-26,2019052601002281,SHIVM,19,44,100,566.0,56600.0
2019-05-26,2019052601002271,SHIVM,34,42,100,561.0,56100.0
2019-05-26,2019052601002252,SHIVM,34,44,900,566.0,509400.0
2019-05-26,2019052601001995,SHIVM,22,47,60,548.0,32880.0
2019-05-26,2019052601001994,SHIVM,22,47,20,548.0,10960.0
2019-05-26,2019052601001937,SHIVM,34,47,40,548.0,21920.0
2019-05-26,2019052601001936,SHIVM,34,47,60,548.0,32880.0
2019-05-26,2019052601001929,SHIVM,46,47,20,548.0,10960.0
2019-05-26,2019052601001881,SHIVM,48,38,50,545.0,27250.0
2019-05-26,2019052601002001,SHIVM,22,33,40,549.0,21960.0
2019-05-26,2019052601002000,SHIVM,22,49,60,549.0,32940.0
2019-05-26,2019052601001999,SHIVM,22,42,50,549.0,27450.0
2019-05-26,2019052601001998,SHIVM,22,59,70,549.0,38430.0
2019-05-26,2019052601001997,SHIVM,22,47,50,548.0,27400.0
2019-05-26,2019052601001996,SHIVM,22,47,60,548.0,32880.0
2019-05-26,2019052601002090,SHIVM,26,49,50,549.0,27450.0
2019-05-26,2019052601002039,SHIVM,19,28,20,550.0,11000.0
2019-05-26,2019052601002038,SHIVM,22,10,65,549.0,35685.0
2019-05-26,2019052601002035,SHIVM,34,28,50,550.0,27500.0
2019-05-26,2019052601002034,SHIVM,34,36,150,550.0,82500.0
2019-05-26,2019052601002033,SHIVM,34,44,100,550.0,55000.0
2019-05-26,2019052601002106,SHIVM,22,35,300,550.0,165000.0
2019-05-26,2019052601002105,SHIVM,22,47,50,550.0,27500.0
2019-05-26,2019052601002104,SHIVM,22,14,30,550.0,16500.0
2019-05-26,2019052601002103,SHIVM,22,19,30,550.0,16500.0
2019-05-26,2019052601002095,SHIVM,14,19,170,550.0,93500.0
2019-05-26,2019052601002094,SHIVM,14,28,30,550.0,16500.0
2019-05-26,2019052601002113,SHIVM,42,19,50,550.0,27500.0
2019-05-26,2019052601002112,SHIVM,42,19,50,550.0,27500.0
2019-05-26,2019052601002111,SHIVM,42,47,20,550.0,11000.0
2019-05-26,2019052601002110,SHIVM,42,43,10,550.0,5500.0
2019-05-26,2019052601002108,SHIVM,22,43,290,550.0,159500.0
2019-05-26,2019052601002107,SHIVM,22,45,100,550.0,55000.0
2019-05-26,2019052601002131,SHIVM,44,19,150,552.0,82800.0
2019-05-26,2019052601002127,SHIVM,32,33,50,551.0,27550.0
2019-05-26,2019052601002126,SHIVM,32,28,170,551.0,93670.0
2019-05-26,2019052601002116,SHIVM,42,22,100,550.0,55000.0
2019-05-26,2019052601002115,SHIVM,42,7,50,550.0,27500.0
2019-05-26,2019052601002114,SHIVM,42,25,50,550.0,27500.0
2019-05-26,2019052601002162,SHIVM,28,35,100,553.0,55300.0
2019-05-26,2019052601002150,SHIVM,20,35,400,553.0,221200.0
2019-05-26,2019052601002149,SHIVM,20,56,50,552.0,27600.0
2019-05-26,2019052601002148,SHIVM,20,14,50,552.0,27600.0
2019-05-26,2019052601002133,SHIVM,44,14,20,552.0,11040.0
2019-05-26,2019052601002132,SHIVM,44,38,50,552.0,27600.0
2019-05-26,2019052601002171,SHIVM,36,46,250,552.0,138000.0
2019-05-26,2019052601002170,SHIVM,22,46,100,552.0,55200.0
2019-05-26,2019052601002169,SHIVM,28,46,50,553.0,27650.0
2019-05-26,2019052601002165,SHIVM,28,51,250,553.0,138250.0
2019-05-26,2019052601002164,SHIVM,28,40,50,553.0,27650.0
2019-05-26,2019052601002163,SHIVM,28,57,50,553.0,27650.0
2019-05-26,2019052601002185,SHIVM,57,57,50,557.0,27850.0
2019-05-26,2019052601002184,SHIVM,57,57,50,557.0,27850.0
2019-05-26,2019052601002183,SHIVM,57,49,100,555.0,55500.0
2019-05-26,2019052601002182,SHIVM,57,37,50,555.0,27750.0
2019-05-26,2019052601002181,SHIVM,57,41,180,555.0,99900.0
2019-05-26,2019052601002172,SHIVM,33,46,100,551.0,55100.0
2019-05-26,2019052601002206,SHIVM,52,48,390,558.0,217620.0
2019-05-26,2019052601002199,SHIVM,36,48,110,558.0,61380.0
2019-05-26,2019052601002198,SHIVM,36,58,50,558.0,27900.0
2019-05-26,2019052601002197,SHIVM,36,52,90,558.0,50220.0
2019-05-26,2019052601002187,SHIVM,57,57,50,557.0,27850.0
2019-05-26,2019052601002186,SHIVM,57,57,50,557.0,27850.0
2019-05-26,2019052601002251,SHIVM,34,42,100,565.0,56500.0
2019-05-26,2019052601002233,SHIVM,1,47,50,560.0,28000.0
2019-05-26,2019052601002227,SHIVM,38,41,50,558.0,27900.0
2019-05-26,2019052601002226,SHIVM,38,58,40,558.0,22320.0
2019-05-26,2019052601002212,SHIVM,57,59,50,557.0,27850.0
2019-05-26,2019052601002207,SHIVM,52,58,10,558.0,5580.0
2019-05-26,2019052601002032,SHL,57,42,200,246.0,49200.0
2019-05-26,2019052601002031,SHL,7,42,300,246.0,73800.0
2019-05-26,2019052601001976,SHPC,56,42,500,272.0,136000.0
2019-05-26,2019052601001975,SHPC,28,42,3000,272.0,816000.0
2019-05-26,2019052601001974,SHPC,19,42,100,272.0,27200.0
2019-05-26,2019052601001973,SHPC,41,42,300,272.0,81600.0
2019-05-26,2019052601001972,SHPC,43,42,1000,272.0,272000.0
2019-05-26,2019052601001801,SHPC,51,50,100,279.0,27900.0
2019-05-26,2019052601001971,SHPC,43,42,1500,273.0,409500.0
2019-05-26,2019052601001970,SHPC,43,42,1000,273.0,273000.0
2019-05-26,2019052601001961,SHPC,35,42,300,274.0,82200.0
2019-05-26,2019052601001960,SHPC,48,42,1000,274.0,274000.0
2019-05-26,2019052601001959,SHPC,49,42,1000,274.0,274000.0
2019-05-26,2019052601001958,SHPC,43,42,898,274.0,246052.0
2019-05-26,2019052601002024,SINDU,17,17,200,140.0,28000.0
2019-05-26,2019052601001889,SINDU,45,17,100,141.0,14100.0
2019-05-26,2019052601001815,SLBSL,52,39,10,556.0,5560.0
2019-05-26,2019052601002282,SLICL,16,47,50,590.0,29500.0
2019-05-26,2019052601002061,SMATA,45,28,80,1360.0,108800.0
2019-05-26,2019052601002060,SMATA,6,28,80,1362.0,108960.0
2019-05-26,2019052601002059,SMATA,19,28,10,1363.0,13630.0
2019-05-26,2019052601002189,UMHL,1,17,137,119.0,16303.0
2019-05-26,2019052601001891,UMHL,59,21,15,117.0,1755.0
2019-05-26,2019052601002064,UPCL,40,40,10,96.0,960.0
2019-05-26,2019052601002063,UPCL,40,6,15,96.0,1440.0
2019-05-26,2019052601002289,UPPER,6,56,20,278.0,5560.0
2019-05-26,2019052601002276,UPPER,6,10,30,278.0,8340.0
2019-05-26,2019052601002275,UPPER,50,10,10,278.0,2780.0
2019-05-26,2019052601002268,UPPER,54,33,100,279.0,27900.0
2019-05-26,2019052601002250,UPPER,50,10,40,278.0,11120.0
2019-05-26,2019052601001880,UPPER,51,57,40,277.0,11080.0
2019-05-26,2019052601001837,UPPER,51,44,50,277.0,13850.0
2019-05-26,2019052601001826,UPPER,51,40,50,277.0,13850.0
2019-05-26,2019052601001901,UPPER,29,48,133,277.0,36841.0
2019-05-26,2019052601001900,UPPER,29,48,110,277.0,30470.0
2019-05-26,2019052601001898,UPPER,29,34,90,277.0,24930.0
2019-05-26,2019052601001897,UPPER,51,34,1410,277.0,390570.0
2019-05-26,2019052601001890,UPPER,51,42,400,277.0,110800.0
2019-05-26,2019052601001888,UPPER,51,57,50,277.0,13850.0
2019-05-26,2019052601001986,UPPER,17,17,6,277.0,1662.0
2019-05-26,2019052601001949,UPPER,40,32,100,277.0,27700.0
2019-05-26,2019052601001942,UPPER,29,14,40,277.0,11080.0
2019-05-26,2019052601001926,UPPER,29,33,20,277.0,5540.0
2019-05-26,2019052601001924,UPPER,50,58,30,278.0,8340.0
2019-05-26,2019052601001923,UPPER,50,55,50,278.0,13900.0
2019-05-26,2019052601002006,UPPER,33,52,20,277.0,5540.0
2019-05-26,2019052601002003,UPPER,13,20,180,278.0,50040.0
2019-05-26,2019052601002002,UPPER,13,58,20,278.0,5560.0
2019-05-26,2019052601001989,UPPER,33,1,40,277.0,11080.0
2019-05-26,2019052601001988,UPPER,33,26,40,277.0,11080.0
2019-05-26,2019052601001987,UPPER,33,32,400,277.0,110800.0
2019-05-26,2019052601002078,UPPER,58,1,40,277.0,11080.0
2019-05-26,2019052601002041,UPPER,43,53,860,276.0,237360.0
2019-05-26,2019052601002040,UPPER,45,53,140,276.0,38640.0
2019-05-26,2019052601002009,UPPER,45,52,360,276.0,99360.0
2019-05-26,2019052601002008,UPPER,14,52,170,276.0,46920.0
2019-05-26,2019052601002007,UPPER,34,52,250,276.0,69000.0
2019-05-26,2019052601002196,UPPER,13,20,100,278.0,27800.0
2019-05-26,2019052601002128,UPPER,58,35,50,277.0,13850.0
2019-05-26,2019052601002102,UPPER,58,29,50,277.0,13850.0
2019-05-26,2019052601002089,UPPER,58,1,50,277.0,13850.0
2019-05-26,2019052601002079,UPPER,58,14,50,277.0,13850.0
2019-05-26,2019052601002242,UPPER,6,39,100,278.0,27800.0
2019-05-26,2019052601002229,UPPER,29,45,50,278.0,13900.0
2019-05-26,2019052601002228,UPPER,29,57,50,278.0,13900.0
2019-05-26,2019052601002225,UPPER,58,32,40,277.0,11080.0
2019-05-26,2019052601002214,UPPER,6,20,22,278.0,6116.0
2019-05-26,2019052601002213,UPPER,58,10,30,277.0,8310.0
2019-05-26,2019052601008255,ADBL,42,38,37,424.0,15688.0
2019-05-26,2019052601007950,ADBL,42,38,72,424.0,30528.0
2019-05-26,2019052601007910,ADBL,42,35,16,424.0,6784.0
2019-05-26,2019052601007909,ADBL,29,35,149,424.0,63176.0
2019-05-26,2019052601007908,ADBL,58,35,116,424.0,49184.0
2019-05-26,2019052601007907,ADBL,21,35,100,425.0,42500.0
2019-05-26,2019052601007830,ALBSL,53,16,10,445.0,4450.0
2019-05-26,2019052601007829,ALBSL,53,55,10,444.0,4440.0
2019-05-26,2019052601008118,ALICL,48,51,30,420.0,12600.0
2019-05-26,2019052601008117,ALICL,57,51,200,420.0,84000.0
2019-05-26,2019052601008116,ALICL,55,51,20,420.0,8400.0
2019-05-26,2019052601007810,AMFI,38,45,10,545.0,5450.0
2019-05-26,2019052601007809,AMFI,6,45,10,555.0,5550.0
2019-05-26,2019052601008137,API,41,41,20,154.0,3080.0
2019-05-26,2019052601008136,API,37,41,80,154.0,12320.0
2019-05-26,2019052601008135,API,39,41,100,154.0,15400.0
2019-05-26,2019052601008129,API,37,45,100,155.0,15500.0
2019-05-26,2019052601008080,API,42,45,50,155.0,7750.0
2019-05-26,2019052601008079,API,45,45,150,155.0,23250.0
2019-05-26,2019052601007803,API,49,40,100,157.0,15700.0
2019-05-26,2019052601007802,API,49,17,100,157.0,15700.0
2019-05-26,2019052601007961,API,58,44,726,155.0,112530.0
2019-05-26,2019052601007960,API,57,44,1000,156.0,156000.0
2019-05-26,2019052601007959,API,42,44,71,156.0,11076.0
2019-05-26,2019052601007878,API,40,40,150,157.0,23550.0
2019-05-26,2019052601007833,API,39,40,50,157.0,7850.0
2019-05-26,2019052601008078,API,39,45,107,155.0,16585.0
2019-05-26,2019052601007993,API,38,40,30,157.0,4710.0
2019-05-26,2019052601007965,API,39,44,893,155.0,138415.0
2019-05-26,2019052601007964,API,16,44,1000,155.0,155000.0
2019-05-26,2019052601007963,API,1,44,110,155.0,17050.0
2019-05-26,2019052601007962,API,45,44,1500,155.0,232500.0
2019-05-26,2019052601008257,BFC,42,38,475,101.0,47975.0
2019-05-26,2019052601008191,BFC,42,29,25,101.0,2525.0
2019-05-26,2019052601008190,BFC,38,29,15,101.0,1515.0
2019-05-26,2019052601008189,BFC,57,29,1000,101.0,101000.0
2019-05-26,2019052601008028,BFC,42,57,500,102.0,51000.0
2019-05-26,2019052601007863,BFC,11,34,200,104.0,20800.0
2019-05-26,2019052601008294,BOKL,26,58,1000,270.0,270000.0
2019-05-26,2019052601008293,BOKL,26,58,1000,270.0,270000.0
2019-05-26,2019052601008292,BOKL,13,58,200,270.0,54000.0
2019-05-26,2019052601008291,BOKL,11,58,300,270.0,81000.0
2019-05-26,2019052601008290,BOKL,17,58,250,270.0,67500.0
2019-05-26,2019052601008289,BOKL,6,58,3000,270.0,810000.0
2019-05-26,2019052601008035,BOKL,32,58,536,272.0,145792.0
2019-05-26,2019052601008015,BOKL,43,52,200,271.0,54200.0
2019-05-26,2019052601008282,BOKL,13,58,400,271.0,108400.0
2019-05-26,2019052601008281,BOKL,7,58,200,271.0,54200.0
2019-05-26,2019052601008280,BOKL,43,58,900,271.0,243900.0
2019-05-26,2019052601008279,BOKL,48,58,500,272.0,136000.0
2019-05-26,2019052601008278,BOKL,32,58,100,272.0,27200.0
2019-05-26,2019052601008288,BOKL,6,58,500,271.0,135500.0
2019-05-26,2019052601008287,BOKL,52,58,1000,271.0,271000.0
2019-05-26,2019052601008286,BOKL,52,58,500,271.0,135500.0
2019-05-26,2019052601008285,BOKL,6,58,271,271.0,73441.0
2019-05-26,2019052601008284,BOKL,45,58,500,271.0,135500.0
2019-05-26,2019052601008283,BOKL,59,58,100,271.0,27100.0
2019-05-26,2019052601008172,BPCL,45,45,11,419.0,4609.0
2019-05-26,2019052601008171,BPCL,34,45,189,419.0,79191.0
2019-05-26,2019052601008155,BPCL,42,58,100,420.0,42000.0
2019-05-26,2019052601008154,BPCL,14,58,78,420.0,32760.0
2019-05-26,2019052601008153,BPCL,34,58,100,420.0,42000.0
2019-05-26,2019052601008152,BPCL,37,58,300,420.0,126000.0
2019-05-26,2019052601008151,BPCL,57,58,500,420.0,210000.0
2019-05-26,2019052601008150,BPCL,38,58,13,420.0,5460.0
2019-05-26,2019052601008021,BPCL,38,16,89,420.0,37380.0
2019-05-26,2019052601008020,BPCL,22,16,500,420.0,210000.0
2019-05-26,2019052601007987,BPCL,38,4,98,421.0,41258.0
2019-05-26,2019052601007978,CBBL,49,39,16,949.0,15184.0
2019-05-26,2019052601007977,CBBL,28,39,30,949.0,28470.0
2019-05-26,2019052601007976,CBBL,39,39,14,950.0,13300.0
2019-05-26,2019052601007897,CBL,45,49,50,146.0,7300.0
2019-05-26,2019052601007896,CBL,39,49,50,147.0,7350.0
2019-05-26,2019052601007895,CBL,45,49,200,147.0,29400.0
2019-05-26,2019052601007906,CEFL,47,26,10,101.0,1010.0
2019-05-26,2019052601007905,CEFL,55,26,20,101.0,2020.0
2019-05-26,2019052601007842,CHCL,55,46,55,528.0,29040.0
2019-05-26,2019052601007820,CHCL,50,46,200,529.0,105800.0
2019-05-26,2019052601007819,CHCL,39,46,100,529.0,52900.0
2019-05-26,2019052601007923,CHLBS,22,49,20,447.0,8940.0
2019-05-26,2019052601008204,DBBL,48,52,200,147.0,29400.0
2019-05-26,2019052601007970,DBBL,48,51,195,147.0,28665.0
2019-05-26,2019052601007969,DBBL,7,51,1000,147.0,147000.0
2019-05-26,2019052601007968,DBBL,17,51,100,147.0,14700.0
2019-05-26,2019052601007967,DBBL,51,51,705,147.0,103635.0
2019-05-26,2019052601007902,DBBL,51,51,2000,147.0,294000.0
2019-05-26,2019052601007893,DBBL,51,34,195,147.0,28665.0
2019-05-26,2019052601007892,DBBL,21,34,100,147.0,14700.0
2019-05-26,2019052601007798,DHPL,37,19,198,71.0,14058.0
2019-05-26,2019052601008142,EIC,58,51,75,422.0,31650.0
2019-05-26,2019052601008141,EIC,33,51,100,422.0,42200.0
2019-05-26,2019052601008140,EIC,54,51,50,423.0,21150.0
2019-05-26,2019052601007875,FOWAD,19,51,10,1510.0,15100.0
2019-05-26,2019052601008016,GBBL,55,39,50,222.0,11100.0
2019-05-26,2019052601007877,GBBL,17,40,233,223.0,51959.0
2019-05-26,2019052601008188,GBIME,40,11,102,306.0,31212.0
2019-05-26,2019052601008187,GBIME,44,11,100,306.0,30600.0
2019-05-26,2019052601008186,GBIME,48,11,500,306.0,153000.0
2019-05-26,2019052601008185,GBIME,45,11,100,306.0,30600.0
2019-05-26,2019052601008184,GBIME,43,11,50,306.0,15300.0
2019-05-26,2019052601008183,GBIME,53,11,50,306.0,15300.0
2019-05-26,2019052601007988,GBIME,55,57,305,306.0,93330.0
2019-05-26,2019052601008182,GBIME,53,11,50,306.0,15300.0
2019-05-26,2019052601008181,GBIME,43,11,500,306.0,153000.0
2019-05-26,2019052601008180,GBIME,55,11,548,306.0,167688.0
2019-05-26,2019052601008158,GBIME,55,39,116,306.0,35496.0
2019-05-26,2019052601008144,GBIME,13,11,350,307.0,107450.0
2019-05-26,2019052601008036,GBIME,25,42,169,307.0,51883.0
2019-05-26,2019052601008271,GDBL,14,13,197,211.0,41567.0
2019-05-26,2019052601008128,GDBL,14,17,10,211.0,2110.0
2019-05-26,2019052601007944,GLICL,34,51,102,553.0,56406.0
2019-05-26,2019052601007943,GLICL,22,51,40,554.0,22160.0
2019-05-26,2019052601007936,GLICL,19,22,10,556.0,5560.0
2019-05-26,2019052601007929,HDL,45,58,60,1738.0,104280.0
2019-05-26,2019052601007894,HDL,44,45,50,1739.0,86950.0
2019-05-26,2019052601007823,HGI,55,48,180,378.0,68040.0
2019-05-26,2019052601007822,HGI,8,48,100,379.0,37900.0
2019-05-26,2019052601007821,HGI,1,48,40,380.0,15200.0
2019-05-26,2019052601008210,HIDCL,25,58,55,164.0,9020.0
2019-05-26,2019052601008127,HIDCL,25,29,61,164.0,10004.0
2019-05-26,2019052601007850,HIDCL,25,58,408,164.0,66912.0
2019-05-26,2019052601007849,HIDCL,6,58,1000,164.0,164000.0
2019-05-26,2019052601007848,HIDCL,19,58,1000,164.0,164000.0
2019-05-26,2019052601007847,HIDCL,34,58,1000,164.0,164000.0
2019-05-26,2019052601007846,HIDCL,45,58,500,164.0,82000.0
2019-05-26,2019052601007845,HIDCL,1,58,1092,164.0,179088.0
2019-05-26,2019052601007814,HIDCL,1,25,408,164.0,66912.0
2019-05-26,2019052601007813,HIDCL,6,25,1970,164.0,323080.0
2019-05-26,2019052601007812,HIDCL,22,25,100,165.0,16500.0
2019-05-26,2019052601007811,HIDCL,36,25,255,165.0,42075.0
2019-05-26,2019052601008206,HPPL,11,7,10,185.0,1850.0
2019-05-26,2019052601008018,HPPL,11,1,10,185.0,1850.0
2019-05-26,2019052601008268,HURJA,28,43,20,129.0,2580.0
2019-05-26,2019052601008259,HURJA,28,21,20,129.0,2580.0
2019-05-26,2019052601008238,HURJA,28,21,20,129.0,2580.0
2019-05-26,2019052601008199,HURJA,28,43,20,129.0,2580.0
2019-05-26,2019052601008159,HURJA,28,52,20,129.0,2580.0
2019-05-26,2019052601007832,HURJA,42,39,468,129.0,60372.0
2019-05-26,2019052601007831,HURJA,33,39,110,129.0,14190.0
2019-05-26,2019052601007815,HURJA,33,38,20,129.0,2580.0
2019-05-26,2019052601008110,HURJA,28,50,20,129.0,2580.0
2019-05-26,2019052601007975,HURJA,28,50,20,129.0,2580.0
2019-05-26,2019052601007945,HURJA,42,39,432,129.0,55728.0
2019-05-26,2019052601007922,HURJA,42,50,20,129.0,2580.0
2019-05-26,2019052601007891,HURJA,42,50,20,129.0,2580.0
2019-05-26,2019052601007871,HURJA,42,50,20,129.0,2580.0
2019-05-26,2019052601007979,ICFC,25,16,656,161.0,105616.0
2019-05-26,2019052601008048,IGI,42,52,500,404.0,202000.0
2019-05-26,2019052601008051,IGI,42,52,50,404.0,20200.0
2019-05-26,2019052601008050,IGI,32,52,500,404.0,202000.0
2019-05-26,2019052601008049,IGI,26,52,50,404.0,20200.0
2019-05-26,2019052601008008,JBNL,6,58,1000,208.0,208000.0
2019-05-26,2019052601008007,JBNL,48,58,218,208.0,45344.0
2019-05-26,2019052601007998,JBNL,48,52,1500,208.0,312000.0
2019-05-26,2019052601007921,JBNL,48,6,282,208.0,58656.0
2019-05-26,2019052601007920,JBNL,48,6,500,208.0,104000.0
2019-05-26,2019052601007919,JBNL,48,6,500,208.0,104000.0
2019-05-26,2019052601007912,JBNL,48,50,168,208.0,34944.0
2019-05-26,2019052601007828,JBNL,48,17,832,208.0,173056.0
2019-05-26,2019052601007827,JBNL,39,17,500,208.0,104000.0
2019-05-26,2019052601007826,JBNL,10,17,668,208.0,138944.0
2019-05-26,2019052601007918,JBNL,34,6,500,208.0,104000.0
2019-05-26,2019052601007917,JBNL,46,6,100,208.0,20800.0
2019-05-26,2019052601007916,JBNL,38,6,118,208.0,24544.0
2019-05-26,2019052601007915,JBNL,38,50,382,208.0,79456.0
2019-05-26,2019052601007914,JBNL,45,50,200,208.0,41600.0
2019-05-26,2019052601007913,JBNL,48,50,250,208.0,52000.0
2019-05-26,2019052601008139,KBBL,6,57,889,225.0,200025.0
2019-05-26,2019052601007942,KBL,16,38,13,218.0,2834.0
2019-05-26,2019052601007911,KBL,17,38,200,218.0,43600.0
2019-05-26,2019052601008165,KNBL,25,38,200,143.0,28600.0
2019-05-26,2019052601007994,KNBL,17,56,1300,143.0,185900.0
2019-05-26,2019052601007851,KNBL,17,25,200,143.0,28600.0
2019-05-26,2019052601007951,KPCL,42,1,20,96.0,1920.0
2019-05-26,2019052601007859,KSBBL,4,38,46,155.0,7130.0
2019-05-26,2019052601007858,KSBBL,48,38,100,155.0,15500.0
2019-05-26,2019052601007857,KSBBL,43,38,86,155.0,13330.0
2019-05-26,2019052601007856,KSBBL,28,38,1000,156.0,156000.0
2019-05-26,2019052601007855,KSBBL,49,38,2000,156.0,312000.0
2019-05-26,2019052601007854,KSBBL,5,38,338,156.0,52728.0
2019-05-26,2019052601008097,LBBL,11,26,125,201.0,25125.0
2019-05-26,2019052601008096,LBBL,33,26,641,201.0,128841.0
2019-05-26,2019052601008084,LBL,7,57,40,222.0,8880.0
2019-05-26,2019052601008058,LBL,42,57,1600,222.0,355200.0
2019-05-26,2019052601007958,LBL,42,38,1000,222.0,222000.0
2019-05-26,2019052601007904,LBL,37,13,100,223.0,22300.0
2019-05-26,2019052601007903,LBL,22,13,487,223.0,108601.0
2019-05-26,2019052601007889,LBL,42,38,500,224.0,112000.0
2019-05-26,2019052601007888,LBL,42,16,1000,224.0,224000.0
2019-05-26,2019052601007887,LBL,42,22,50,224.0,11200.0
2019-05-26,2019052601007886,LBL,42,48,400,224.0,89600.0
2019-05-26,2019052601007885,LBL,42,16,40,224.0,8960.0
2019-05-26,2019052601007797,LBL,36,16,10,224.0,2240.0
2019-05-26,2019052601008040,LGIL,45,16,62,500.0,31000.0
2019-05-26,2019052601007930,LGIL,45,56,225,500.0,112500.0
2019-05-26,2019052601008250,LLBS,18,41,14,753.0,10542.0
2019-05-26,2019052601008249,LLBS,50,41,10,755.0,7550.0
2019-05-26,2019052601008146,MBL,17,58,1817,268.0,486956.0
2019-05-26,2019052601008145,MBL,33,58,423,268.0,113364.0
2019-05-26,2019052601008062,MBL,33,57,77,268.0,20636.0
2019-05-26,2019052601008061,MBL,43,57,500,268.0,134000.0
2019-05-26,2019052601008060,MBL,53,57,100,268.0,26800.0
2019-05-26,2019052601008059,MBL,37,57,365,268.0,97820.0
2019-05-26,2019052601008161,MEGA,57,33,500,195.0,97500.0
2019-05-26,2019052601008160,MEGA,38,33,119,195.0,23205.0
2019-05-26,2019052601008074,MEGA,38,17,26,195.0,5070.0
2019-05-26,2019052601007876,MEGA,38,49,54,195.0,10530.0
2019-05-26,2019052601007800,MEGA,38,57,301,195.0,58695.0
2019-05-26,2019052601007999,MLBBL,22,56,12,456.0,5472.0
2019-05-26,2019052601007980,MLBBL,22,56,14,456.0,6384.0
2019-05-26,2019052601008092,MLBL,42,57,1359,196.0,266364.0
2019-05-26,2019052601008258,MNBBL,42,1,24,375.0,9000.0
2019-05-26,2019052601008174,MSLB,51,8,20,1060.0,21200.0
2019-05-26,2019052601007926,NABIL,16,41,80,835.0,66800.0
2019-05-26,2019052601007925,NABIL,48,41,20,836.0,16720.0
2019-05-26,2019052601007901,NABIL,22,3,200,837.0,167400.0
2019-05-26,2019052601007952,NABILP,59,4,500,807.0,403500.0
2019-05-26,2019052601008091,NADEP,26,38,20,450.0,9000.0
2019-05-26,2019052601007860,NADEP,48,49,10,446.0,4460.0
2019-05-26,2019052601007843,NADEP,41,49,20,450.0,9000.0
2019-05-26,2019052601008197,NBB,55,51,411,224.0,92064.0
2019-05-26,2019052601008260,NBL,33,20,300,336.0,100800.0
2019-05-26,2019052601008143,NBL,42,49,345,335.0,115575.0
2019-05-26,2019052601008134,NBL,32,49,155,335.0,51925.0
2019-05-26,2019052601008109,NBL,32,4,245,335.0,82075.0
2019-05-26,2019052601008108,NBL,37,4,100,335.0,33500.0
2019-05-26,2019052601008107,NBL,14,4,100,335.0,33500.0
2019-05-26,2019052601007935,NBL,39,29,100,336.0,33600.0
2019-05-26,2019052601008100,NBL,53,4,200,335.0,67000.0
2019-05-26,2019052601008099,NBL,50,4,100,335.0,33500.0
2019-05-26,2019052601008098,NBL,34,4,25,335.0,8375.0
2019-05-26,2019052601008047,NBL,34,6,475,335.0,159125.0
2019-05-26,2019052601008046,NBL,32,6,500,335.0,167500.0
2019-05-26,2019052601008045,NBL,43,6,50,335.0,16750.0
2019-05-26,2019052601008106,NBL,26,4,100,335.0,33500.0
2019-05-26,2019052601008105,NBL,17,4,200,335.0,67000.0
2019-05-26,2019052601008104,NBL,57,4,200,335.0,67000.0
2019-05-26,2019052601008103,NBL,40,4,100,335.0,33500.0
2019-05-26,2019052601008102,NBL,35,4,30,335.0,10050.0
2019-05-26,2019052601008101,NBL,19,4,100,335.0,33500.0
2019-05-26,2019052601008277,NCCB,33,11,1860,260.0,483600.0
2019-05-26,2019052601008276,NCCB,42,11,60,260.0,15600.0
2019-05-26,2019052601008248,NCCB,42,58,40,260.0,10400.0
2019-05-26,2019052601008247,NCCB,35,58,500,260.0,130000.0
2019-05-26,2019052601008246,NCCB,42,58,500,260.0,130000.0
2019-05-26,2019052601008245,NCCB,48,58,100,260.0,26000.0
2019-05-26,2019052601007947,NCCB,42,34,172,261.0,44892.0
2019-05-26,2019052601007882,NCCB,41,50,1000,260.0,260000.0
2019-05-26,2019052601008201,NCCB,50,4,100,260.0,26000.0
2019-05-26,2019052601008173,NCCB,50,33,1000,260.0,260000.0
2019-05-26,2019052601008164,NCCB,50,49,400,260.0,104000.0
2019-05-26,2019052601008163,NCCB,42,49,100,260.0,26000.0
2019-05-26,2019052601007949,NCCB,42,41,200,260.0,52000.0
2019-05-26,2019052601007948,NCCB,42,34,1000,261.0,261000.0
2019-05-26,2019052601008244,NCCB,38,58,100,260.0,26000.0
2019-05-26,2019052601008243,NCCB,14,58,600,260.0,156000.0
2019-05-26,2019052601008242,NCCB,8,58,10,260.0,2600.0
2019-05-26,2019052601008241,NCCB,48,58,50,260.0,13000.0
2019-05-26,2019052601008240,NCCB,50,58,1100,260.0,286000.0
2019-05-26,2019052601008202,NCCB,50,4,400,260.0,104000.0
2019-05-26,2019052601008000,NHPC,51,16,1000,70.0,70000.0
2019-05-26,2019052601008254,NIB,28,6,13,535.0,6955.0
2019-05-26,2019052601008253,NIB,6,6,31,535.0,16585.0
2019-05-26,2019052601008252,NIB,6,59,69,535.0,36915.0
2019-05-26,2019052601008251,NIB,57,59,41,535.0,21935.0
2019-05-26,2019052601008175,NIB,57,6,52,535.0,27820.0
2019-05-26,2019052601007956,NIB,45,1,50,536.0,26800.0
2019-05-26,2019052601007900,NIB,57,40,100,535.0,53500.0
2019-05-26,2019052601008056,NICA,45,17,34,478.0,16252.0
2019-05-26,2019052601007974,NICA,56,43,100,478.0,47800.0
2019-05-26,2019052601008052,NICGF,25,16,500,9.66,4830.0
2019-05-26,2019052601008270,NICL,25,6,40,390.0,15600.0
2019-05-26,2019052601008269,NICL,47,6,25,390.0,9750.0
2019-05-26,2019052601008196,NIL,7,58,35,510.0,17850.0
2019-05-26,2019052601008195,NIL,55,58,250,510.0,127500.0
2019-05-26,2019052601008194,NIL,51,58,10,510.0,5100.0
2019-05-26,2019052601008193,NIL,53,58,50,511.0,25550.0
2019-05-26,2019052601008192,NIL,50,58,183,511.0,93513.0
2019-05-26,2019052601008067,NIL,50,16,17,511.0,8687.0
2019-05-26,2019052601008066,NIL,14,16,100,511.0,51100.0
2019-05-26,2019052601008065,NIL,37,16,100,511.0,51100.0
2019-05-26,2019052601008064,NIL,44,16,50,511.0,25550.0
2019-05-26,2019052601007992,NLBBL,51,38,80,517.0,41360.0
2019-05-26,2019052601007991,NLBBL,38,38,50,517.0,25850.0
2019-05-26,2019052601007990,NLBBL,25,38,20,518.0,10360.0
2019-05-26,2019052601007971,NMBMF,58,38,115,1131.0,130065.0
2019-05-26,2019052601008111,NTC,42,36,100,729.0,72900.0
2019-05-26,2019052601008014,NTC,29,43,100,730.0,73000.0
2019-05-26,2019052601008013,NTC,57,43,10,730.0,7300.0
2019-05-26,2019052601008012,NTC,34,43,30,730.0,21900.0
2019-05-26,2019052601008011,NTC,48,43,1000,730.0,730000.0
2019-05-26,2019052601008010,NTC,6,43,250,730.0,182500.0
2019-05-26,2019052601008009,NTC,50,43,100,730.0,73000.0
2019-05-26,2019052601007940,NTC,45,38,100,731.0,73100.0
2019-05-26,2019052601007939,NTC,37,38,100,731.0,73100.0
2019-05-26,2019052601007938,NTC,43,38,467,731.0,341377.0
2019-05-26,2019052601008162,NUBL,39,35,30,855.0,25650.0
2019-05-26,2019052601007825,NUBL,19,35,20,855.0,17100.0
2019-05-26,2019052601008126,PCBL,16,13,950,312.0,296400.0
2019-05-26,2019052601008125,PCBL,53,13,50,313.0,15650.0
2019-05-26,2019052601008038,PCBL,53,17,50,313.0,15650.0
2019-05-26,2019052601007933,PCBL,45,35,23,313.0,7199.0
2019-05-26,2019052601007932,PCBL,25,35,600,313.0,187800.0
2019-05-26,2019052601007931,PCBL,39,35,47,313.0,14711.0
2019-05-26,2019052601007874,PCBL,39,39,150,313.0,46950.0
2019-05-26,2019052601008024,PFL,50,53,26,138.0,3588.0
2019-05-26,2019052601008023,PFL,50,35,14,138.0,1932.0
2019-05-26,2019052601008005,PFL,50,35,25,138.0,3450.0
2019-05-26,2019052601008004,PFL,50,35,39,138.0,5382.0
2019-05-26,2019052601008003,PFL,50,48,23,138.0,3174.0
2019-05-26,2019052601008002,PFL,50,55,13,138.0,1794.0
2019-05-26,2019052601008131,PIC,6,49,70,1197.0,83790.0
2019-05-26,2019052601008130,PIC,6,57,11,1194.0,13134.0
2019-05-26,2019052601008094,PIC,42,57,189,1194.0,225666.0
2019-05-26,2019052601008085,PIC,42,43,11,1194.0,13134.0
2019-05-26,2019052601008029,PIC,42,57,300,1194.0,358200.0
2019-05-26,2019052601007870,PIC,6,33,202,1193.0,240986.0
2019-05-26,2019052601007869,PIC,49,33,100,1193.0,119300.0
2019-05-26,2019052601007868,PIC,42,33,10,1193.0,11930.0
2019-05-26,2019052601007867,PIC,58,33,20,1193.0,23860.0
2019-05-26,2019052601007866,PIC,26,33,11,1194.0,13134.0
2019-05-26,2019052601007865,PIC,26,33,11,1194.0,13134.0
2019-05-26,2019052601007864,PIC,26,6,11,1194.0,13134.0
2019-05-26,2019052601008034,PLIC,49,38,500,460.0,230000.0
2019-05-26,2019052601008033,PLIC,45,38,200,460.0,92000.0
2019-05-26,2019052601008032,PLIC,20,38,300,461.0,138300.0
2019-05-26,2019052601008031,PLIC,19,38,10,461.0,4610.0
2019-05-26,2019052601008132,PRVU,49,52,300,275.0,82500.0
2019-05-26,2019052601008019,PRVU,39,43,50,276.0,13800.0
2019-05-26,2019052601007997,PRVU,49,59,1281,275.0,352275.0
2019-05-26,2019052601007996,PRVU,47,59,500,275.0,137500.0
2019-05-26,2019052601007995,PRVU,43,59,219,275.0,60225.0
2019-05-26,2019052601007941,RBCL,59,56,50,10950.0,547500.0
2019-05-26,2019052601008089,RBCLPO,59,51,20,9902.0,198040.0
2019-05-26,2019052601008088,RBCLPO,44,39,20,9901.0,198020.0
2019-05-26,2019052601008087,RBCLPO,42,39,10,9901.0,99010.0
2019-05-26,2019052601008086,RBCLPO,45,39,10,9901.0,99010.0
2019-05-26,2019052601008017,RBCLPO,6,51,20,9902.0,198040.0
2019-05-26,2019052601008166,RLFL,40,44,800,140.0,112000.0
2019-05-26,2019052601008022,RLFL,40,44,200,140.0,28000.0
2019-05-26,2019052601007796,RLFL,40,44,500,140.0,70000.0
2019-05-26,2019052601007953,RMDC,6,56,457,660.0,301620.0
2019-05-26,2019052601007883,RMDC,47,49,50,656.0,32800.0
2019-05-26,2019052601007899,RRHP,35,14,10,95.0,950.0
2019-05-26,2019052601007841,RRHP,8,8,10,96.0,960.0
2019-05-26,2019052601007840,RRHP,8,8,10,96.0,960.0
2019-05-26,2019052601007839,RRHP,8,8,10,96.0,960.0
2019-05-26,2019052601007838,RRHP,8,8,10,96.0,960.0
2019-05-26,2019052601007837,RRHP,8,8,10,96.0,960.0
2019-05-26,2019052601007836,RRHP,8,8,10,96.0,960.0
2019-05-26,2019052601007835,RRHP,8,8,10,96.0,960.0
2019-05-26,2019052601008147,SANIMA,47,33,500,354.0,177000.0
2019-05-26,2019052601007973,SANIMA,47,35,400,354.0,141600.0
2019-05-26,2019052601007972,SANIMA,22,35,100,354.0,35400.0
2019-05-26,2019052601008006,SBI,16,41,100,472.0,47200.0
2019-05-26,2019052601008207,SBL,36,21,250,336.0,84000.0
2019-05-26,2019052601007955,SBL,36,14,211,336.0,70896.0
2019-05-26,2019052601007954,SBL,5,14,73,336.0,24528.0
2019-05-26,2019052601007862,SBL,36,10,370,337.0,124690.0
2019-05-26,2019052601007861,SBL,36,6,130,337.0,43810.0
2019-05-26,2019052601008149,SCB,49,14,20,680.0,13600.0
2019-05-26,2019052601008122,SCB,49,25,100,680.0,68000.0
2019-05-26,2019052601008121,SCB,49,29,80,680.0,54400.0
2019-05-26,2019052601008120,SCB,49,26,96,679.0,65184.0
2019-05-26,2019052601008119,SCB,49,22,190,679.0,129010.0
2019-05-26,2019052601007818,SCB,56,41,46,677.0,31142.0
2019-05-26,2019052601007966,SDESI,8,8,11,609.0,6699.0
2019-05-26,2019052601007834,SFFIL,51,22,100,225.0,22500.0
2019-05-26,2019052601008239,SHIVM,32,48,50,557.0,27850.0
2019-05-26,2019052601008179,SHIVM,32,58,73,557.0,40661.0
2019-05-26,2019052601008178,SHIVM,7,58,27,558.0,15066.0
2019-05-26,2019052601008157,SHIVM,7,58,23,558.0,12834.0
2019-05-26,2019052601008156,SHIVM,45,58,247,558.0,137826.0
2019-05-26,2019052601008090,SHIVM,45,52,100,558.0,55800.0
2019-05-26,2019052601007805,SHIVM,17,47,129,560.0,72240.0
2019-05-26,2019052601007879,SHIVM,51,49,150,559.0,83850.0
2019-05-26,2019052601007852,SHIVM,49,18,179,560.0,100240.0
2019-05-26,2019052601007844,SHIVM,49,47,200,560.0,112000.0
2019-05-26,2019052601007817,SHIVM,49,47,200,560.0,112000.0
2019-05-26,2019052601007816,SHIVM,49,18,350,560.0,196000.0
2019-05-26,2019052601007806,SHIVM,49,47,71,560.0,39760.0
2019-05-26,2019052601008069,SHIVM,36,25,100,557.0,55700.0
2019-05-26,2019052601008068,SHIVM,1,25,100,557.0,55700.0
2019-05-26,2019052601007989,SHIVM,33,51,500,558.0,279000.0
2019-05-26,2019052601007884,SHIVM,22,50,50,559.0,27950.0
2019-05-26,2019052601007881,SHIVM,22,49,150,559.0,83850.0
2019-05-26,2019052601007880,SHIVM,1,49,100,559.0,55900.0
2019-05-26,2019052601008083,SHIVM,45,42,60,558.0,33480.0
2019-05-26,2019052601008082,SHIVM,45,51,93,558.0,51894.0
2019-05-26,2019052601008073,SHIVM,32,25,250,557.0,139250.0
2019-05-26,2019052601008072,SHIVM,42,25,2000,557.0,1114000.0
2019-05-26,2019052601008071,SHIVM,1,25,200,557.0,111400.0
2019-05-26,2019052601008070,SHIVM,32,25,350,557.0,194950.0
2019-05-26,2019052601008044,SHPC,36,10,54,269.0,14526.0
2019-05-26,2019052601008043,SHPC,45,10,200,269.0,53800.0
2019-05-26,2019052601008042,SHPC,39,10,500,270.0,135000.0
2019-05-26,2019052601008041,SHPC,36,10,200,270.0,54000.0
2019-05-26,2019052601007928,SIC,21,16,46,1393.0,64078.0
2019-05-26,2019052601007927,SIC,45,16,20,1393.0,27860.0
2019-05-26,2019052601008133,SIL,7,55,10,593.0,5930.0
2019-05-26,2019052601007804,SIL,7,6,10,605.0,6050.0
2019-05-26,2019052601008170,SINDU,44,58,930,137.0,127410.0
2019-05-26,2019052601008169,SINDU,17,58,300,137.0,41100.0
2019-05-26,2019052601008168,SINDU,42,58,1770,137.0,242490.0
2019-05-26,2019052601008115,SINDU,42,55,230,137.0,31510.0
2019-05-26,2019052601008114,SINDU,32,55,20,137.0,2740.0
2019-05-26,2019052601008113,SINDU,45,55,30,138.0,4140.0
2019-05-26,2019052601008112,SINDU,21,55,100,138.0,13800.0
2019-05-26,2019052601007808,SLBBL,48,49,59,483.0,28497.0
2019-05-26,2019052601007946,SLBSL,38,49,20,560.0,11200.0
2019-05-26,2019052601008176,SLICL,42,57,90,585.0,52650.0
2019-05-26,2019052601008148,SLICL,19,57,10,586.0,5860.0
2019-05-26,2019052601007853,SMFDB,55,7,86,569.0,48934.0
2019-05-26,2019052601007807,SMFDB,56,45,30,565.0,16950.0
2019-05-26,2019052601008273,SRBL,43,55,138,257.0,35466.0
2019-05-26,2019052601008039,SRBL,43,44,122,257.0,31354.0
2019-05-26,2019052601008272,UIC,56,34,50,995.0,49750.0
2019-05-26,2019052601008055,UIC,56,42,20,999.0,19980.0
2019-05-26,2019052601008054,UIC,56,16,100,999.0,99900.0
2019-05-26,2019052601007957,UIC,58,8,100,993.0,99300.0
2019-05-26,2019052601007934,UIC,58,8,200,993.0,198600.0
2019-05-26,2019052601007924,UIC,17,17,500,992.0,496000.0
2019-05-26,2019052601007801,UIC,7,8,200,993.0,198600.0
2019-05-26,2019052601007799,UIC,7,16,100,999.0,99900.0
2019-05-26,2019052601007890,UMHL,1,1,104,121.0,12584.0
2019-05-26,2019052601008037,UPCL,58,17,50,95.0,4750.0
2019-05-26,2019052601008025,UPCL,58,26,100,95.0,9500.0
2019-05-26,2019052601008275,UPPER,45,40,50,274.0,13700.0
2019-05-26,2019052601008274,UPPER,57,43,50,275.0,13750.0
2019-05-26,2019052601008267,UPPER,45,29,50,274.0,13700.0
2019-05-26,2019052601008266,UPPER,21,43,1000,274.0,274000.0
2019-05-26,2019052601008265,UPPER,45,43,1000,274.0,274000.0
2019-05-26,2019052601008264,UPPER,6,43,1000,274.0,274000.0
2019-05-26,2019052601007795,UPPER,21,45,430,277.0,119110.0
2019-05-26,2019052601007937,UPPER,48,40,40,277.0,11080.0
2019-05-26,2019052601007898,UPPER,48,40,40,277.0,11080.0
2019-05-26,2019052601007873,UPPER,48,40,30,277.0,8310.0
2019-05-26,2019052601007872,UPPER,21,40,20,277.0,5540.0
2019-05-26,2019052601007824,UPPER,21,40,50,277.0,13850.0
2019-05-26,2019052601007985,UPPER,47,25,100,276.0,27600.0
2019-05-26,2019052601007984,UPPER,43,25,240,276.0,66240.0
2019-05-26,2019052601007983,UPPER,45,25,200,277.0,55400.0
2019-05-26,2019052601007982,UPPER,57,25,300,277.0,83100.0
2019-05-26,2019052601007981,UPPER,48,25,390,277.0,108030.0
2019-05-26,2019052601008030,UPPER,38,40,50,277.0,13850.0
2019-05-26,2019052601008027,UPPER,38,29,278,277.0,77006.0
2019-05-26,2019052601008026,UPPER,1,29,222,277.0,61494.0
2019-05-26,2019052601008001,UPPER,1,25,278,277.0,77006.0
2019-05-26,2019052601007986,UPPER,13,25,270,276.0,74520.0
2019-05-26,2019052601008063,UPPER,38,4,50,277.0,13850.0
2019-05-26,2019052601008057,UPPER,38,8,50,277.0,13850.0
2019-05-26,2019052601008053,UPPER,38,34,50,277.0,13850.0
2019-05-26,2019052601008095,UPPER,11,6,50,278.0,13900.0
2019-05-26,2019052601008093,UPPER,43,8,40,277.0,11080.0
2019-05-26,2019052601008081,UPPER,43,8,50,277.0,13850.0
2019-05-26,2019052601008077,UPPER,43,40,40,277.0,11080.0
2019-05-26,2019052601008076,UPPER,43,34,28,277.0,7756.0
2019-05-26,2019052601008075,UPPER,38,34,22,277.0,6094.0
2019-05-26,2019052601008198,UPPER,13,40,40,276.0,11040.0
2019-05-26,2019052601008177,UPPER,13,29,40,276.0,11040.0
2019-05-26,2019052601008167,UPPER,13,5,240,276.0,66240.0
2019-05-26,2019052601008138,UPPER,13,40,40,276.0,11040.0
2019-05-26,2019052601008124,UPPER,51,19,200,277.0,55400.0
2019-05-26,2019052601008123,UPPER,43,19,142,277.0,39334.0
2019-05-26,2019052601008211,UPPER,13,43,320,276.0,88320.0
2019-05-26,2019052601008209,UPPER,33,14,50,277.0,13850.0
2019-05-26,2019052601008208,UPPER,33,29,50,277.0,13850.0
2019-05-26,2019052601008205,UPPER,33,17,40,277.0,11080.0
2019-05-26,2019052601008203,UPPER,33,19,158,277.0,43766.0
2019-05-26,2019052601008200,UPPER,13,5,50,276.0,13800.0
2019-05-26,2019052601008217,UPPER,39,43,60,276.0,16560.0
2019-05-26,2019052601008216,UPPER,6,43,100,276.0,27600.0
2019-05-26,2019052601008215,UPPER,42,43,50,276.0,13800.0
2019-05-26,2019052601008214,UPPER,29,43,300,276.0,82800.0
2019-05-26,2019052601008213,UPPER,29,43,100,276.0,27600.0
2019-05-26,2019052601008212,UPPER,43,43,200,276.0,55200.0
2019-05-26,2019052601008223,UPPER,35,43,40,276.0,11040.0
2019-05-26,2019052601008222,UPPER,50,43,100,276.0,27600.0
2019-05-26,2019052601008221,UPPER,22,43,100,276.0,27600.0
2019-05-26,2019052601008220,UPPER,29,43,300,276.0,82800.0
2019-05-26,2019052601008219,UPPER,28,43,1500,276.0,414000.0
2019-05-26,2019052601008218,UPPER,56,43,100,276.0,27600.0
2019-05-26,2019052601008229,UPPER,45,43,500,275.0,137500.0
2019-05-26,2019052601008228,UPPER,40,43,100,275.0,27500.0
2019-05-26,2019052601008227,UPPER,33,43,2000,275.0,550000.0
2019-05-26,2019052601008226,UPPER,59,43,1820,275.0,500500.0
2019-05-26,2019052601008225,UPPER,43,43,50,275.0,13750.0
2019-05-26,2019052601008224,UPPER,35,43,100,275.0,27500.0
2019-05-26,2019052601008235,UPPER,29,43,500,275.0,137500.0
2019-05-26,2019052601008234,UPPER,45,43,200,275.0,55000.0
2019-05-26,2019052601008233,UPPER,41,43,100,275.0,27500.0
2019-05-26,2019052601008232,UPPER,11,43,300,275.0,82500.0
2019-05-26,2019052601008231,UPPER,7,43,200,275.0,55000.0
2019-05-26,2019052601008230,UPPER,52,43,50,275.0,13750.0
2019-05-26,2019052601008263,UPPER,50,43,1000,274.0,274000.0
2019-05-26,2019052601008262,UPPER,50,43,500,274.0,137000.0
2019-05-26,2019052601008261,UPPER,39,43,500,274.0,137000.0
2019-05-26,2019052601008256,UPPER,42,43,100,275.0,27500.0
2019-05-26,2019052601008237,UPPER,1,43,250,275.0,68750.0
2019-05-26,2019052601008236,UPPER,37,43,100,275.0,27500.0
2019-05-26,2019052601006768,ADBL,5,57,500,425.0,212500.0
2019-05-26,2019052601006613,ADBL,56,1,250,424.0,106000.0
2019-05-26,2019052601006499,ADBL,13,7,28,425.0,11900.0
2019-05-26,2019052601006498,ADBL,13,39,400,425.0,170000.0
2019-05-26,2019052601006447,ADBL,56,42,184,424.0,78016.0
2019-05-26,2019052601006446,ADBL,16,42,10,424.0,4240.0
2019-05-26,2019052601006780,AHPC,48,43,1100,111.0,122100.0
2019-05-26,2019052601006779,AHPC,39,43,311,111.0,34521.0
2019-05-26,2019052601006778,AHPC,51,43,100,112.0,11200.0
2019-05-26,2019052601006579,AHPC,39,58,189,111.0,20979.0
2019-05-26,2019052601006477,AKPL,25,58,1000,193.0,193000.0
2019-05-26,2019052601006476,AKPL,41,58,50,193.0,9650.0
2019-05-26,2019052601006475,AKPL,55,58,300,195.0,58500.0
2019-05-26,2019052601006474,AKPL,7,58,54,196.0,10584.0
2019-05-26,2019052601006457,AKPL,7,38,13,196.0,2548.0
2019-05-26,2019052601006432,AKPL,7,38,13,196.0,2548.0
2019-05-26,2019052601006416,AKPL,7,17,10,196.0,1960.0
2019-05-26,2019052601006580,ALBSL,32,53,10,440.0,4400.0
2019-05-26,2019052601006713,ALICL,38,38,89,421.0,37469.0
2019-05-26,2019052601006758,API,40,49,63,157.0,9891.0
2019-05-26,2019052601006757,API,59,49,10,157.0,1570.0
2019-05-26,2019052601006756,API,54,49,100,157.0,15700.0
2019-05-26,2019052601006755,API,33,49,300,157.0,47100.0
2019-05-26,2019052601006754,API,40,49,150,157.0,23550.0
2019-05-26,2019052601006753,API,40,49,93,157.0,14601.0
2019-05-26,2019052601006391,API,38,17,11,158.0,1738.0
2019-05-26,2019052601006311,API,38,17,11,158.0,1738.0
2019-05-26,2019052601006752,API,42,49,50,158.0,7900.0
2019-05-26,2019052601006751,API,43,49,200,158.0,31600.0
2019-05-26,2019052601006750,API,38,49,34,158.0,5372.0
2019-05-26,2019052601006742,API,38,16,17,158.0,2686.0
2019-05-26,2019052601006510,BOKL,45,48,60,274.0,16440.0
2019-05-26,2019052601006546,BPCL,6,17,13,420.0,5460.0
2019-05-26,2019052601006545,BPCL,34,17,20,421.0,8420.0
2019-05-26,2019052601006746,CBBL,6,6,20,958.0,19160.0
2019-05-26,2019052601006373,CBBL,49,58,484,949.0,459316.0
2019-05-26,2019052601006372,CBBL,49,58,200,950.0,190000.0
2019-05-26,2019052601006371,CBBL,40,58,200,950.0,190000.0
2019-05-26,2019052601006370,CBBL,19,58,100,950.0,95000.0
2019-05-26,2019052601006369,CBBL,56,58,16,950.0,15200.0
2019-05-26,2019052601006625,CBL,45,32,10,146.0,1460.0
2019-05-26,2019052601006624,CBL,52,32,200,146.0,29200.0
2019-05-26,2019052601006623,CBL,47,32,75,146.0,10950.0
2019-05-26,2019052601006622,CBL,42,32,100,146.0,14600.0
2019-05-26,2019052601006621,CBL,42,32,500,146.0,73000.0
2019-05-26,2019052601006620,CBL,19,32,844,146.0,123224.0
2019-05-26,2019052601006429,CBL,19,58,200,147.0,29400.0
2019-05-26,2019052601006617,CBL,35,58,30,147.0,4410.0
2019-05-26,2019052601006601,CBL,57,58,500,147.0,73500.0
2019-05-26,2019052601006586,CBL,22,58,100,147.0,14700.0
2019-05-26,2019052601006525,CBL,19,41,91,146.0,13286.0
2019-05-26,2019052601006456,CBL,19,25,65,146.0,9490.0
2019-05-26,2019052601006455,CBL,35,25,135,146.0,19710.0
2019-05-26,2019052601006689,CCBL,52,25,76,168.0,12768.0
2019-05-26,2019052601006321,CCBL,37,28,500,168.0,84000.0
2019-05-26,2019052601006320,CCBL,42,28,100,168.0,16800.0
2019-05-26,2019052601006319,CCBL,22,28,600,168.0,100800.0
2019-05-26,2019052601006318,CCBL,7,28,300,168.0,50400.0
2019-05-26,2019052601006317,CCBL,38,28,282,168.0,47376.0
2019-05-26,2019052601006313,CCBL,38,11,200,168.0,33600.0
2019-05-26,2019052601006759,CHCL,22,45,74,531.0,39294.0
2019-05-26,2019052601006681,CHCL,22,16,75,531.0,39825.0
2019-05-26,2019052601006676,CHCL,22,1,131,531.0,69561.0
2019-05-26,2019052601006675,CHCL,44,1,19,531.0,10089.0
2019-05-26,2019052601006643,CHCL,44,17,37,531.0,19647.0
2019-05-26,2019052601006642,CHCL,44,17,10,531.0,5310.0
2019-05-26,2019052601006427,CHCL,44,29,34,531.0,18054.0
2019-05-26,2019052601006339,CHCL,47,47,8,532.0,4256.0
2019-05-26,2019052601006304,CHCL,29,51,49,531.0,26019.0
2019-05-26,2019052601006303,CHCL,22,51,322,531.0,170982.0
2019-05-26,2019052601006560,CHLBS,36,41,10,446.0,4460.0
2019-05-26,2019052601006559,CHLBS,36,17,10,446.0,4460.0
2019-05-26,2019052601006305,CMF1,35,22,200,9.9,1980.0
2019-05-26,2019052601006602,CZBIL,49,41,10,228.0,2280.0
2019-05-26,2019052601006563,CZBIL,49,17,43,228.0,9804.0
2019-05-26,2019052601006314,CZBIL,49,22,10,228.0,2280.0
2019-05-26,2019052601006690,DBBL,16,44,14,148.0,2072.0
2019-05-26,2019052601006384,DDBL,45,17,295,727.0,214465.0
2019-05-26,2019052601006736,EBL,40,36,403,659.0,265577.0
2019-05-26,2019052601006735,EBL,34,36,100,659.0,65900.0
2019-05-26,2019052601006734,EBL,41,36,16,660.0,10560.0
2019-05-26,2019052601006733,EBL,35,36,50,660.0,33000.0
2019-05-26,2019052601006732,EBL,45,36,54,660.0,35640.0
2019-05-26,2019052601006703,EBL,13,17,300,661.0,198300.0
2019-05-26,2019052601006322,EBL,25,42,90,663.0,59670.0
2019-05-26,2019052601006702,EBL,26,17,500,661.0,330500.0
2019-05-26,2019052601006701,EBL,42,17,280,662.0,185360.0
2019-05-26,2019052601006349,EBL,42,11,200,662.0,132400.0
2019-05-26,2019052601006323,EBL,42,42,10,662.0,6620.0
2019-05-26,2019052601006483,EDBL,6,42,170,310.0,52700.0
2019-05-26,2019052601006482,EDBL,6,48,130,309.0,40170.0
2019-05-26,2019052601006466,FMDBL,42,58,90,406.0,36540.0
2019-05-26,2019052601006465,FMDBL,55,58,15,407.0,6105.0
2019-05-26,2019052601006464,FMDBL,45,58,120,407.0,48840.0
2019-05-26,2019052601006463,FMDBL,48,58,15,407.0,6105.0
2019-05-26,2019052601006657,GBBL,55,17,10,222.0,2220.0
2019-05-26,2019052601006490,GBBL,55,58,1034,222.0,229548.0
2019-05-26,2019052601006489,GBBL,13,58,200,222.0,44400.0
2019-05-26,2019052601006488,GBBL,53,58,290,222.0,64380.0
2019-05-26,2019052601006487,GBBL,34,58,1500,223.0,334500.0
2019-05-26,2019052601006486,GBBL,19,58,500,223.0,111500.0
2019-05-26,2019052601006485,GBBL,22,58,500,223.0,111500.0
2019-05-26,2019052601006484,GBBL,1,58,31,223.0,6913.0
2019-05-26,2019052601006697,GBIME,22,46,172,308.0,52976.0
2019-05-26,2019052601006671,GBIME,22,44,528,308.0,162624.0
2019-05-26,2019052601006615,GBIME,39,41,14,307.0,4298.0
2019-05-26,2019052601006597,GBIME,44,44,4972,308.0,1531376.0
2019-05-26,2019052601006596,GBIME,44,46,450,308.0,138600.0
2019-05-26,2019052601006595,GBIME,44,44,78,308.0,24024.0
2019-05-26,2019052601006634,GBLBS,19,34,20,379.0,7580.0
2019-05-26,2019052601006632,GBLBS,6,41,10,378.0,3780.0
2019-05-26,2019052601006425,GBLBS,1,34,100,379.0,37900.0
2019-05-26,2019052601006424,GBLBS,1,34,300,379.0,113700.0
2019-05-26,2019052601006423,GBLBS,1,34,100,379.0,37900.0
2019-05-26,2019052601006422,GBLBS,1,34,200,379.0,75800.0
2019-05-26,2019052601006421,GBLBS,6,34,80,379.0,30320.0
2019-05-26,2019052601006420,GBLBS,36,34,60,380.0,22800.0
2019-05-26,2019052601006419,GBLBS,36,34,140,380.0,53200.0
2019-05-26,2019052601006331,GBLBS,36,6,160,380.0,60800.0
2019-05-26,2019052601006330,GBLBS,6,6,40,380.0,15200.0
2019-05-26,2019052601006636,GHL,32,58,20,90.0,1800.0
2019-05-26,2019052601006600,GHL,32,42,30,90.0,2700.0
2019-05-26,2019052601006598,GHL,20,45,20,89.0,1780.0
2019-05-26,2019052601006478,GHL,55,16,30,89.0,2670.0
2019-05-26,2019052601006326,GHL,29,16,30,89.0,2670.0
2019-05-26,2019052601006469,GILB,38,6,38,1376.0,52288.0
2019-05-26,2019052601006315,GILB,38,57,21,1376.0,28896.0
2019-05-26,2019052601006299,GILB,38,57,21,1376.0,28896.0
2019-05-26,2019052601006698,GRDBL,57,38,100,114.0,11400.0
2019-05-26,2019052601006663,GRDBL,57,38,70,114.0,7980.0
2019-05-26,2019052601006662,GRDBL,57,58,30,114.0,3420.0
2019-05-26,2019052601006518,HDL,42,58,100,1700.0,170000.0
2019-05-26,2019052601006517,HDL,22,58,20,1700.0,34000.0
2019-05-26,2019052601006516,HDL,32,58,60,1700.0,102000.0
2019-05-26,2019052601006436,HDL,28,26,100,1701.0,170100.0
2019-05-26,2019052601006561,HGI,53,53,33,383.0,12639.0
2019-05-26,2019052601006789,HIDCL,44,58,761,165.0,125565.0
2019-05-26,2019052601006788,HIDCL,21,58,100,165.0,16500.0
2019-05-26,2019052601006787,HIDCL,36,58,139,165.0,22935.0
2019-05-26,2019052601006764,HIDCL,36,42,61,165.0,10065.0
2019-05-26,2019052601006685,HIDCL,19,29,52,166.0,8632.0
2019-05-26,2019052601006684,HIDCL,19,6,26,166.0,4316.0
2019-05-26,2019052601006385,HIDCL,36,17,61,165.0,10065.0
2019-05-26,2019052601006683,HIDCL,19,29,61,166.0,10126.0
2019-05-26,2019052601006682,HIDCL,19,29,61,166.0,10126.0
2019-05-26,2019052601006680,HIDCL,36,25,61,165.0,10065.0
2019-05-26,2019052601006550,HIDCL,36,57,35,165.0,5775.0
2019-05-26,2019052601006549,HIDCL,36,57,74,165.0,12210.0
2019-05-26,2019052601006451,HIDCL,36,6,60,165.0,9900.0
2019-05-26,2019052601006536,HPPL,11,48,48,185.0,8880.0
2019-05-26,2019052601006417,HPPL,11,38,10,185.0,1850.0
2019-05-26,2019052601006395,HPPL,11,17,10,185.0,1850.0
2019-05-26,2019052601006388,HPPL,11,38,10,185.0,1850.0
2019-05-26,2019052601006387,HPPL,1,38,10,186.0,1860.0
2019-05-26,2019052601006332,HPPL,1,17,20,186.0,3720.0
2019-05-26,2019052601006774,HURJA,38,33,20,128.0,2560.0
2019-05-26,2019052601006771,HURJA,38,49,20,128.0,2560.0
2019-05-26,2019052601006767,HURJA,38,46,20,128.0,2560.0
2019-05-26,2019052601006766,HURJA,38,33,20,128.0,2560.0
2019-05-26,2019052601006743,HURJA,38,25,20,128.0,2560.0
2019-05-26,2019052601006729,HURJA,38,25,20,128.0,2560.0
2019-05-26,2019052601006302,HURJA,43,56,20,130.0,2600.0
2019-05-26,2019052601006442,HURJA,38,59,20,134.0,2680.0
2019-05-26,2019052601006441,HURJA,38,57,20,134.0,2680.0
2019-05-26,2019052601006428,HURJA,38,18,20,132.0,2640.0
2019-05-26,2019052601006357,HURJA,51,36,20,130.0,2600.0
2019-05-26,2019052601006356,HURJA,51,36,20,130.0,2600.0
2019-05-26,2019052601006355,HURJA,51,49,20,128.0,2560.0
2019-05-26,2019052601006718,HURJA,38,25,20,128.0,2560.0
2019-05-26,2019052601006673,HURJA,38,58,20,128.0,2560.0
2019-05-26,2019052601006664,HURJA,38,58,20,128.0,2560.0
2019-05-26,2019052601006630,HURJA,38,13,20,130.0,2600.0
2019-05-26,2019052601006509,HURJA,35,49,20,132.0,2640.0
2019-05-26,2019052601006415,JBBL,57,16,500,155.0,77500.0
2019-05-26,2019052601006414,JBBL,57,45,1499,155.0,232345.0
2019-05-26,2019052601006413,JBBL,57,17,800,155.0,124000.0
2019-05-26,2019052601006412,JBBL,57,21,300,155.0,46500.0
2019-05-26,2019052601006411,JBBL,57,18,500,155.0,77500.0
2019-05-26,2019052601006410,JBBL,57,22,1000,155.0,155000.0
2019-05-26,2019052601006409,JBBL,57,44,110,154.0,16940.0
2019-05-26,2019052601006408,JBBL,57,43,11,154.0,1694.0
2019-05-26,2019052601006407,JBBL,57,45,13,154.0,2002.0
2019-05-26,2019052601006406,JBBL,57,26,27,153.0,4131.0
2019-05-26,2019052601006353,JBBL,50,26,23,153.0,3519.0
2019-05-26,2019052601006745,JBNL,59,25,156,209.0,32604.0
2019-05-26,2019052601006744,JBNL,13,25,844,209.0,176396.0
2019-05-26,2019052601006721,JBNL,13,44,50,209.0,10450.0
2019-05-26,2019052601006694,JBNL,13,48,106,209.0,22154.0
2019-05-26,2019052601006693,JBNL,48,48,500,209.0,104500.0
2019-05-26,2019052601006692,JBNL,38,48,394,209.0,82346.0
2019-05-26,2019052601006609,JBNL,38,55,106,209.0,22154.0
2019-05-26,2019052601006608,JBNL,20,55,50,209.0,10450.0
2019-05-26,2019052601006607,JBNL,34,55,364,209.0,76076.0
2019-05-26,2019052601006538,JBNL,34,41,95,209.0,19855.0
2019-05-26,2019052601006426,JBNL,57,41,100,210.0,21000.0
2019-05-26,2019052601006366,JBNL,34,28,500,209.0,104500.0
2019-05-26,2019052601006578,JOSHI,32,43,10,111.0,1110.0
2019-05-26,2019052601006577,JOSHI,32,53,20,111.0,2220.0
2019-05-26,2019052601006576,JOSHI,32,25,20,111.0,2220.0
2019-05-26,2019052601006792,KBL,26,6,86,218.0,18748.0
2019-05-26,2019052601006616,KBL,26,16,60,218.0,13080.0
2019-05-26,2019052601006541,KBL,26,7,170,218.0,37060.0
2019-05-26,2019052601006688,KNBL,25,40,100,145.0,14500.0
2019-05-26,2019052601006687,KNBL,25,52,500,144.0,72000.0
2019-05-26,2019052601006686,KNBL,25,4,100,144.0,14400.0
2019-05-26,2019052601006531,KNBL,45,32,900,143.0,128700.0
2019-05-26,2019052601006530,KNBL,45,52,30,143.0,4290.0
2019-05-26,2019052601006529,KNBL,45,21,200,142.0,28400.0
2019-05-26,2019052601006528,KNBL,45,38,100,142.0,14200.0
2019-05-26,2019052601006527,KNBL,45,42,272,142.0,38624.0
2019-05-26,2019052601006526,KNBL,45,57,102,142.0,14484.0
2019-05-26,2019052601006727,KRBL,57,56,50,110.0,5500.0
2019-05-26,2019052601006644,KRBL,57,56,100,110.0,11000.0
2019-05-26,2019052601006558,KRBL,57,49,300,109.0,32700.0
2019-05-26,2019052601006512,KRBL,57,34,546,109.0,59514.0
2019-05-26,2019052601006511,KRBL,57,34,100,109.0,10900.0
2019-05-26,2019052601006691,LBBL,39,41,18,201.0,3618.0
2019-05-26,2019052601006340,LBBL,33,29,241,202.0,48682.0
2019-05-26,2019052601006350,LBBL,19,28,16,202.0,3232.0
2019-05-26,2019052601006343,LBBL,19,29,1974,202.0,398748.0
2019-05-26,2019052601006342,LBBL,57,29,500,202.0,101000.0
2019-05-26,2019052601006341,LBBL,45,29,2400,202.0,484800.0
2019-05-26,2019052601006699,LBL,48,1,500,223.0,111500.0
2019-05-26,2019052601006679,LGIL,42,56,500,501.0,250500.0
2019-05-26,2019052601006678,LGIL,52,56,100,501.0,50100.0
2019-05-26,2019052601006677,LGIL,16,56,100,502.0,50200.0
2019-05-26,2019052601006519,LGIL,49,56,500,503.0,251500.0
2019-05-26,2019052601006316,LICN,47,47,6,1898.0,11388.0
2019-05-26,2019052601006591,MBL,43,1,135,269.0,36315.0
2019-05-26,2019052601006534,MBL,43,1,165,269.0,44385.0
2019-05-26,2019052601006533,MBL,43,22,835,269.0,224615.0
2019-05-26,2019052601006309,MBL,59,41,100,268.0,26800.0
2019-05-26,2019052601006656,MEGA,14,17,131,195.0,25545.0
2019-05-26,2019052601006548,MEGA,14,41,127,195.0,24765.0
2019-05-26,2019052601006359,MEGA,47,47,1,196.0,196.0
2019-05-26,2019052601006354,MEGA,14,49,50,195.0,9750.0
2019-05-26,2019052601006760,MHNL,59,33,30,101.0,3030.0
2019-05-26,2019052601006738,MHNL,59,58,30,101.0,3030.0
2019-05-26,2019052601006584,MHNL,59,17,40,101.0,4040.0
2019-05-26,2019052601006568,MHNL,59,17,30,101.0,3030.0
2019-05-26,2019052601006450,MHNL,35,35,40,102.0,4080.0
2019-05-26,2019052601006588,MLBL,59,59,40,198.0,7920.0
2019-05-26,2019052601006606,MLBL,48,58,400,197.0,78800.0
2019-05-26,2019052601006605,MLBL,38,58,100,197.0,19700.0
2019-05-26,2019052601006604,MLBL,49,58,1000,197.0,197000.0
2019-05-26,2019052601006737,MNBBL,57,17,500,375.0,187500.0
2019-05-26,2019052601006404,MNBBL,43,17,80,375.0,30000.0
2019-05-26,2019052601006403,MNBBL,43,17,80,375.0,30000.0
2019-05-26,2019052601006402,MNBBL,43,17,70,375.0,26250.0
2019-05-26,2019052601006401,MNBBL,1,17,100,375.0,37500.0
2019-05-26,2019052601006308,MNBBL,33,42,300,377.0,113100.0
2019-05-26,2019052601006345,MNBBL,19,35,199,377.0,75023.0
2019-05-26,2019052601006344,MNBBL,19,42,144,377.0,54288.0
2019-05-26,2019052601006400,MNBBL,44,17,140,375.0,52500.0
2019-05-26,2019052601006399,MNBBL,43,17,80,375.0,30000.0
2019-05-26,2019052601006398,MNBBL,43,17,15,375.0,5625.0
2019-05-26,2019052601006380,MNBBL,1,17,262,376.0,98512.0
2019-05-26,2019052601006379,MNBBL,42,17,1458,376.0,548208.0
2019-05-26,2019052601006378,MNBBL,19,17,260,377.0,98020.0
2019-05-26,2019052601006494,MPFL,11,59,85,227.0,19295.0
2019-05-26,2019052601006637,NABIL,45,16,26,835.0,21710.0
2019-05-26,2019052601006434,NABIL,49,29,122,835.0,101870.0
2019-05-26,2019052601006674,NADEP,41,38,20,451.0,9020.0
2019-05-26,2019052601006668,NADEP,41,38,20,451.0,9020.0
2019-05-26,2019052601006418,NBB,41,56,666,225.0,149850.0
2019-05-26,2019052601006724,NBL,57,22,300,337.0,101100.0
2019-05-26,2019052601006723,NBL,57,17,200,337.0,67400.0
2019-05-26,2019052601006719,NBL,14,17,50,337.0,16850.0
2019-05-26,2019052601006666,NBL,57,17,150,337.0,50550.0
2019-05-26,2019052601006646,NBL,57,22,50,337.0,16850.0
2019-05-26,2019052601006571,NBL,32,59,500,337.0,168500.0
2019-05-26,2019052601006540,NBL,42,56,1319,337.0,444503.0
2019-05-26,2019052601006468,NBL,10,57,1000,337.0,337000.0
2019-05-26,2019052601006467,NBL,10,57,2000,337.0,674000.0
2019-05-26,2019052601006783,NCCB,1,58,50,262.0,13100.0
2019-05-26,2019052601006747,NCCB,50,6,14,261.0,3654.0
2019-05-26,2019052601006720,NCCB,50,58,500,262.0,131000.0
2019-05-26,2019052601006619,NCCB,42,58,800,262.0,209600.0
2019-05-26,2019052601006618,NCCB,50,58,500,262.0,131000.0
2019-05-26,2019052601006508,NCCB,50,58,710,261.0,185310.0
2019-05-26,2019052601006392,NCCB,50,49,79,262.0,20698.0
2019-05-26,2019052601006346,NCCB,50,49,300,262.0,78600.0
2019-05-26,2019052601006335,NCCB,50,49,121,262.0,31702.0
2019-05-26,2019052601006334,NCCB,50,38,879,262.0,230298.0
2019-05-26,2019052601006301,NCCB,50,38,150,262.0,39300.0
2019-05-26,2019052601006300,NCCB,50,38,350,262.0,91700.0
2019-05-26,2019052601006501,NCCB,46,58,500,261.0,130500.0
2019-05-26,2019052601006500,NCCB,26,58,1000,261.0,261000.0
2019-05-26,2019052601006458,NCCB,26,58,800,262.0,209600.0
2019-05-26,2019052601006454,NCCB,49,58,200,262.0,52400.0
2019-05-26,2019052601006405,NCCB,50,58,879,262.0,230298.0
2019-05-26,2019052601006393,NCCB,50,58,121,262.0,31702.0
2019-05-26,2019052601006507,NCCB,58,58,500,261.0,130500.0
2019-05-26,2019052601006506,NCCB,44,58,1000,261.0,261000.0
2019-05-26,2019052601006505,NCCB,45,58,190,261.0,49590.0
2019-05-26,2019052601006504,NCCB,48,58,1000,261.0,261000.0
2019-05-26,2019052601006503,NCCB,26,58,500,261.0,130500.0
2019-05-26,2019052601006502,NCCB,26,58,100,261.0,26100.0
2019-05-26,2019052601006551,NGPL,1,41,11,122.0,1342.0
2019-05-26,2019052601006448,NHPC,56,41,500,71.0,35500.0
2019-05-26,2019052601006770,NIB,48,37,37,536.0,19832.0
2019-05-26,2019052601006496,NIB,48,38,200,536.0,107200.0
2019-05-26,2019052601006396,NIB,16,45,20,537.0,10740.0
2019-05-26,2019052601006394,NIB,21,38,30,536.0,16080.0
2019-05-26,2019052601006383,NIB,49,45,20,537.0,10740.0
2019-05-26,2019052601006786,NICA,53,35,200,479.0,95800.0
2019-05-26,2019052601006785,NICA,36,35,1000,479.0,479000.0
2019-05-26,2019052601006784,NICA,47,35,300,479.0,143700.0
2019-05-26,2019052601006544,NICA,54,54,504,480.0,241920.0
2019-05-26,2019052601006543,NICA,54,54,1000,480.0,480000.0
2019-05-26,2019052601006542,NICA,54,54,1000,480.0,480000.0
2019-05-26,2019052601006338,NICGF,25,22,200,9.66,1932.0
2019-05-26,2019052601006772,NIL,43,50,400,511.0,204400.0
2019-05-26,2019052601006791,NLIC,43,6,23,937.0,21551.0
2019-05-26,2019052601006790,NLIC,42,6,242,937.0,226754.0
2019-05-26,2019052601006700,NLIC,42,16,21,937.0,19677.0
2019-05-26,2019052601006672,NLIC,42,17,30,937.0,28110.0
2019-05-26,2019052601006479,NLIC,6,6,35,938.0,32830.0
2019-05-26,2019052601006728,NLICL,11,16,25,662.0,16550.0
2019-05-26,2019052601006748,NMBMF,37,56,100,1142.0,114200.0
2019-05-26,2019052601006730,NNLB,38,38,36,397.0,14292.0
2019-05-26,2019052601006773,NSEWA,40,16,10,445.0,4450.0
2019-05-26,2019052601006669,NTC,57,45,100,732.0,73200.0
2019-05-26,2019052601006495,NUBL,45,58,40,855.0,34200.0
2019-05-26,2019052601006696,OHL,37,58,200,660.0,132000.0
2019-05-26,2019052601006695,OHL,34,58,100,660.0,66000.0
2019-05-26,2019052601006665,OHL,22,58,11,663.0,7293.0
2019-05-26,2019052601006583,OHL,22,57,39,663.0,25857.0
2019-05-26,2019052601006582,OHL,21,57,20,665.0,13300.0
2019-05-26,2019052601006581,OHL,58,57,35,665.0,23275.0
2019-05-26,2019052601006367,OHL,58,58,500,665.0,332500.0
2019-05-26,2019052601006333,OHL,58,58,445,665.0,295925.0
2019-05-26,2019052601006573,PCBL,54,49,300,315.0,94500.0
2019-05-26,2019052601006572,PCBL,42,49,272,315.0,85680.0
2019-05-26,2019052601006471,PCBL,42,44,50,315.0,15750.0
2019-05-26,2019052601006440,PCBL,42,47,1691,315.0,532665.0
2019-05-26,2019052601006439,PCBL,42,16,529,314.0,166106.0
2019-05-26,2019052601006438,PCBL,42,22,808,314.0,253712.0
2019-05-26,2019052601006437,PCBL,42,11,150,313.0,46950.0
2019-05-26,2019052601006381,PCBL,53,11,50,313.0,15650.0
2019-05-26,2019052601006329,PCBL,6,22,92,314.0,28888.0
2019-05-26,2019052601006328,PCBL,6,55,208,314.0,65312.0
2019-05-26,2019052601006655,PIC,5,58,187,1197.0,223839.0
2019-05-26,2019052601006612,PIC,33,6,74,1196.0,88504.0
2019-05-26,2019052601006594,PIC,35,6,50,1197.0,59850.0
2019-05-26,2019052601006593,PIC,39,6,67,1197.0,80199.0
2019-05-26,2019052601006521,PIC,39,6,11,1197.0,13167.0
2019-05-26,2019052601006661,PICL,48,6,93,696.0,64728.0
2019-05-26,2019052601006640,PICL,14,6,200,697.0,139400.0
2019-05-26,2019052601006639,PICL,59,6,20,698.0,13960.0
2019-05-26,2019052601006638,PICL,1,6,150,698.0,104700.0
2019-05-26,2019052601006722,PMHPL,56,6,10,111.0,1110.0
2019-05-26,2019052601006631,PMHPL,57,18,10,110.0,1100.0
2019-05-26,2019052601006574,PMHPL,56,17,10,110.0,1100.0
2019-05-26,2019052601006515,PMHPL,56,46,10,110.0,1100.0
2019-05-26,2019052601006397,PMHPL,56,18,10,110.0,1100.0
2019-05-26,2019052601006562,PRIN,29,22,39,413.0,16107.0
2019-05-26,2019052601006547,PRIN,29,14,100,413.0,41300.0
2019-05-26,2019052601006585,PRVU,38,58,94,277.0,26038.0
2019-05-26,2019052601006570,PRVU,36,58,80,277.0,22160.0
2019-05-26,2019052601006295,PRVU,48,58,453,276.0,125028.0
2019-05-26,2019052601006431,RADHI,49,17,11,165.0,1815.0
2019-05-26,2019052601006739,RBCL,47,17,27,10960.0,295920.0
2019-05-26,2019052601006726,RBCL,47,17,20,10960.0,219200.0
2019-05-26,2019052601006725,RBCL,18,17,20,10961.0,219220.0
2019-05-26,2019052601006539,RBCL,47,16,50,10960.0,548000.0
2019-05-26,2019052601006445,RBCL,49,39,40,11010.0,440400.0
2019-05-26,2019052601006435,RBCL,49,33,11,11000.0,121000.0
2019-05-26,2019052601006794,RLFL,13,39,78,141.0,10998.0
2019-05-26,2019052601006537,RLFL,13,18,51,141.0,7191.0
2019-05-26,2019052601006325,RMDC,52,45,17,658.0,11186.0
2019-05-26,2019052601006641,RRHP,26,18,10,95.0,950.0
2019-05-26,2019052601006433,RRHP,40,18,10,96.0,960.0
2019-05-26,2019052601006358,SAEF,34,22,500,9.81,4905.0
2019-05-26,2019052601006492,SANIMA,56,16,100,355.0,35500.0
2019-05-26,2019052601006491,SANIMA,37,16,51,355.0,18105.0
2019-05-26,2019052601006298,SANIMA,37,41,149,355.0,52895.0
2019-05-26,2019052601006775,SBBLJ,25,6,50,201.0,10050.0
2019-05-26,2019052601006731,SBL,6,51,130,337.0,43810.0
2019-05-26,2019052601006470,SBL,58,17,735,336.0,246960.0
2019-05-26,2019052601006306,SBL,58,19,24,336.0,8064.0
2019-05-26,2019052601006658,SCB,49,38,20,679.0,13580.0
2019-05-26,2019052601006633,SCB,49,38,20,679.0,13580.0
2019-05-26,2019052601006629,SCB,25,1,75,678.0,50850.0
2019-05-26,2019052601006628,SCB,49,1,75,678.0,50850.0
2019-05-26,2019052601006590,SCB,32,38,19,679.0,12901.0
2019-05-26,2019052601006589,SCB,6,6,50,679.0,33950.0
2019-05-26,2019052601006566,SCB,49,38,20,678.0,13560.0
2019-05-26,2019052601006565,SCB,49,58,25,678.0,16950.0
2019-05-26,2019052601006564,SCB,49,38,20,678.0,13560.0
2019-05-26,2019052601006552,SDESI,45,11,27,605.0,16335.0
2019-05-26,2019052601006635,SEF,16,10,5000,9.81,49050.0
2019-05-26,2019052601006793,SHIVM,34,47,170,565.0,96050.0
2019-05-26,2019052601006765,SHIVM,36,28,320,567.0,181440.0
2019-05-26,2019052601006761,SHIVM,34,42,50,566.0,28300.0
2019-05-26,2019052601006741,SHIVM,34,39,490,565.0,276850.0
2019-05-26,2019052601006740,SHIVM,34,46,50,565.0,28250.0
2019-05-26,2019052601006712,SHIVM,42,47,160,564.0,90240.0
2019-05-26,2019052601006324,SHIVM,25,58,85,561.0,47685.0
2019-05-26,2019052601006297,SHIVM,6,40,100,563.0,56300.0
2019-05-26,2019052601006296,SHIVM,6,58,100,563.0,56300.0
2019-05-26,2019052601006705,SHIVM,42,47,120,564.0,67680.0
2019-05-26,2019052601006704,SHIVM,42,17,40,564.0,22560.0
2019-05-26,2019052601006592,SHIVM,59,41,400,563.0,225200.0
2019-05-26,2019052601006569,SHIVM,6,17,10,564.0,5640.0
2019-05-26,2019052601006497,SHIVM,16,21,200,561.0,112200.0
2019-05-26,2019052601006386,SHIVM,42,40,100,563.0,56300.0
2019-05-26,2019052601006711,SHIVM,42,47,150,564.0,84600.0
2019-05-26,2019052601006710,SHIVM,42,47,140,564.0,78960.0
2019-05-26,2019052601006709,SHIVM,42,47,130,564.0,73320.0
2019-05-26,2019052601006708,SHIVM,42,47,130,564.0,73320.0
2019-05-26,2019052601006707,SHIVM,42,47,130,564.0,73320.0
2019-05-26,2019052601006706,SHIVM,42,47,120,564.0,67680.0
2019-05-26,2019052601006524,SHL,7,17,200,243.0,48600.0
2019-05-26,2019052601006523,SHL,52,17,300,243.0,72900.0
2019-05-26,2019052601006522,SHL,39,17,200,244.0,48800.0
2019-05-26,2019052601006514,SHL,37,17,100,245.0,24500.0
2019-05-26,2019052601006782,SHPC,57,56,1000,271.0,271000.0
2019-05-26,2019052601006781,SHPC,16,56,150,271.0,40650.0
2019-05-26,2019052601006660,SHPC,16,56,50,271.0,13550.0
2019-05-26,2019052601006659,SHPC,49,56,150,271.0,40650.0
2019-05-26,2019052601006645,SHPC,1,56,300,272.0,81600.0
2019-05-26,2019052601006520,SHPC,34,56,22,276.0,6072.0
2019-05-26,2019052601006777,SIC,33,6,181,1400.0,253400.0
2019-05-26,2019052601006776,SIC,19,6,59,1400.0,82600.0
2019-05-26,2019052601006717,SIC,19,34,11,1400.0,15400.0
2019-05-26,2019052601006716,SIC,11,34,200,1400.0,280000.0
2019-05-26,2019052601006715,SIC,38,34,200,1402.0,280400.0
2019-05-26,2019052601006714,SIC,20,34,237,1403.0,332511.0
2019-05-26,2019052601006654,SICL,20,5,500,859.0,429500.0
2019-05-26,2019052601006653,SICL,39,5,50,860.0,43000.0
2019-05-26,2019052601006652,SICL,29,5,500,860.0,430000.0
2019-05-26,2019052601006651,SICL,47,5,200,860.0,172000.0
2019-05-26,2019052601006650,SICL,49,5,60,860.0,51600.0
2019-05-26,2019052601006649,SICL,35,5,10,861.0,8610.0
2019-05-26,2019052601006648,SICL,49,5,10,862.0,8620.0
2019-05-26,2019052601006647,SICL,54,5,72,862.0,62064.0
2019-05-26,2019052601006599,SICL,54,16,28,862.0,24136.0
2019-05-26,2019052601006493,SIFC,13,58,41,153.0,6273.0
2019-05-26,2019052601006337,SIFC,59,58,200,153.0,30600.0
2019-05-26,2019052601006336,SIFC,40,58,2000,154.0,308000.0
2019-05-26,2019052601006307,SLBSL,18,35,20,560.0,11200.0
2019-05-26,2019052601006481,SLBSL,44,42,100,560.0,56000.0
2019-05-26,2019052601006480,SLBSL,44,35,60,560.0,33600.0
2019-05-26,2019052601006365,SLICL,51,57,120,587.0,70440.0
2019-05-26,2019052601006460,SMB,47,38,50,530.0,26500.0
2019-05-26,2019052601006459,SMB,20,38,20,531.0,10620.0
2019-05-26,2019052601006348,SRBL,17,58,13,259.0,3367.0
2019-05-26,2019052601006347,SRBL,17,6,35,259.0,9065.0
2019-05-26,2019052601006603,SWBBL,40,17,12,902.0,10824.0
2019-05-26,2019052601006575,UIC,17,5,200,991.0,198200.0
2019-05-26,2019052601006535,UIC,34,5,100,992.0,99200.0
2019-05-26,2019052601006462,UIC,22,17,200,993.0,198600.0
2019-05-26,2019052601006382,UMHL,5,52,28,123.0,3444.0
2019-05-26,2019052601006363,UMHL,5,57,100,121.0,12100.0
2019-05-26,2019052601006362,UMHL,5,59,27,121.0,3267.0
2019-05-26,2019052601006361,UMHL,5,59,13,121.0,1573.0
2019-05-26,2019052601006360,UMHL,5,59,13,121.0,1573.0
2019-05-26,2019052601006312,UMHL,13,48,10,119.0,1190.0
2019-05-26,2019052601006557,UPCL,58,35,100,95.0,9500.0
2019-05-26,2019052601006556,UPCL,58,35,50,95.0,4750.0
2019-05-26,2019052601006555,UPCL,58,50,50,95.0,4750.0
2019-05-26,2019052601006554,UPCL,58,13,100,95.0,9500.0
2019-05-26,2019052601006553,UPCL,58,21,40,95.0,3800.0
2019-05-26,2019052601006444,UPCL,59,40,50,94.0,4700.0
2019-05-26,2019052601006769,UPPER,41,42,50,280.0,14000.0
2019-05-26,2019052601006763,UPPER,41,42,26,280.0,7280.0
2019-05-26,2019052601006762,UPPER,39,42,14,280.0,3920.0
2019-05-26,2019052601006749,UPPER,39,42,40,280.0,11200.0
2019-05-26,2019052601006670,UPPER,39,6,50,280.0,14000.0
2019-05-26,2019052601006667,UPPER,39,42,40,280.0,11200.0
2019-05-26,2019052601006364,UPPER,35,6,40,281.0,11240.0
2019-05-26,2019052601006352,UPPER,47,42,50,280.0,14000.0
2019-05-26,2019052601006351,UPPER,47,29,40,280.0,11200.0
2019-05-26,2019052601006327,UPPER,47,29,40,280.0,11200.0
2019-05-26,2019052601006310,UPPER,47,29,40,280.0,11200.0
2019-05-26,2019052601006389,UPPER,43,42,40,280.0,11200.0
2019-05-26,2019052601006377,UPPER,43,6,199,280.0,55720.0
2019-05-26,2019052601006376,UPPER,45,6,100,280.0,28000.0
2019-05-26,2019052601006375,UPPER,56,6,1000,280.0,280000.0
2019-05-26,2019052601006374,UPPER,47,6,201,280.0,56280.0
2019-05-26,2019052601006368,UPPER,47,29,50,280.0,14000.0
2019-05-26,2019052601006453,UPPER,39,42,40,280.0,11200.0
2019-05-26,2019052601006452,UPPER,39,34,40,280.0,11200.0
2019-05-26,2019052601006449,UPPER,43,40,40,280.0,11200.0
2019-05-26,2019052601006443,UPPER,43,42,40,280.0,11200.0
2019-05-26,2019052601006430,UPPER,43,42,40,280.0,11200.0
2019-05-26,2019052601006390,UPPER,43,29,40,280.0,11200.0
2019-05-26,2019052601006567,UPPER,19,6,200,281.0,56200.0
2019-05-26,2019052601006532,UPPER,3,6,300,281.0,84300.0
2019-05-26,2019052601006513,UPPER,39,7,50,280.0,14000.0
2019-05-26,2019052601006473,UPPER,39,58,366,280.0,102480.0
2019-05-26,2019052601006472,UPPER,39,42,40,280.0,11200.0
2019-05-26,2019052601006461,UPPER,39,34,40,280.0,11200.0
2019-05-26,2019052601006627,UPPER,39,38,50,280.0,14000.0
2019-05-26,2019052601006626,UPPER,39,42,40,280.0,11200.0
2019-05-26,2019052601006614,UPPER,39,38,40,280.0,11200.0
2019-05-26,2019052601006611,UPPER,39,42,50,280.0,14000.0
2019-05-26,2019052601006610,UPPER,39,33,50,280.0,14000.0
2019-05-26,2019052601006587,UPPER,39,42,50,280.0,14000.0
2019-05-26,2019052601001248,ADBL,26,17,730,431.0,314630.0
2019-05-26,2019052601001242,ADBL,26,16,22,431.0,9482.0
2019-05-26,2019052601001211,ADBL,26,25,150,431.0,64650.0
2019-05-26,2019052601001054,ADBL,40,38,100,432.0,43200.0
2019-05-26,2019052601000999,ADBL,40,22,150,432.0,64800.0
2019-05-26,2019052601000867,ADBL,40,36,819,432.0,353808.0
2019-05-26,2019052601000826,ADBL,4,28,136,433.0,58888.0
2019-05-26,2019052601000850,ADBL,5,36,300,432.0,129600.0
2019-05-26,2019052601000849,ADBL,41,36,500,432.0,216000.0
2019-05-26,2019052601000848,ADBL,53,36,1000,432.0,432000.0
2019-05-26,2019052601000847,ADBL,45,36,1000,432.0,432000.0
2019-05-26,2019052601000846,ADBL,21,36,211,432.0,91152.0
2019-05-26,2019052601000845,ADBL,4,36,1170,433.0,506610.0
2019-05-26,2019052601001249,AHPC,55,26,48,114.0,5472.0
2019-05-26,2019052601001165,AHPC,45,17,29,113.0,3277.0
2019-05-26,2019052601001142,AHPC,45,39,242,113.0,27346.0
2019-05-26,2019052601000838,AKJCL,20,39,10,82.0,820.0
2019-05-26,2019052601001041,AKPL,56,28,10,201.0,2010.0
2019-05-26,2019052601000873,AKPL,56,41,33,201.0,6633.0
2019-05-26,2019052601001101,ALBSL,39,48,10,441.0,4410.0
2019-05-26,2019052601000955,ALBSL,52,48,10,444.0,4440.0
2019-05-26,2019052601001131,AMFI,45,45,30,561.0,16830.0
2019-05-26,2019052601001012,BARUN,20,57,10,97.0,970.0
2019-05-26,2019052601001011,BARUN,1,57,50,97.0,4850.0
2019-05-26,2019052601000938,BARUN,38,28,10,98.0,980.0
2019-05-26,2019052601001281,BOKL,56,6,50,274.0,13700.0
2019-05-26,2019052601001094,BOKL,34,34,5000,273.0,1365000.0
2019-05-26,2019052601001223,BPCL,33,45,100,426.0,42600.0
2019-05-26,2019052601001222,BPCL,11,11,33,427.0,14091.0
2019-05-26,2019052601001203,BPCL,11,11,33,427.0,14091.0
2019-05-26,2019052601001175,BPCL,11,11,33,427.0,14091.0
2019-05-26,2019052601001060,BPCL,6,6,300,427.0,128100.0
2019-05-26,2019052601000912,CBBL,47,38,100,958.0,95800.0
2019-05-26,2019052601000899,CBBL,47,41,100,955.0,95500.0
2019-05-26,2019052601001158,CBL,13,49,90,148.0,13320.0
2019-05-26,2019052601001078,CBL,38,49,10,148.0,1480.0
2019-05-26,2019052601000914,CBL,35,17,1400,148.0,207200.0
2019-05-26,2019052601000913,CBL,35,17,450,148.0,66600.0
2019-05-26,2019052601000977,CCBL,57,19,76,169.0,12844.0
2019-05-26,2019052601000953,CCBL,38,19,104,168.0,17472.0
2019-05-26,2019052601000910,CCBL,38,45,845,168.0,141960.0
2019-05-26,2019052601000909,CCBL,41,45,2000,168.0,336000.0
2019-05-26,2019052601000908,CCBL,45,45,155,168.0,26040.0
2019-05-26,2019052601000855,CCBL,45,39,68,168.0,11424.0
2019-05-26,2019052601001161,CEFL,5,35,89,101.0,8989.0
2019-05-26,2019052601001115,CFCL,17,17,1,115.0,115.0
2019-05-26,2019052601001068,CFCL,17,17,1,115.0,115.0
2019-05-26,2019052601000973,CHLBS,22,48,10,443.0,4430.0
2019-05-26,2019052601000962,CHLBS,52,28,10,444.0,4440.0
2019-05-26,2019052601000876,CHLBS,52,28,10,444.0,4440.0
2019-05-26,2019052601000992,CIT,34,50,50,2600.0,130000.0
2019-05-26,2019052601000991,CIT,43,50,20,2601.0,52020.0
2019-05-26,2019052601000990,CIT,49,50,16,2602.0,41632.0
2019-05-26,2019052601001084,CZBIL,45,32,10,228.0,2280.0
2019-05-26,2019052601001251,DBBL,41,32,100,149.0,14900.0
2019-05-26,2019052601001152,DBBL,33,48,100,150.0,15000.0
2019-05-26,2019052601001036,DBBL,41,59,3000,149.0,447000.0
2019-05-26,2019052601001020,DBBL,41,26,1676,149.0,249724.0
2019-05-26,2019052601001019,DBBL,6,26,600,149.0,89400.0
2019-05-26,2019052601001228,EBL,7,20,500,661.0,330500.0
2019-05-26,2019052601000888,FOWAD,52,28,15,1500.0,22500.0
2019-05-26,2019052601001291,GBBL,28,58,13,223.0,2899.0
2019-05-26,2019052601001063,GBBL,49,49,2000,223.0,446000.0
2019-05-26,2019052601001233,GBIME,45,45,2364,308.0,728112.0
2019-05-26,2019052601001243,GBLBS,49,34,50,384.0,19200.0
2019-05-26,2019052601000959,GBLBS,39,17,10,380.0,3800.0
2019-05-26,2019052601000958,GBLBS,39,1,10,380.0,3800.0
2019-05-26,2019052601000928,GBLBS,45,57,50,377.0,18850.0
2019-05-26,2019052601001053,GHL,41,25,30,95.0,2850.0
2019-05-26,2019052601001045,GHL,41,25,10,95.0,950.0
2019-05-26,2019052601001044,GHL,29,25,20,95.0,1900.0
2019-05-26,2019052601001031,GHL,41,48,30,96.0,2880.0
2019-05-26,2019052601001030,GHL,41,45,30,96.0,2880.0
2019-05-26,2019052601000978,GILB,38,28,21,1231.0,25851.0
2019-05-26,2019052601000825,GILB,38,38,230,1245.0,286350.0
2019-05-26,2019052601000804,GILB,58,28,21,1230.0,25830.0
2019-05-26,2019052601001225,GLICL,57,45,10,550.0,5500.0
2019-05-26,2019052601000980,HDL,21,58,300,1810.0,543000.0
2019-05-26,2019052601000979,HDL,57,58,100,1810.0,181000.0
2019-05-26,2019052601000950,HDL,21,28,25,1825.0,45625.0
2019-05-26,2019052601000949,HDL,21,45,20,1825.0,36500.0
2019-05-26,2019052601000948,HDL,21,58,100,1822.0,182200.0
2019-05-26,2019052601000866,HDL,26,45,50,1811.0,90550.0
2019-05-26,2019052601001098,HIDCL,47,38,150,168.0,25200.0
2019-05-26,2019052601001097,HIDCL,43,38,1000,168.0,168000.0
2019-05-26,2019052601001096,HIDCL,45,38,41,168.0,6888.0
2019-05-26,2019052601001090,HIDCL,45,42,30,168.0,5040.0
2019-05-26,2019052601001062,HIDCL,46,39,600,169.0,101400.0
2019-05-26,2019052601000902,HIDCL,45,1,29,168.0,4872.0
2019-05-26,2019052601000812,HIDCL,49,39,843,169.0,142467.0
2019-05-26,2019052601001136,HPPL,56,48,30,183.0,5490.0
2019-05-26,2019052601001289,HURJA,48,38,480,120.0,57600.0
2019-05-26,2019052601001275,HURJA,48,25,20,120.0,2400.0
2019-05-26,2019052601001274,HURJA,48,25,20,120.0,2400.0
2019-05-26,2019052601001273,HURJA,48,13,20,120.0,2400.0
2019-05-26,2019052601001272,HURJA,48,25,20,120.0,2400.0
2019-05-26,2019052601001271,HURJA,48,25,20,120.0,2400.0
2019-05-26,2019052601000810,HURJA,25,42,20,122.0,2440.0
2019-05-26,2019052601000809,HURJA,10,53,20,121.0,2420.0
2019-05-26,2019052601000807,HURJA,10,44,20,121.0,2420.0
2019-05-26,2019052601000798,HURJA,10,44,20,121.0,2420.0
2019-05-26,2019052601000797,HURJA,10,34,20,121.0,2420.0
2019-05-26,2019052601000796,HURJA,10,6,20,121.0,2420.0
2019-05-26,2019052601000851,HURJA,25,34,20,122.0,2440.0
2019-05-26,2019052601000836,HURJA,25,44,20,122.0,2440.0
2019-05-26,2019052601000827,HURJA,25,34,20,122.0,2440.0
2019-05-26,2019052601000824,HURJA,25,44,20,122.0,2440.0
2019-05-26,2019052601000821,HURJA,25,46,20,122.0,2440.0
2019-05-26,2019052601000818,HURJA,25,40,20,122.0,2440.0
2019-05-26,2019052601000871,HURJA,10,10,20,121.0,2420.0
2019-05-26,2019052601000868,HURJA,10,59,20,121.0,2420.0
2019-05-26,2019052601000863,HURJA,10,52,20,121.0,2420.0
2019-05-26,2019052601000857,HURJA,25,44,20,122.0,2440.0
2019-05-26,2019052601000856,HURJA,25,10,20,122.0,2440.0
2019-05-26,2019052601000852,HURJA,25,44,20,122.0,2440.0
2019-05-26,2019052601000896,HURJA,10,10,20,121.0,2420.0
2019-05-26,2019052601000893,HURJA,10,44,20,121.0,2420.0
2019-05-26,2019052601000892,HURJA,10,34,20,121.0,2420.0
2019-05-26,2019052601000889,HURJA,10,10,20,121.0,2420.0
2019-05-26,2019052601000881,HURJA,10,44,20,121.0,2420.0
2019-05-26,2019052601000877,HURJA,10,43,20,121.0,2420.0
2019-05-26,2019052601000937,HURJA,10,44,20,121.0,2420.0
2019-05-26,2019052601000930,HURJA,10,34,20,121.0,2420.0
2019-05-26,2019052601000929,HURJA,10,44,20,121.0,2420.0
2019-05-26,2019052601000904,HURJA,10,34,20,121.0,2420.0
2019-05-26,2019052601000901,HURJA,10,44,20,121.0,2420.0
2019-05-26,2019052601000898,HURJA,10,48,20,121.0,2420.0
2019-05-26,2019052601000963,HURJA,10,13,20,121.0,2420.0
2019-05-26,2019052601000961,HURJA,10,44,20,121.0,2420.0
2019-05-26,2019052601000954,HURJA,10,34,20,121.0,2420.0
2019-05-26,2019052601000951,HURJA,10,44,20,121.0,2420.0
2019-05-26,2019052601000944,HURJA,10,43,20,121.0,2420.0
2019-05-26,2019052601000939,HURJA,10,34,20,121.0,2420.0
2019-05-26,2019052601001006,HURJA,58,17,20,120.0,2400.0
2019-05-26,2019052601001004,HURJA,58,44,10,120.0,1200.0
2019-05-26,2019052601001003,HURJA,37,44,10,121.0,1210.0
2019-05-26,2019052601000976,HURJA,37,38,10,121.0,1210.0
2019-05-26,2019052601000975,HURJA,10,38,610,121.0,73810.0
2019-05-26,2019052601000974,HURJA,10,44,10,121.0,1210.0
2019-05-26,2019052601001089,HURJA,25,18,20,119.0,2380.0
2019-05-26,2019052601001082,HURJA,25,18,20,119.0,2380.0
2019-05-26,2019052601001061,HURJA,25,38,100,120.0,12000.0
2019-05-26,2019052601001043,HURJA,3,38,200,120.0,24000.0
2019-05-26,2019052601001021,HURJA,3,49,20,120.0,2400.0
2019-05-26,2019052601001014,HURJA,58,44,20,120.0,2400.0
2019-05-26,2019052601001244,HURJA,25,10,20,119.0,2380.0
2019-05-26,2019052601001184,HURJA,25,39,20,119.0,2380.0
2019-05-26,2019052601001180,HURJA,25,57,20,119.0,2380.0
2019-05-26,2019052601001170,HURJA,25,39,20,119.0,2380.0
2019-05-26,2019052601001156,HURJA,25,39,20,119.0,2380.0
2019-05-26,2019052601001130,HURJA,36,38,100,120.0,12000.0
2019-05-26,2019052601001270,HURJA,48,13,20,120.0,2400.0
2019-05-26,2019052601001269,HURJA,48,13,20,120.0,2400.0
2019-05-26,2019052601001268,HURJA,48,13,20,120.0,2400.0
2019-05-26,2019052601001267,HURJA,48,51,20,120.0,2400.0
2019-05-26,2019052601001266,HURJA,48,17,20,120.0,2400.0
2019-05-26,2019052601001265,HURJA,48,29,20,120.0,2400.0
2019-05-26,2019052601001114,JBBL,46,32,49,155.0,7595.0
2019-05-26,2019052601001086,JBBL,36,10,505,155.0,78275.0
2019-05-26,2019052601001085,JBBL,36,50,350,155.0,54250.0
2019-05-26,2019052601000972,JBBL,1,28,1000,155.0,155000.0
2019-05-26,2019052601000971,JBBL,1,59,1098,155.0,170190.0
2019-05-26,2019052601000970,JBBL,1,53,500,155.0,77500.0
2019-05-26,2019052601000969,JBBL,1,34,300,155.0,46500.0
2019-05-26,2019052601000968,JBBL,1,28,1000,154.0,154000.0
2019-05-26,2019052601000967,JBBL,1,40,355,154.0,54670.0
2019-05-26,2019052601000897,JBBL,46,28,500,153.0,76500.0
2019-05-26,2019052601001278,JBNL,21,46,40,212.0,8480.0
2019-05-26,2019052601001239,JBNL,41,58,424,211.0,89464.0
2019-05-26,2019052601001238,JBNL,45,58,1000,211.0,211000.0
2019-05-26,2019052601001237,JBNL,38,58,625,211.0,131875.0
2019-05-26,2019052601001150,JBNL,38,40,375,211.0,79125.0
2019-05-26,2019052601001149,JBNL,38,40,500,211.0,105500.0
2019-05-26,2019052601000843,JBNL,5,10,1000,212.0,212000.0
2019-05-26,2019052601000842,JBNL,42,10,500,212.0,106000.0
2019-05-26,2019052601000841,JBNL,59,10,800,212.0,169600.0
2019-05-26,2019052601000942,JBNL,45,10,1000,213.0,213000.0
2019-05-26,2019052601000941,JBNL,45,48,500,213.0,106500.0
2019-05-26,2019052601000940,JBNL,45,10,105,213.0,22365.0
2019-05-26,2019052601000880,JBNL,41,58,700,212.0,148400.0
2019-05-26,2019052601000879,JBNL,41,58,300,212.0,63600.0
2019-05-26,2019052601000844,JBNL,41,10,700,212.0,148400.0
2019-05-26,2019052601001040,JBNL,48,21,496,211.0,104656.0
2019-05-26,2019052601001039,JBNL,34,21,100,211.0,21100.0
2019-05-26,2019052601001038,JBNL,5,21,404,211.0,85244.0
2019-05-26,2019052601001024,JBNL,5,21,496,211.0,104656.0
2019-05-26,2019052601000947,JBNL,41,40,1300,212.0,275600.0
2019-05-26,2019052601000943,JBNL,45,50,395,213.0,84135.0
2019-05-26,2019052601001148,JBNL,10,40,1000,211.0,211000.0
2019-05-26,2019052601001147,JBNL,44,40,200,211.0,42200.0
2019-05-26,2019052601001146,JBNL,48,40,504,211.0,106344.0
2019-05-26,2019052601001074,JBNL,41,40,1400,212.0,296800.0
2019-05-26,2019052601001071,JBNL,6,40,300,212.0,63600.0
2019-05-26,2019052601001052,JBNL,48,21,1000,211.0,211000.0
2019-05-26,2019052601001023,JSLBB,49,48,14,2034.0,28476.0
2019-05-26,2019052601000885,KADBL,45,19,670,184.0,123280.0
2019-05-26,2019052601001285,KBL,55,32,40,221.0,8840.0
2019-05-26,2019052601001284,KBL,55,6,105,221.0,23205.0
2019-05-26,2019052601001283,KBL,55,17,11,220.0,2420.0
2019-05-26,2019052601001282,KBL,55,35,60,220.0,13200.0
2019-05-26,2019052601001015,KBL,46,19,253,220.0,55660.0
2019-05-26,2019052601000915,KBL,46,19,97,220.0,21340.0
2019-05-26,2019052601000900,KBL,55,6,200,221.0,44200.0
2019-05-26,2019052601000883,KBL,42,6,195,221.0,43095.0
2019-05-26,2019052601000882,KBL,42,19,55,221.0,12155.0
2019-05-26,2019052601001202,KKHC,25,49,16,73.0,1168.0
2019-05-26,2019052601001037,KNBL,45,42,500,142.0,71000.0
2019-05-26,2019052601000964,KRBL,38,38,10,111.0,1110.0
2019-05-26,2019052601000895,KSBBL,26,44,140,159.0,22260.0
2019-05-26,2019052601001280,LBBL,35,42,300,200.0,60000.0
2019-05-26,2019052601001224,LBBL,29,42,216,202.0,43632.0
2019-05-26,2019052601001145,LBBL,29,57,174,202.0,35148.0
2019-05-26,2019052601001144,LBBL,29,28,1000,202.0,202000.0
2019-05-26,2019052601001143,LBBL,29,29,101,201.0,20301.0
2019-05-26,2019052601001095,LBBL,34,33,78,200.0,15600.0
2019-05-26,2019052601001070,LBBL,51,33,3500,200.0,700000.0
2019-05-26,2019052601001069,LBBL,51,52,1000,200.0,200000.0
2019-05-26,2019052601001013,LBBL,14,45,198,199.0,39402.0
2019-05-26,2019052601000993,LBBL,45,45,100,199.0,19900.0
2019-05-26,2019052601000952,LBBL,26,45,300,199.0,59700.0
2019-05-26,2019052601000931,LICN,55,28,30,1910.0,57300.0
2019-05-26,2019052601000854,LLBS,19,17,100,746.0,74600.0
2019-05-26,2019052601000927,MBL,4,57,500,270.0,135000.0
2019-05-26,2019052601001209,MEGA,1,36,190,197.0,37430.0
2019-05-26,2019052601001208,MEGA,38,36,500,197.0,98500.0
2019-05-26,2019052601001207,MEGA,45,36,300,197.0,59100.0
2019-05-26,2019052601001206,MEGA,11,36,1000,197.0,197000.0
2019-05-26,2019052601001205,MEGA,6,36,10,198.0,1980.0
2019-05-26,2019052601001187,MEGA,6,1,1000,198.0,198000.0
2019-05-26,2019052601000840,MEGA,33,20,1984,199.0,394816.0
2019-05-26,2019052601000839,MEGA,33,49,16,199.0,3184.0
2019-05-26,2019052601001174,MEGA,6,1,490,198.0,97020.0
2019-05-26,2019052601001173,MEGA,49,1,69,198.0,13662.0
2019-05-26,2019052601001172,MEGA,50,1,200,198.0,39600.0
2019-05-26,2019052601001171,MEGA,41,1,241,198.0,47718.0
2019-05-26,2019052601001126,MEGA,26,1,484,199.0,96316.0
2019-05-26,2019052601001125,MEGA,26,20,16,199.0,3184.0
2019-05-26,2019052601001022,MHNL,1,38,60,100.0,6000.0
2019-05-26,2019052601000994,MLBL,17,17,10,197.0,1970.0
2019-05-26,2019052601000805,MNBBL,49,26,70,372.0,26040.0
2019-05-26,2019052601001160,MPFL,6,49,245,222.0,54390.0
2019-05-26,2019052601001159,MPFL,28,49,25,222.0,5550.0
2019-05-26,2019052601000819,MPFL,41,58,25,225.0,5625.0
2019-05-26,2019052601001169,NABIL,57,42,20,845.0,16900.0
2019-05-26,2019052601001168,NABIL,57,5,30,845.0,25350.0
2019-05-26,2019052601001108,NABIL,16,3,50,840.0,42000.0
2019-05-26,2019052601001107,NABIL,32,3,500,840.0,420000.0
2019-05-26,2019052601001106,NABIL,21,3,120,840.0,100800.0
2019-05-26,2019052601001105,NABIL,39,3,200,841.0,168200.0
2019-05-26,2019052601001104,NABIL,32,3,100,841.0,84100.0
2019-05-26,2019052601001103,NABIL,41,3,20,842.0,16840.0
2019-05-26,2019052601001102,NABIL,39,3,10,843.0,8430.0
2019-05-26,2019052601001155,NADEP,45,45,50,451.0,22550.0
2019-05-26,2019052601001293,NBB,58,38,100,225.0,22500.0
2019-05-26,2019052601001113,NBB,4,6,281,223.0,62663.0
2019-05-26,2019052601001112,NBB,58,6,22,223.0,4906.0
2019-05-26,2019052601000801,NBB,58,26,78,223.0,17394.0
2019-05-26,2019052601000800,NBB,38,26,100,223.0,22300.0
2019-05-26,2019052601000799,NBB,58,26,89,223.0,19847.0
2019-05-26,2019052601001288,NBL,32,28,490,340.0,166600.0
2019-05-26,2019052601001276,NBL,36,28,10,340.0,3400.0
2019-05-26,2019052601001264,NBL,36,49,40,340.0,13600.0
2019-05-26,2019052601001263,NBL,59,49,360,340.0,122400.0
2019-05-26,2019052601001259,NBL,59,57,640,340.0,217600.0
2019-05-26,2019052601001258,NBL,53,57,1000,340.0,340000.0
2019-05-26,2019052601000815,NBL,57,44,300,341.0,102300.0
2019-05-26,2019052601000814,NBL,26,44,1000,341.0,341000.0
2019-05-26,2019052601000806,NBL,21,44,200,341.0,68200.0
2019-05-26,2019052601001056,NBL,19,49,200,341.0,68200.0
2019-05-26,2019052601001055,NBL,19,58,100,341.0,34100.0
2019-05-26,2019052601000932,NBL,32,58,400,341.0,136400.0
2019-05-26,2019052601000894,NBL,42,50,50,342.0,17100.0
2019-05-26,2019052601000817,NBL,32,44,600,341.0,204600.0
2019-05-26,2019052601000816,NBL,58,44,100,341.0,34100.0
2019-05-26,2019052601001214,NBL,14,10,150,340.0,51000.0
2019-05-26,2019052601001213,NBL,25,10,100,340.0,34000.0
2019-05-26,2019052601001212,NBL,18,10,50,340.0,17000.0
2019-05-26,2019052601001178,NBL,14,56,500,341.0,170500.0
2019-05-26,2019052601001177,NBL,19,56,81,341.0,27621.0
2019-05-26,2019052601001176,NBL,58,56,100,341.0,34100.0
2019-05-26,2019052601001257,NBL,6,57,50,340.0,17000.0
2019-05-26,2019052601001256,NBL,49,57,1660,340.0,564400.0
2019-05-26,2019052601001255,NBL,53,57,100,340.0,34000.0
2019-05-26,2019052601001254,NBL,32,57,1000,340.0,340000.0
2019-05-26,2019052601001253,NBL,20,57,4500,340.0,1530000.0
2019-05-26,2019052601001252,NBL,14,57,50,340.0,17000.0
2019-05-26,2019052601001100,NCCB,16,38,100,263.0,26300.0
2019-05-26,2019052601000997,NCCB,41,22,44,262.0,11528.0
2019-05-26,2019052601000996,NCCB,32,22,1000,262.0,262000.0
2019-05-26,2019052601000995,NCCB,32,22,1956,262.0,512472.0
2019-05-26,2019052601001189,NGPL,1,28,10,124.0,1240.0
2019-05-26,2019052601001153,NGPL,1,42,10,123.0,1230.0
2019-05-26,2019052601001290,NHPC,45,19,1500,72.0,108000.0
2019-05-26,2019052601001262,NHPC,45,45,4250,72.0,306000.0
2019-05-26,2019052601001261,NHPC,33,45,1500,72.0,108000.0
2019-05-26,2019052601001057,NIB,45,28,44,536.0,23584.0
2019-05-26,2019052601001026,NIB,45,49,22,536.0,11792.0
2019-05-26,2019052601000884,NIB,26,39,44,536.0,23584.0
2019-05-26,2019052601000858,NIBSF1,34,41,100,9.35,935.0
2019-05-26,2019052601001077,NICA,16,45,41,484.0,19844.0
2019-05-26,2019052601001067,NICA,26,49,200,483.0,96600.0
2019-05-26,2019052601001287,NIL,51,39,200,516.0,103200.0
2019-05-26,2019052601001286,NIL,57,39,200,517.0,103400.0
2019-05-26,2019052601001183,NIL,16,38,20,520.0,10400.0
2019-05-26,2019052601001182,NIL,16,51,70,520.0,36400.0
2019-05-26,2019052601000808,NLBBL,45,28,10,527.0,5270.0
2019-05-26,2019052601001188,NLIC,10,4,100,937.0,93700.0
2019-05-26,2019052601001118,NLIC,32,20,28,936.0,26208.0
2019-05-26,2019052601001117,NLIC,19,20,97,937.0,90889.0
2019-05-26,2019052601001050,NLIC,19,4,103,937.0,96511.0
2019-05-26,2019052601001049,NLIC,45,4,100,937.0,93700.0
2019-05-26,2019052601001048,NLIC,45,4,65,937.0,60905.0
2019-05-26,2019052601001027,NLIC,25,4,10,938.0,9380.0
2019-05-26,2019052601001218,NMBMF,58,5,90,1134.0,102060.0
2019-05-26,2019052601001124,NMBMF,34,51,35,1156.0,40460.0
2019-05-26,2019052601001079,NMBMF,11,52,20,1156.0,23120.0
2019-05-26,2019052601001035,NMBMF,40,11,16,1157.0,18512.0
2019-05-26,2019052601001034,NMBMF,40,37,50,1156.0,57800.0
2019-05-26,2019052601001033,NMBMF,40,19,30,1150.0,34500.0
2019-05-26,2019052601000861,NMBMF,4,21,75,1124.0,84300.0
2019-05-26,2019052601001032,NMBMF,40,11,35,1135.0,39725.0
2019-05-26,2019052601000872,NMBMF,4,25,20,1135.0,22700.0
2019-05-26,2019052601000862,NMBMF,4,17,170,1125.0,191250.0
2019-05-26,2019052601001000,NMFBS,34,28,15,1568.0,23520.0
2019-05-26,2019052601001029,OHL,35,56,100,683.0,68300.0
2019-05-26,2019052601001028,OHL,43,56,100,683.0,68300.0
2019-05-26,2019052601001002,OHL,43,5,100,683.0,68300.0
2019-05-26,2019052601001199,PCBL,21,49,147,312.0,45864.0
2019-05-26,2019052601001198,PCBL,53,49,1500,312.0,468000.0
2019-05-26,2019052601001197,PCBL,57,49,100,312.0,31200.0
2019-05-26,2019052601001196,PCBL,58,49,100,312.0,31200.0
2019-05-26,2019052601001195,PCBL,17,49,100,313.0,31300.0
2019-05-26,2019052601001194,PCBL,45,49,100,313.0,31300.0
2019-05-26,2019052601000859,PCBL,39,42,300,315.0,94500.0
2019-05-26,2019052601001193,PCBL,1,49,200,313.0,62600.0
2019-05-26,2019052601001192,PCBL,43,49,533,313.0,166829.0
2019-05-26,2019052601001191,PCBL,28,49,120,313.0,37560.0
2019-05-26,2019052601001190,PCBL,58,49,100,314.0,31400.0
2019-05-26,2019052601000946,PCBL,28,48,80,313.0,25040.0
2019-05-26,2019052601000945,PCBL,34,48,100,313.0,31300.0
2019-05-26,2019052601001123,PFL,17,17,1,139.0,139.0
2019-05-26,2019052601001088,PFL,17,17,1,139.0,139.0
2019-05-26,2019052601001119,PIC,28,37,11,1200.0,13200.0
2019-05-26,2019052601001111,PIC,28,37,11,1200.0,13200.0
2019-05-26,2019052601001001,PIC,28,28,11,1200.0,13200.0
2019-05-26,2019052601000956,PIC,28,36,11,1200.0,13200.0
2019-05-26,2019052601001083,PMHPL,8,48,10,112.0,1120.0
2019-05-26,2019052601001025,PMHPL,8,17,10,112.0,1120.0
2019-05-26,2019052601000998,PMHPL,8,48,10,112.0,1120.0
2019-05-26,2019052601001185,PRVU,59,34,500,278.0,139000.0
2019-05-26,2019052601001110,PRVU,44,43,1000,278.0,278000.0
2019-05-26,2019052601001109,PRVU,44,34,1000,278.0,278000.0
2019-05-26,2019052601001093,PRVU,44,52,186,277.0,51522.0
2019-05-26,2019052601001066,PRVU,6,52,14,277.0,3878.0
2019-05-26,2019052601001047,PRVU,6,10,286,277.0,79222.0
2019-05-26,2019052601000865,PRVU,38,43,360,277.0,99720.0
2019-05-26,2019052601000864,PRVU,5,43,140,277.0,38780.0
2019-05-26,2019052601001046,PRVU,26,10,130,277.0,36010.0
2019-05-26,2019052601000936,PRVU,26,34,710,277.0,196670.0
2019-05-26,2019052601000935,PRVU,38,34,290,277.0,80330.0
2019-05-26,2019052601000887,RADHI,13,44,11,173.0,1903.0
2019-05-26,2019052601000886,RADHI,13,44,11,173.0,1903.0
2019-05-26,2019052601001051,RHPC,5,1,16,99.0,1584.0
2019-05-26,2019052601000957,RHPC,41,48,10,100.0,1000.0
2019-05-26,2019052601000934,RLFL,48,51,134,140.0,18760.0
2019-05-26,2019052601000933,RLFL,54,51,100,140.0,14000.0
2019-05-26,2019052601000891,RLFL,47,58,17,142.0,2414.0
2019-05-26,2019052601000890,RLFL,47,17,158,142.0,22436.0
2019-05-26,2019052601000837,RLFL,48,17,500,142.0,71000.0
2019-05-26,2019052601000966,RRHP,59,1,10,96.0,960.0
2019-05-26,2019052601001008,RSDC,45,28,50,378.0,18900.0
2019-05-26,2019052601000907,RSDC,32,28,45,379.0,17055.0
2019-05-26,2019052601000906,RSDC,53,28,18,380.0,6840.0
2019-05-26,2019052601000870,SBBLJ,50,19,400,198.0,79200.0
2019-05-26,2019052601000869,SBBLJ,45,19,100,198.0,19800.0
2019-05-26,2019052601001122,SBI,16,45,20,486.0,9720.0
2019-05-26,2019052601000911,SBI,41,47,53,487.0,25811.0
2019-05-26,2019052601000813,SBI,8,53,25,480.0,12000.0
2019-05-26,2019052601001210,SCB,20,14,100,675.0,67500.0
2019-05-26,2019052601001016,SCB,43,28,20,673.0,13460.0
2019-05-26,2019052601000926,SDESI,45,28,23,588.0,13524.0
2019-05-26,2019052601000829,SDESI,45,28,23,588.0,13524.0
2019-05-26,2019052601001217,SHIVM,48,37,50,543.0,27150.0
2019-05-26,2019052601001204,SHIVM,41,59,30,549.0,16470.0
2019-05-26,2019052601001200,SHIVM,48,17,50,543.0,27150.0
2019-05-26,2019052601001181,SHIVM,43,45,40,545.0,21800.0
2019-05-26,2019052601001151,SHIVM,58,57,50,545.0,27250.0
2019-05-26,2019052601001092,SHIVM,41,37,50,545.0,27250.0
2019-05-26,2019052601000830,SHIVM,44,14,50,545.0,27250.0
2019-05-26,2019052601000820,SHIVM,16,59,50,549.0,27450.0
2019-05-26,2019052601000795,SHIVM,45,17,50,548.0,27400.0
2019-05-26,2019052601000921,SHIVM,1,26,220,542.0,119240.0
2019-05-26,2019052601000920,SHIVM,39,26,100,543.0,54300.0
2019-05-26,2019052601000919,SHIVM,45,26,40,543.0,21720.0
2019-05-26,2019052601000918,SHIVM,33,26,200,544.0,108800.0
2019-05-26,2019052601000917,SHIVM,44,26,400,545.0,218000.0
2019-05-26,2019052601000916,SHIVM,51,26,100,546.0,54600.0
2019-05-26,2019052601001081,SHIVM,33,49,200,548.0,109600.0
2019-05-26,2019052601001080,SHIVM,33,17,25,547.0,13675.0
2019-05-26,2019052601000925,SHIVM,43,26,140,542.0,75880.0
2019-05-26,2019052601000924,SHIVM,51,26,200,542.0,108400.0
2019-05-26,2019052601000923,SHIVM,14,26,500,542.0,271000.0
2019-05-26,2019052601000922,SHIVM,37,26,100,542.0,54200.0
2019-05-26,2019052601001129,SHL,54,48,472,248.0,117056.0
2019-05-26,2019052601001128,SHL,21,48,100,248.0,24800.0
2019-05-26,2019052601001120,SHL,53,29,300,249.0,74700.0
2019-05-26,2019052601000960,SHL,53,29,200,249.0,49800.0
2019-05-26,2019052601001246,SHPC,43,36,102,274.0,27948.0
2019-05-26,2019052601001245,SHPC,17,36,100,274.0,27400.0
2019-05-26,2019052601001127,SIFC,59,17,10,159.0,1590.0
2019-05-26,2019052601001076,SLBSL,52,29,10,564.0,5640.0
2019-05-26,2019052601001260,SMATA,18,39,10,1383.0,13830.0
2019-05-26,2019052601001241,SMATA,6,18,10,1356.0,13560.0
2019-05-26,2019052601001232,SMATA,6,17,19,1330.0,25270.0
2019-05-26,2019052601000802,SWBBL,50,7,63,908.0,57204.0
2019-05-26,2019052601001064,UMHL,59,28,10,117.0,1170.0
2019-05-26,2019052601001279,UPCL,59,21,50,95.0,4750.0
2019-05-26,2019052601001157,UPCL,59,43,50,95.0,4750.0
2019-05-26,2019052601001134,UPCL,59,43,40,95.0,3800.0
2019-05-26,2019052601001133,UPCL,38,43,10,96.0,960.0
2019-05-26,2019052601001005,UPCL,3,13,50,96.0,4800.0
2019-05-26,2019052601001294,UPPER,47,38,40,279.0,11160.0
2019-05-26,2019052601001292,UPPER,47,38,40,279.0,11160.0
2019-05-26,2019052601001277,UPPER,47,38,40,279.0,11160.0
2019-05-26,2019052601001250,UPPER,47,38,50,279.0,13950.0
2019-05-26,2019052601001247,UPPER,47,38,50,279.0,13950.0
2019-05-26,2019052601001240,UPPER,47,38,50,279.0,13950.0
2019-05-26,2019052601000828,UPPER,32,34,100,284.0,28400.0
2019-05-26,2019052601000823,UPPER,40,45,936,282.0,263952.0
2019-05-26,2019052601000822,UPPER,34,45,64,283.0,18112.0
2019-05-26,2019052601000811,UPPER,34,41,100,283.0,28300.0
2019-05-26,2019052601000803,UPPER,34,5,40,283.0,11320.0
2019-05-26,2019052601000853,UPPER,6,26,207,281.0,58167.0
2019-05-26,2019052601000835,UPPER,43,45,2500,282.0,705000.0
2019-05-26,2019052601000834,UPPER,6,45,500,282.0,141000.0
2019-05-26,2019052601000833,UPPER,22,45,300,282.0,84600.0
2019-05-26,2019052601000832,UPPER,55,45,200,282.0,56400.0
2019-05-26,2019052601000831,UPPER,40,45,64,282.0,18048.0
2019-05-26,2019052601000965,UPPER,47,36,50,281.0,14050.0
2019-05-26,2019052601000905,UPPER,14,57,10,282.0,2820.0
2019-05-26,2019052601000903,UPPER,14,39,40,282.0,11280.0
2019-05-26,2019052601000875,UPPER,14,45,50,282.0,14100.0
2019-05-26,2019052601000874,UPPER,6,57,50,281.0,14050.0
2019-05-26,2019052601000860,UPPER,6,57,50,281.0,14050.0
2019-05-26,2019052601000986,UPPER,51,33,220,280.0,61600.0
2019-05-26,2019052601000985,UPPER,39,33,350,280.0,98000.0
2019-05-26,2019052601000984,UPPER,48,33,500,280.0,140000.0
2019-05-26,2019052601000983,UPPER,59,33,2000,280.0,560000.0
2019-05-26,2019052601000982,UPPER,35,33,73,280.0,20440.0
2019-05-26,2019052601000981,UPPER,47,33,150,281.0,42150.0
2019-05-26,2019052601001010,UPPER,47,10,24,279.0,6696.0
2019-05-26,2019052601001009,UPPER,6,10,26,280.0,7280.0
2019-05-26,2019052601001007,UPPER,6,33,74,280.0,20720.0
2019-05-26,2019052601000989,UPPER,6,33,193,280.0,54040.0
2019-05-26,2019052601000988,UPPER,21,33,200,280.0,56000.0
2019-05-26,2019052601000987,UPPER,50,33,240,280.0,67200.0
2019-05-26,2019052601001072,UPPER,13,54,100,281.0,28100.0
2019-05-26,2019052601001065,UPPER,33,57,40,280.0,11200.0
2019-05-26,2019052601001059,UPPER,33,29,50,280.0,14000.0
2019-05-26,2019052601001058,UPPER,47,26,100,279.0,27900.0
2019-05-26,2019052601001042,UPPER,35,29,150,280.0,42000.0
2019-05-26,2019052601001017,UPPER,47,45,885,279.0,246915.0
2019-05-26,2019052601001116,UPPER,33,42,40,280.0,11200.0
2019-05-26,2019052601001099,UPPER,33,38,50,280.0,14000.0
2019-05-26,2019052601001091,UPPER,33,17,50,280.0,14000.0
2019-05-26,2019052601001087,UPPER,33,38,50,280.0,14000.0
2019-05-26,2019052601001075,UPPER,33,38,50,280.0,14000.0
2019-05-26,2019052601001073,UPPER,13,45,100,281.0,28100.0
2019-05-26,2019052601001139,UPPER,6,6,40,282.0,11280.0
2019-05-26,2019052601001138,UPPER,6,8,50,281.0,14050.0
2019-05-26,2019052601001137,UPPER,6,7,216,281.0,60696.0
2019-05-26,2019052601001135,UPPER,33,39,40,280.0,11200.0
2019-05-26,2019052601001132,UPPER,33,38,50,280.0,14000.0
2019-05-26,2019052601001121,UPPER,33,38,50,280.0,14000.0
2019-05-26,2019052601001164,UPPER,33,39,50,280.0,14000.0
2019-05-26,2019052601001163,UPPER,33,29,50,280.0,14000.0
2019-05-26,2019052601001162,UPPER,33,38,50,280.0,14000.0
2019-05-26,2019052601001154,UPPER,33,38,50,280.0,14000.0
2019-05-26,2019052601001141,UPPER,6,33,163,282.0,45966.0
2019-05-26,2019052601001140,UPPER,6,6,121,282.0,34122.0
2019-05-26,2019052601001215,UPPER,33,38,90,280.0,25200.0
2019-05-26,2019052601001201,UPPER,33,38,50,280.0,14000.0
2019-05-26,2019052601001186,UPPER,33,38,50,280.0,14000.0
2019-05-26,2019052601001179,UPPER,33,29,40,280.0,11200.0
2019-05-26,2019052601001167,UPPER,33,38,50,280.0,14000.0
2019-05-26,2019052601001166,UPPER,33,29,50,280.0,14000.0
2019-05-26,2019052601001227,UPPER,21,10,10,280.0,2800.0
2019-05-26,2019052601001226,UPPER,54,10,990,280.0,277200.0
2019-05-26,2019052601001221,UPPER,54,38,10,280.0,2800.0
2019-05-26,2019052601001220,UPPER,59,38,40,280.0,11200.0
2019-05-26,2019052601001219,UPPER,59,38,50,280.0,14000.0
2019-05-26,2019052601001216,UPPER,59,38,110,280.0,30800.0
2019-05-26,2019052601001236,UPPER,21,28,50,280.0,14000.0
2019-05-26,2019052601001235,UPPER,33,28,590,280.0,165200.0
2019-05-26,2019052601001234,UPPER,33,38,50,280.0,14000.0
2019-05-26,2019052601001231,UPPER,33,38,50,280.0,14000.0
2019-05-26,2019052601001230,UPPER,33,43,310,280.0,86800.0
2019-05-26,2019052601001229,UPPER,21,43,490,280.0,137200.0
2019-05-26,2019052601000878,VLBS,45,6,100,556.0,55600.0
2019-05-26,2019052601002681,ADBL,33,16,31,431.0,13361.0
2019-05-26,2019052601002680,ADBL,33,25,19,431.0,8189.0
2019-05-26,2019052601002571,ADBL,58,29,43,428.0,18404.0
2019-05-26,2019052601002747,ALBSL,29,14,10,440.0,4400.0
2019-05-26,2019052601002705,ALBSL,29,40,10,440.0,4400.0
2019-05-26,2019052601002690,ALBSL,29,40,10,440.0,4400.0
2019-05-26,2019052601002541,ALBSL,25,3,10,439.0,4390.0
2019-05-26,2019052601002483,ALBSL,7,3,10,440.0,4400.0
2019-05-26,2019052601002443,ALBSL,7,42,40,440.0,17600.0
2019-05-26,2019052601002398,ALBSL,48,41,10,442.0,4420.0
2019-05-26,2019052601002371,ALBSL,48,21,10,442.0,4420.0
2019-05-26,2019052601002442,ALBSL,49,42,50,440.0,22000.0
2019-05-26,2019052601002441,ALBSL,19,42,10,440.0,4400.0
2019-05-26,2019052601002440,ALBSL,43,42,100,441.0,44100.0
2019-05-26,2019052601002439,ALBSL,51,42,50,441.0,22050.0
2019-05-26,2019052601002438,ALBSL,52,42,20,441.0,8820.0
2019-05-26,2019052601002437,ALBSL,48,42,30,442.0,13260.0
2019-05-26,2019052601002776,ALICL,57,10,100,428.0,42800.0
2019-05-26,2019052601002540,BOKL,41,29,58,275.0,15950.0
2019-05-26,2019052601002656,CBBL,47,11,65,947.0,61555.0
2019-05-26,2019052601002616,CBBL,47,11,50,947.0,47350.0
2019-05-26,2019052601002702,CBL,48,28,200,148.0,29600.0
2019-05-26,2019052601002622,CBL,47,28,50,148.0,7400.0
2019-05-26,2019052601002621,CBL,8,28,886,148.0,131128.0
2019-05-26,2019052601002535,CBL,16,34,10,149.0,1490.0
2019-05-26,2019052601002304,CBL,8,21,100,148.0,14800.0
2019-05-26,2019052601002546,CCBL,16,32,10,170.0,1700.0
2019-05-26,2019052601002544,CCBL,41,44,38,169.0,6422.0
2019-05-26,2019052601002518,CCBL,41,44,38,169.0,6422.0
2019-05-26,2019052601002342,CCBL,41,38,408,169.0,68952.0
2019-05-26,2019052601002341,CCBL,54,38,85,169.0,14365.0
2019-05-26,2019052601002312,CCBL,54,21,15,169.0,2535.0
2019-05-26,2019052601002311,CCBL,51,21,10,169.0,1690.0
2019-05-26,2019052601002310,CCBL,7,21,80,169.0,13520.0
2019-05-26,2019052601002588,CHCL,29,40,100,535.0,53500.0
2019-05-26,2019052601002587,CHCL,46,40,40,535.0,21400.0
2019-05-26,2019052601002586,CHCL,1,40,20,535.0,10700.0
2019-05-26,2019052601002585,CHCL,34,40,50,536.0,26800.0
2019-05-26,2019052601002584,CHCL,45,40,10,538.0,5380.0
2019-05-26,2019052601002792,CHLBS,7,59,10,445.0,4450.0
2019-05-26,2019052601002525,CHLBS,7,3,10,445.0,4450.0
2019-05-26,2019052601002510,CHLBS,7,3,10,445.0,4450.0
2019-05-26,2019052601002308,CHLBS,7,7,10,445.0,4450.0
2019-05-26,2019052601002320,CIT,11,16,86,2605.0,224030.0
2019-05-26,2019052601002319,CIT,11,19,14,2605.0,36470.0
2019-05-26,2019052601002625,CORBL,39,25,100,121.0,12100.0
2019-05-26,2019052601002789,CZBIL,6,55,447,229.0,102363.0
2019-05-26,2019052601002788,CZBIL,6,13,53,229.0,12137.0
2019-05-26,2019052601002630,CZBIL,38,45,292,229.0,66868.0
2019-05-26,2019052601002447,CZBIL,45,26,290,228.0,66120.0
2019-05-26,2019052601002418,CZBIL,45,41,10,228.0,2280.0
2019-05-26,2019052601002643,DBBL,7,10,100,148.0,14800.0
2019-05-26,2019052601002527,DBBL,46,38,96,149.0,14304.0
2019-05-26,2019052601002526,DBBL,7,38,244,149.0,36356.0
2019-05-26,2019052601002676,EBL,42,4,500,665.0,332500.0
2019-05-26,2019052601002345,EBL,26,41,100,661.0,66100.0
2019-05-26,2019052601002706,GBBL,8,22,200,223.0,44600.0
2019-05-26,2019052601002610,GBBL,43,22,300,223.0,66900.0
2019-05-26,2019052601002456,GBBL,53,41,60,222.0,13320.0
2019-05-26,2019052601002455,GBBL,26,41,199,222.0,44178.0
2019-05-26,2019052601002689,GBIME,39,17,60,307.0,18420.0
2019-05-26,2019052601002602,GBIME,39,55,46,307.0,14122.0
2019-05-26,2019052601002466,GBIME,39,26,147,307.0,45129.0
2019-05-26,2019052601002374,GBIME,39,41,100,307.0,30700.0
2019-05-26,2019052601002757,GBIMEP,34,42,26580,174.0,4624920.0
2019-05-26,2019052601002647,GBLBS,6,56,395,378.0,149310.0
2019-05-26,2019052601002646,GBLBS,6,56,50,378.0,18900.0
2019-05-26,2019052601002645,GBLBS,48,56,10,378.0,3780.0
2019-05-26,2019052601002644,GBLBS,22,56,80,379.0,30320.0
2019-05-26,2019052601002500,GBLBS,22,38,10,379.0,3790.0
2019-05-26,2019052601002472,GBLBS,22,26,10,379.0,3790.0
2019-05-26,2019052601002382,GBLBS,44,34,200,380.0,76000.0
2019-05-26,2019052601002744,GDBL,1,35,25,212.0,5300.0
2019-05-26,2019052601002494,GILB,58,42,87,1258.0,109446.0
2019-05-26,2019052601002493,GILB,19,42,10,1259.0,12590.0
2019-05-26,2019052601002366,GLICL,34,50,100,555.0,55500.0
2019-05-26,2019052601002354,HDL,57,42,50,1790.0,89500.0
2019-05-26,2019052601002353,HDL,39,42,50,1792.0,89600.0
2019-05-26,2019052601002336,HDL,52,42,25,1795.0,44875.0
2019-05-26,2019052601002719,HIDCL,18,41,23,165.0,3795.0
2019-05-26,2019052601002718,HIDCL,57,41,100,165.0,16500.0
2019-05-26,2019052601002674,HIDCL,38,37,500,165.0,82500.0
2019-05-26,2019052601002673,HIDCL,25,37,200,165.0,33000.0
2019-05-26,2019052601002672,HIDCL,19,37,292,165.0,48180.0
2019-05-26,2019052601002619,HIDCL,19,29,317,165.0,52305.0
2019-05-26,2019052601002609,HIDCL,19,29,317,165.0,52305.0
2019-05-26,2019052601002465,HIDCL,19,5,74,165.0,12210.0
2019-05-26,2019052601002464,HIDCL,55,5,50,165.0,8250.0
2019-05-26,2019052601002365,HIDCL,55,38,31,165.0,5115.0
2019-05-26,2019052601002507,HPPL,37,38,20,180.0,3600.0
2019-05-26,2019052601002377,HPPL,37,38,10,180.0,1800.0
2019-05-26,2019052601002350,HPPL,1,42,10,181.0,1810.0
2019-05-26,2019052601002318,HPPL,1,21,10,181.0,1810.0
2019-05-26,2019052601002790,HURJA,29,43,20,126.0,2520.0
2019-05-26,2019052601002783,HURJA,29,43,20,126.0,2520.0
2019-05-26,2019052601002782,HURJA,29,32,20,126.0,2520.0
2019-05-26,2019052601002753,HURJA,29,43,20,126.0,2520.0
2019-05-26,2019052601002736,HURJA,29,19,20,126.0,2520.0
2019-05-26,2019052601002704,HURJA,38,22,20,127.0,2540.0
2019-05-26,2019052601002303,HURJA,42,38,20,126.0,2520.0
2019-05-26,2019052601002300,HURJA,42,26,20,126.0,2520.0
2019-05-26,2019052601002298,HURJA,42,38,20,126.0,2520.0
2019-05-26,2019052601002297,HURJA,42,26,20,126.0,2520.0
2019-05-26,2019052601002362,HURJA,42,43,20,126.0,2520.0
2019-05-26,2019052601002352,HURJA,42,38,20,126.0,2520.0
2019-05-26,2019052601002334,HURJA,42,38,100,126.0,12600.0
2019-05-26,2019052601002333,HURJA,42,38,20,126.0,2520.0
2019-05-26,2019052601002325,HURJA,42,26,20,126.0,2520.0
2019-05-26,2019052601002321,HURJA,42,38,20,126.0,2520.0
2019-05-26,2019052601002400,HURJA,42,43,20,126.0,2520.0
2019-05-26,2019052601002399,HURJA,42,38,20,126.0,2520.0
2019-05-26,2019052601002380,HURJA,42,43,20,126.0,2520.0
2019-05-26,2019052601002378,HURJA,42,38,20,126.0,2520.0
2019-05-26,2019052601002372,HURJA,42,43,20,126.0,2520.0
2019-05-26,2019052601002368,HURJA,42,38,20,126.0,2520.0
2019-05-26,2019052601002467,HURJA,29,38,10,126.0,1260.0
2019-05-26,2019052601002454,HURJA,54,43,20,125.0,2500.0
2019-05-26,2019052601002453,HURJA,42,38,10,126.0,1260.0
2019-05-26,2019052601002436,HURJA,42,38,20,126.0,2520.0
2019-05-26,2019052601002425,HURJA,42,43,20,126.0,2520.0
2019-05-26,2019052601002417,HURJA,42,43,20,126.0,2520.0
2019-05-26,2019052601002519,HURJA,29,35,20,126.0,2520.0
2019-05-26,2019052601002517,HURJA,29,43,20,126.0,2520.0
2019-05-26,2019052601002508,HURJA,29,46,20,126.0,2520.0
2019-05-26,2019052601002501,HURJA,29,43,20,126.0,2520.0
2019-05-26,2019052601002499,HURJA,29,38,20,126.0,2520.0
2019-05-26,2019052601002484,HURJA,29,38,20,126.0,2520.0
2019-05-26,2019052601002550,HURJA,29,43,20,126.0,2520.0
2019-05-26,2019052601002548,HURJA,29,38,20,126.0,2520.0
2019-05-26,2019052601002547,HURJA,29,14,20,126.0,2520.0
2019-05-26,2019052601002536,HURJA,29,43,20,126.0,2520.0
2019-05-26,2019052601002524,HURJA,29,38,20,126.0,2520.0
2019-05-26,2019052601002521,HURJA,29,13,20,126.0,2520.0
2019-05-26,2019052601002573,HURJA,29,25,20,126.0,2520.0
2019-05-26,2019052601002568,HURJA,29,38,20,126.0,2520.0
2019-05-26,2019052601002566,HURJA,29,17,20,126.0,2520.0
2019-05-26,2019052601002562,HURJA,29,43,20,126.0,2520.0
2019-05-26,2019052601002561,HURJA,29,25,20,126.0,2520.0
2019-05-26,2019052601002551,HURJA,29,25,20,126.0,2520.0
2019-05-26,2019052601002579,HURJA,38,56,20,127.0,2540.0
2019-05-26,2019052601002578,HURJA,38,48,20,127.0,2540.0
2019-05-26,2019052601002577,HURJA,38,48,20,127.0,2540.0
2019-05-26,2019052601002576,HURJA,38,56,20,127.0,2540.0
2019-05-26,2019052601002575,HURJA,38,56,20,127.0,2540.0
2019-05-26,2019052601002574,HURJA,29,14,20,126.0,2520.0
2019-05-26,2019052601002597,HURJA,29,38,20,126.0,2520.0
2019-05-26,2019052601002596,HURJA,29,25,20,126.0,2520.0
2019-05-26,2019052601002583,HURJA,29,43,20,126.0,2520.0
2019-05-26,2019052601002580,HURJA,38,56,20,127.0,2540.0
2019-05-26,2019052601002612,HURJA,29,25,20,126.0,2520.0
2019-05-26,2019052601002607,HURJA,34,29,20,128.0,2560.0
2019-05-26,2019052601002606,HURJA,34,38,20,128.0,2560.0
2019-05-26,2019052601002605,HURJA,34,39,20,128.0,2560.0
2019-05-26,2019052601002604,HURJA,34,38,20,128.0,2560.0
2019-05-26,2019052601002603,HURJA,34,39,20,128.0,2560.0
2019-05-26,2019052601002624,HURJA,29,13,20,126.0,2520.0
2019-05-26,2019052601002623,HURJA,29,25,20,126.0,2520.0
2019-05-26,2019052601002620,HURJA,29,38,20,126.0,2520.0
2019-05-26,2019052601002617,HURJA,29,25,20,126.0,2520.0
2019-05-26,2019052601002615,HURJA,29,38,20,126.0,2520.0
2019-05-26,2019052601002613,HURJA,29,14,20,126.0,2520.0
2019-05-26,2019052601002659,HURJA,38,25,20,127.0,2540.0
2019-05-26,2019052601002658,HURJA,38,45,20,127.0,2540.0
2019-05-26,2019052601002657,HURJA,38,59,20,127.0,2540.0
2019-05-26,2019052601002654,HURJA,29,25,20,126.0,2520.0
2019-05-26,2019052601002653,HURJA,29,38,20,126.0,2520.0
2019-05-26,2019052601002641,HURJA,29,25,20,126.0,2520.0
2019-05-26,2019052601002699,HURJA,38,22,20,127.0,2540.0
2019-05-26,2019052601002698,HURJA,38,43,20,127.0,2540.0
2019-05-26,2019052601002691,HURJA,38,38,20,127.0,2540.0
2019-05-26,2019052601002683,HURJA,38,38,20,127.0,2540.0
2019-05-26,2019052601002677,HURJA,38,38,20,127.0,2540.0
2019-05-26,2019052601002665,HURJA,38,38,20,127.0,2540.0
2019-05-26,2019052601002770,JBBL,45,51,2359,155.0,365645.0
2019-05-26,2019052601002769,JBBL,45,19,200,155.0,31000.0
2019-05-26,2019052601002768,JBBL,45,7,1000,155.0,155000.0
2019-05-26,2019052601002767,JBBL,45,38,1589,155.0,246295.0
2019-05-26,2019052601002766,JBBL,45,35,28,154.0,4312.0
2019-05-26,2019052601002765,JBBL,45,58,500,154.0,77000.0
2019-05-26,2019052601002764,JBBL,45,47,320,154.0,49280.0
2019-05-26,2019052601002393,JBBL,1,16,599,153.0,91647.0
2019-05-26,2019052601002351,JBBL,1,21,146,153.0,22338.0
2019-05-26,2019052601002299,JBBL,1,22,500,153.0,76500.0
2019-05-26,2019052601002742,JBNL,29,55,50,211.0,10550.0
2019-05-26,2019052601002364,JBNL,38,21,100,210.0,21000.0
2019-05-26,2019052601002370,KBL,59,21,255,217.0,55335.0
2019-05-26,2019052601002794,KPCL,46,54,10,96.0,960.0
2019-05-26,2019052601002793,KPCL,46,6,10,96.0,960.0
2019-05-26,2019052601002383,KPCL,1,38,10,95.0,950.0
2019-05-26,2019052601002516,KPCL,1,38,10,95.0,950.0
2019-05-26,2019052601002675,KPCL,1,25,10,95.0,950.0
2019-05-26,2019052601002534,LBBL,42,1,300,203.0,60900.0
2019-05-26,2019052601002533,LBBL,42,28,783,203.0,158949.0
2019-05-26,2019052601002532,LBBL,42,40,300,203.0,60900.0
2019-05-26,2019052601002531,LBBL,42,40,150,203.0,30450.0
2019-05-26,2019052601002530,LBBL,42,1,200,202.0,40400.0
2019-05-26,2019052601002529,LBBL,42,1,27,202.0,5454.0
2019-05-26,2019052601002309,LBBL,56,1,250,202.0,50500.0
2019-05-26,2019052601002477,LBBL,52,42,600,200.0,120000.0
2019-05-26,2019052601002476,LBBL,13,42,300,200.0,60000.0
2019-05-26,2019052601002475,LBBL,14,42,100,201.0,20100.0
2019-05-26,2019052601002474,LBBL,41,42,100,201.0,20100.0
2019-05-26,2019052601002473,LBBL,42,42,500,201.0,100500.0
2019-05-26,2019052601002498,LBBL,42,1,23,202.0,4646.0
2019-05-26,2019052601002481,LBBL,45,42,300,200.0,60000.0
2019-05-26,2019052601002480,LBBL,45,42,700,200.0,140000.0
2019-05-26,2019052601002479,LBBL,55,42,200,200.0,40000.0
2019-05-26,2019052601002478,LBBL,41,42,1000,200.0,200000.0
2019-05-26,2019052601002435,LBL,11,41,417,221.0,92157.0
2019-05-26,2019052601002685,LEMF,46,41,5000,8.13,40650.0
2019-05-26,2019052601002328,LGIL,45,57,150,500.0,75000.0
2019-05-26,2019052601002327,LGIL,44,57,50,500.0,25000.0
2019-05-26,2019052601002756,LICN,42,17,124,1900.0,235600.0
2019-05-26,2019052601002755,LICN,42,36,27,1900.0,51300.0
2019-05-26,2019052601002337,LICN,57,46,10,1898.0,18980.0
2019-05-26,2019052601002313,LLBS,18,47,15,751.0,11265.0
2019-05-26,2019052601002785,MBL,17,57,300,270.0,81000.0
2019-05-26,2019052601002595,MBL,34,29,90,269.0,24210.0
2019-05-26,2019052601002413,MBL,34,16,54,269.0,14526.0
2019-05-26,2019052601002412,MBL,43,16,500,269.0,134500.0
2019-05-26,2019052601002411,MBL,45,16,230,269.0,61870.0
2019-05-26,2019052601002410,MBL,29,57,30,270.0,8100.0
2019-05-26,2019052601002376,MBL,45,21,100,269.0,26900.0
2019-05-26,2019052601002343,MBL,45,46,20,269.0,5380.0
2019-05-26,2019052601002302,MHNL,59,6,20,104.0,2080.0
2019-05-26,2019052601002712,MLBL,49,58,2743,197.0,540371.0
2019-05-26,2019052601002445,MLBL,42,41,43,196.0,8428.0
2019-05-26,2019052601002340,MLBL,42,42,37,196.0,7252.0
2019-05-26,2019052601002470,MNBBL,16,1,112,376.0,42112.0
2019-05-26,2019052601002496,MNBBL,16,32,38,376.0,14288.0
2019-05-26,2019052601002781,MPFL,25,13,140,222.0,31080.0
2019-05-26,2019052601002780,MPFL,25,46,200,221.0,44200.0
2019-05-26,2019052601002779,MPFL,25,58,50,221.0,11050.0
2019-05-26,2019052601002497,MPFL,11,46,200,220.0,44000.0
2019-05-26,2019052601002492,MPFL,6,45,20,216.0,4320.0
2019-05-26,2019052601002491,MPFL,22,45,10,216.0,2160.0
2019-05-26,2019052601002490,MPFL,42,45,20,218.0,4360.0
2019-05-26,2019052601002486,NABIL,49,26,78,835.0,65130.0
2019-05-26,2019052601002446,NABIL,45,46,20,840.0,16800.0
2019-05-26,2019052601002722,NADEP,29,47,10,450.0,4500.0
2019-05-26,2019052601002721,NADEP,29,47,10,450.0,4500.0
2019-05-26,2019052601002720,NADEP,29,47,10,450.0,4500.0
2019-05-26,2019052601002752,NBB,17,32,220,226.0,49720.0
2019-05-26,2019052601002639,NBB,29,32,30,226.0,6780.0
2019-05-26,2019052601002471,NBB,34,46,25,225.0,5625.0
2019-05-26,2019052601002463,NBL,53,57,500,337.0,168500.0
2019-05-26,2019052601002462,NBL,45,57,100,337.0,33700.0
2019-05-26,2019052601002461,NBL,7,57,1000,337.0,337000.0
2019-05-26,2019052601002460,NBL,26,57,1000,337.0,337000.0
2019-05-26,2019052601002459,NBL,21,57,1000,337.0,337000.0
2019-05-26,2019052601002458,NBL,21,57,1000,337.0,337000.0
2019-05-26,2019052601002363,NBL,22,38,500,339.0,169500.0
2019-05-26,2019052601002335,NBL,35,34,1225,338.0,414050.0
2019-05-26,2019052601002306,NBL,33,34,200,338.0,67600.0
2019-05-26,2019052601002305,NBL,28,34,575,338.0,194350.0
2019-05-26,2019052601002457,NBL,35,57,200,337.0,67400.0
2019-05-26,2019052601002421,NBL,35,5,100,337.0,33700.0
2019-05-26,2019052601002420,NBL,1,5,200,337.0,67400.0
2019-05-26,2019052601002419,NBL,57,5,150,338.0,50700.0
2019-05-26,2019052601002406,NBL,57,38,151,338.0,51038.0
2019-05-26,2019052601002402,NBL,35,38,150,338.0,50700.0
2019-05-26,2019052601002375,NCCB,26,57,495,262.0,129690.0
2019-05-26,2019052601002367,NCCB,48,57,100,262.0,26200.0
2019-05-26,2019052601002791,NGPL,1,1,11,121.0,1331.0
2019-05-26,2019052601002786,NGPL,1,1,11,121.0,1331.0
2019-05-26,2019052601002598,NGPL,1,42,11,122.0,1342.0
2019-05-26,2019052601002728,NIB,16,29,44,535.0,23540.0
2019-05-26,2019052601002713,NIB,56,29,44,535.0,23540.0
2019-05-26,2019052601002640,NIB,11,29,44,536.0,23584.0
2019-05-26,2019052601002569,NIB,11,29,44,536.0,23584.0
2019-05-26,2019052601002539,NIB,11,29,44,536.0,23584.0
2019-05-26,2019052601002523,NIB,11,57,11,536.0,5896.0
2019-05-26,2019052601002522,NIB,51,57,33,536.0,17688.0
2019-05-26,2019052601002506,NIB,51,57,44,536.0,23584.0
2019-05-26,2019052601002389,NIB,51,38,26,536.0,13936.0
2019-05-26,2019052601002760,NICA,33,33,70,482.0,33740.0
2019-05-26,2019052601002759,NICA,33,38,350,482.0,168700.0
2019-05-26,2019052601002758,NICA,33,38,547,482.0,263654.0
2019-05-26,2019052601002754,NICA,45,26,191,481.0,91871.0
2019-05-26,2019052601002682,NICA,17,38,10,482.0,4820.0
2019-05-26,2019052601002589,NICA,16,21,100,481.0,48100.0
2019-05-26,2019052601002329,NICA,51,41,100,480.0,48000.0
2019-05-26,2019052601002642,NICL,52,49,100,395.0,39500.0
2019-05-26,2019052601002361,NIL,40,57,87,515.0,44805.0
2019-05-26,2019052601002360,NIL,54,57,213,515.0,109695.0
2019-05-26,2019052601002730,NMBMF,26,22,42,1115.0,46830.0
2019-05-26,2019052601002701,NMBMF,26,58,35,1115.0,39025.0
2019-05-26,2019052601002505,NMBMF,26,35,14,1115.0,15610.0
2019-05-26,2019052601002504,NMBMF,26,7,35,1115.0,39025.0
2019-05-26,2019052601002503,NMBMF,26,14,24,1115.0,26760.0
2019-05-26,2019052601002346,NMBMF,37,49,72,1112.0,80064.0
2019-05-26,2019052601002331,NMBMF,37,18,28,1112.0,31136.0
2019-05-26,2019052601002322,NMBMF,21,56,29,1115.0,32335.0
2019-05-26,2019052601002778,NNLB,44,13,14,390.0,5460.0
2019-05-26,2019052601002777,NNLB,34,13,186,390.0,72540.0
2019-05-26,2019052601002582,NTC,42,46,20,735.0,14700.0
2019-05-26,2019052601002593,NUBL,44,11,21,850.0,17850.0
2019-05-26,2019052601002592,NUBL,16,11,29,851.0,24679.0
2019-05-26,2019052601002608,PCBL,6,46,20,315.0,6300.0
2019-05-26,2019052601002552,PCBL,6,11,50,315.0,15750.0
2019-05-26,2019052601002359,PFL,17,17,13,139.0,1807.0
2019-05-26,2019052601002301,PFL,17,17,1,139.0,139.0
2019-05-26,2019052601002686,PIC,8,56,50,1205.0,60250.0
2019-05-26,2019052601002664,PIC,8,45,11,1200.0,13200.0
2019-05-26,2019052601002663,PIC,8,32,11,1200.0,13200.0
2019-05-26,2019052601002662,PIC,8,49,11,1200.0,13200.0
2019-05-26,2019052601002661,PIC,8,49,11,1200.0,13200.0
2019-05-26,2019052601002660,PIC,8,46,20,1195.0,23900.0
2019-05-26,2019052601002731,PLIC,53,1,50,465.0,23250.0
2019-05-26,2019052601002707,PMHPL,56,59,10,110.0,1100.0
2019-05-26,2019052601002594,PMHPL,7,25,10,112.0,1120.0
2019-05-26,2019052601002570,PMHPL,7,25,10,112.0,1120.0
2019-05-26,2019052601002563,PMHPL,7,45,10,112.0,1120.0
2019-05-26,2019052601002556,PMHPL,7,25,10,112.0,1120.0
2019-05-26,2019052601002553,PMHPL,7,38,10,112.0,1120.0
2019-05-26,2019052601002545,PMHPL,7,25,10,112.0,1120.0
2019-05-26,2019052601002408,PMHPL,7,38,10,112.0,1120.0
2019-05-26,2019052601002407,PMHPL,7,41,10,112.0,1120.0
2019-05-26,2019052601002315,PMHPL,7,45,10,112.0,1120.0
2019-05-26,2019052601002649,PROFL,55,51,50,107.0,5350.0
2019-05-26,2019052601002405,PRVU,44,38,108,277.0,29916.0
2019-05-26,2019052601002388,PRVU,44,21,233,277.0,64541.0
2019-05-26,2019052601002387,PRVU,26,21,100,277.0,27700.0
2019-05-26,2019052601002386,PRVU,56,21,24,277.0,6648.0
2019-05-26,2019052601002734,RBCL,47,7,50,11111.0,555550.0
2019-05-26,2019052601002716,RBCL,47,13,30,11050.0,331500.0
2019-05-26,2019052601002509,RBCL,10,7,20,11050.0,221000.0
2019-05-26,2019052601002295,RBCL,47,51,20,11000.0,220000.0
2019-05-26,2019052601002751,RBCLPO,44,42,50,9901.0,495050.0
2019-05-26,2019052601002750,RBCLPO,59,42,10,9902.0,99020.0
2019-05-26,2019052601002739,RBCLPO,22,42,30,9950.0,298500.0
2019-05-26,2019052601002738,RBCLPO,59,42,50,9950.0,497500.0
2019-05-26,2019052601002737,RBCLPO,44,42,20,9960.0,199200.0
2019-05-26,2019052601002520,RHPC,16,1,12,98.0,1176.0
2019-05-26,2019052601002347,RMDC,38,56,443,660.0,292380.0
2019-05-26,2019052601002787,RRHP,59,50,10,96.0,960.0
2019-05-26,2019052601002784,RRHP,59,59,10,96.0,960.0
2019-05-26,2019052601002726,RRHP,59,59,10,96.0,960.0
2019-05-26,2019052601002708,RRHP,59,59,10,96.0,960.0
2019-05-26,2019052601002528,RRHP,59,45,10,96.0,960.0
2019-05-26,2019052601002326,RRHP,59,45,10,96.0,960.0
2019-05-26,2019052601002629,RSDC,29,55,38,380.0,14440.0
2019-05-26,2019052601002628,RSDC,29,55,25,382.0,9550.0
2019-05-26,2019052601002611,SANIMA,14,29,20,356.0,7120.0
2019-05-26,2019052601002358,SANIMA,19,16,200,357.0,71400.0
2019-05-26,2019052601002357,SANIMA,37,16,100,357.0,35700.0
2019-05-26,2019052601002356,SANIMA,45,16,200,357.0,71400.0
2019-05-26,2019052601002397,SBL,43,21,158,335.0,52930.0
2019-05-26,2019052601002396,SBL,33,21,450,336.0,151200.0
2019-05-26,2019052601002384,SBL,33,6,50,336.0,16800.0
2019-05-26,2019052601002355,SBL,43,41,100,335.0,33500.0
2019-05-26,2019052601002332,SBL,53,53,1102,335.0,369170.0
2019-05-26,2019052601002678,SCB,56,28,80,677.0,54160.0
2019-05-26,2019052601002554,SCB,49,3,10,675.0,6750.0
2019-05-26,2019052601002485,SCB,17,41,21,676.0,14196.0
2019-05-26,2019052601002469,SCB,49,55,58,675.0,39150.0
2019-05-26,2019052601002468,SCB,59,55,32,675.0,21600.0
2019-05-26,2019052601002748,SHIVM,38,58,100,577.0,57700.0
2019-05-26,2019052601002746,SHIVM,38,48,20,577.0,11540.0
2019-05-26,2019052601002745,SHIVM,38,49,225,577.0,129825.0
2019-05-26,2019052601002743,SHIVM,44,49,100,577.0,57700.0
2019-05-26,2019052601002741,SHIVM,38,49,105,577.0,60585.0
2019-05-26,2019052601002740,SHIVM,26,49,150,577.0,86550.0
2019-05-26,2019052601002324,SHIVM,34,58,50,563.0,28150.0
2019-05-26,2019052601002323,SHIVM,22,28,20,564.0,11280.0
2019-05-26,2019052601002307,SHIVM,34,45,400,563.0,225200.0
2019-05-26,2019052601002296,SHIVM,19,36,100,566.0,56600.0
2019-05-26,2019052601002379,SHIVM,38,47,80,563.0,45040.0
2019-05-26,2019052601002369,SHIVM,38,47,70,563.0,39410.0
2019-05-26,2019052601002349,SHIVM,38,47,70,563.0,39410.0
2019-05-26,2019052601002344,SHIVM,19,28,480,564.0,270720.0
2019-05-26,2019052601002339,SHIVM,38,35,100,563.0,56300.0
2019-05-26,2019052601002330,SHIVM,34,38,50,563.0,28150.0
2019-05-26,2019052601002426,SHIVM,36,47,80,563.0,45040.0
2019-05-26,2019052601002415,SHIVM,34,58,50,561.0,28050.0
2019-05-26,2019052601002404,SHIVM,34,51,20,561.0,11220.0
2019-05-26,2019052601002403,SHIVM,48,51,30,563.0,16890.0
2019-05-26,2019052601002401,SHIVM,48,19,70,563.0,39410.0
2019-05-26,2019052601002381,SHIVM,38,19,80,563.0,45040.0
2019-05-26,2019052601002432,SHIVM,36,6,150,566.0,84900.0
2019-05-26,2019052601002431,SHIVM,36,45,100,566.0,56600.0
2019-05-26,2019052601002430,SHIVM,36,4,50,565.0,28250.0
2019-05-26,2019052601002429,SHIVM,36,45,150,565.0,84750.0
2019-05-26,2019052601002428,SHIVM,36,45,250,565.0,141250.0
2019-05-26,2019052601002427,SHIVM,36,47,80,563.0,45040.0
2019-05-26,2019052601002495,SHIVM,51,32,460,570.0,262200.0
2019-05-26,2019052601002489,SHIVM,43,32,40,570.0,22800.0
2019-05-26,2019052601002488,SHIVM,43,58,100,570.0,57000.0
2019-05-26,2019052601002487,SHIVM,43,44,860,569.0,489340.0
2019-05-26,2019052601002434,SHIVM,36,44,140,569.0,79660.0
2019-05-26,2019052601002433,SHIVM,36,55,500,568.0,284000.0
2019-05-26,2019052601002515,SHIVM,57,34,70,574.0,40180.0
2019-05-26,2019052601002514,SHIVM,57,46,100,574.0,57400.0
2019-05-26,2019052601002513,SHIVM,57,10,1000,574.0,574000.0
2019-05-26,2019052601002512,SHIVM,57,47,90,573.0,51570.0
2019-05-26,2019052601002511,SHIVM,57,43,40,573.0,22920.0
2019-05-26,2019052601002502,SHIVM,43,34,60,573.0,34380.0
2019-05-26,2019052601002560,SHIVM,58,47,74,574.0,42476.0
2019-05-26,2019052601002559,SHIVM,36,46,500,577.0,288500.0
2019-05-26,2019052601002558,SHIVM,36,32,500,576.0,288000.0
2019-05-26,2019052601002549,SHIVM,57,44,1000,575.0,575000.0
2019-05-26,2019052601002543,SHIVM,58,34,31,574.0,17794.0
2019-05-26,2019052601002542,SHIVM,58,47,95,573.0,54435.0
2019-05-26,2019052601002614,SHIVM,51,42,15,579.0,8685.0
2019-05-26,2019052601002601,SHIVM,51,58,25,578.0,14450.0
2019-05-26,2019052601002600,SHIVM,51,28,400,578.0,231200.0
2019-05-26,2019052601002599,SHIVM,51,16,100,577.0,57700.0
2019-05-26,2019052601002581,SHIVM,1,47,100,574.0,57400.0
2019-05-26,2019052601002567,SHIVM,36,47,21,574.0,12054.0
2019-05-26,2019052601002635,SHIVM,43,41,100,580.0,58000.0
2019-05-26,2019052601002634,SHIVM,43,38,200,579.0,115800.0
2019-05-26,2019052601002633,SHIVM,43,42,85,579.0,49215.0
2019-05-26,2019052601002632,SHIVM,43,50,100,578.0,57800.0
2019-05-26,2019052601002631,SHIVM,43,47,102,578.0,58956.0
2019-05-26,2019052601002626,SHIVM,49,47,100,577.0,57700.0
2019-05-26,2019052601002651,SHIVM,21,6,200,585.0,117000.0
2019-05-26,2019052601002650,SHIVM,21,58,100,585.0,58500.0
2019-05-26,2019052601002648,SHIVM,43,46,300,580.0,174000.0
2019-05-26,2019052601002638,SHIVM,43,43,500,580.0,290000.0
2019-05-26,2019052601002637,SHIVM,43,19,50,580.0,29000.0
2019-05-26,2019052601002636,SHIVM,43,19,400,580.0,232000.0
2019-05-26,2019052601002669,SHIVM,21,58,15,589.0,8835.0
2019-05-26,2019052601002668,SHIVM,21,52,50,589.0,29450.0
2019-05-26,2019052601002667,SHIVM,21,17,25,588.0,14700.0
2019-05-26,2019052601002666,SHIVM,21,46,200,587.0,117400.0
2019-05-26,2019052601002655,SHIVM,43,57,170,580.0,98600.0
2019-05-26,2019052601002652,SHIVM,21,34,500,585.0,292500.0
2019-05-26,2019052601002696,SHIVM,14,58,30,580.0,17400.0
2019-05-26,2019052601002695,SHIVM,14,51,300,580.0,174000.0
2019-05-26,2019052601002694,SHIVM,14,14,100,580.0,58000.0
2019-05-26,2019052601002693,SHIVM,14,58,30,580.0,17400.0
2019-05-26,2019052601002692,SHIVM,14,46,300,579.0,173700.0
2019-05-26,2019052601002670,SHIVM,43,58,985,580.0,571300.0
2019-05-26,2019052601002733,SHIVM,57,58,595,580.0,345100.0
2019-05-26,2019052601002732,SHIVM,57,47,105,580.0,60900.0
2019-05-26,2019052601002729,SHIVM,57,58,300,580.0,174000.0
2019-05-26,2019052601002725,SHIVM,38,47,105,578.0,60690.0
2019-05-26,2019052601002715,SHIVM,14,58,200,580.0,116000.0
2019-05-26,2019052601002697,SHIVM,14,50,240,588.0,141120.0
2019-05-26,2019052601002557,SHPC,51,58,100,277.0,27700.0
2019-05-26,2019052601002482,SIC,8,53,70,1405.0,98350.0
2019-05-26,2019052601002414,SIC,8,56,90,1405.0,126450.0
2019-05-26,2019052601002444,SLBSL,38,38,10,557.0,5570.0
2019-05-26,2019052601002317,SLBSL,44,44,10,564.0,5640.0
2019-05-26,2019052601002316,SLBSL,44,29,90,564.0,50760.0
2019-05-26,2019052601002452,SLICL,44,25,1000,585.0,585000.0
2019-05-26,2019052601002451,SLICL,19,25,50,586.0,29300.0
2019-05-26,2019052601002450,SLICL,41,25,200,587.0,117400.0
2019-05-26,2019052601002449,SLICL,43,25,343,589.0,202027.0
2019-05-26,2019052601002448,SLICL,16,25,50,590.0,29500.0
2019-05-26,2019052601002749,UIC,49,26,30,965.0,28950.0
2019-05-26,2019052601002775,UPCL,3,58,250,96.0,24000.0
2019-05-26,2019052601002774,UPCL,3,53,50,96.0,4800.0
2019-05-26,2019052601002773,UPCL,3,53,50,96.0,4800.0
2019-05-26,2019052601002772,UPCL,3,17,50,96.0,4800.0
2019-05-26,2019052601002771,UPCL,3,40,40,96.0,3840.0
2019-05-26,2019052601002538,UPCL,13,45,40,95.0,3800.0
2019-05-26,2019052601002537,UPCL,59,45,10,95.0,950.0
2019-05-26,2019052601002416,UPCL,59,38,50,95.0,4750.0
2019-05-26,2019052601002348,UPCL,59,45,50,95.0,4750.0
2019-05-26,2019052601002763,UPPER,11,33,390,280.0,109200.0
2019-05-26,2019052601002762,UPPER,11,35,80,280.0,22400.0
2019-05-26,2019052601002761,UPPER,11,28,10,280.0,2800.0
2019-05-26,2019052601002735,UPPER,19,28,250,280.0,70000.0
2019-05-26,2019052601002385,UPPER,42,59,50,278.0,13900.0
2019-05-26,2019052601002373,UPPER,42,7,40,278.0,11120.0
2019-05-26,2019052601002338,UPPER,58,10,40,277.0,11080.0
2019-05-26,2019052601002314,UPPER,58,41,40,277.0,11080.0
2019-05-26,2019052601002409,UPPER,58,59,50,277.0,13850.0
2019-05-26,2019052601002395,UPPER,58,10,40,277.0,11080.0
2019-05-26,2019052601002394,UPPER,42,10,10,278.0,2780.0
2019-05-26,2019052601002392,UPPER,22,34,193,279.0,53847.0
2019-05-26,2019052601002391,UPPER,22,33,19,279.0,5301.0
2019-05-26,2019052601002390,UPPER,22,41,40,278.0,11120.0
2019-05-26,2019052601002564,UPPER,58,34,390,277.0,108030.0
2019-05-26,2019052601002555,UPPER,58,29,40,277.0,11080.0
2019-05-26,2019052601002424,UPPER,58,38,50,277.0,13850.0
2019-05-26,2019052601002423,UPPER,58,38,40,277.0,11080.0
2019-05-26,2019052601002422,UPPER,49,38,10,278.0,2780.0
2019-05-26,2019052601002627,UPPER,21,21,50,278.0,13900.0
2019-05-26,2019052601002618,UPPER,34,21,50,278.0,13900.0
2019-05-26,2019052601002591,UPPER,34,56,275,278.0,76450.0
2019-05-26,2019052601002590,UPPER,34,7,50,278.0,13900.0
2019-05-26,2019052601002572,UPPER,34,7,50,278.0,13900.0
2019-05-26,2019052601002565,UPPER,40,34,110,277.0,30470.0
2019-05-26,2019052601002703,UPPER,19,34,500,279.0,139500.0
2019-05-26,2019052601002700,UPPER,33,34,40,279.0,11160.0
2019-05-26,2019052601002684,UPPER,11,22,10,278.0,2780.0
2019-05-26,2019052601002679,UPPER,11,22,10,278.0,2780.0
2019-05-26,2019052601002671,UPPER,51,34,100,279.0,27900.0
2019-05-26,2019052601002727,UPPER,3,41,50,279.0,13950.0
2019-05-26,2019052601002717,UPPER,51,28,100,280.0,28000.0
2019-05-26,2019052601002714,UPPER,3,10,50,279.0,13950.0
2019-05-26,2019052601002711,UPPER,3,35,500,279.0,139500.0
2019-05-26,2019052601002710,UPPER,3,55,50,279.0,13950.0
2019-05-26,2019052601002709,UPPER,3,34,167,279.0,46593.0
2019-05-26,2019052601005253,ADBL,4,58,3000,425.0,1275000.0
2019-05-26,2019052601005252,ADBL,46,58,100,425.0,42500.0
2019-05-26,2019052601005251,ADBL,42,58,310,425.0,131750.0
2019-05-26,2019052601005250,ADBL,59,58,2000,425.0,850000.0
2019-05-26,2019052601005249,ADBL,49,58,500,425.0,212500.0
2019-05-26,2019052601005248,ADBL,4,58,2000,426.0,852000.0
2019-05-26,2019052601005099,ADBL,45,19,200,427.0,85400.0
2019-05-26,2019052601005247,ADBL,42,58,200,426.0,85200.0
2019-05-26,2019052601005246,ADBL,42,58,1000,426.0,426000.0
2019-05-26,2019052601005245,ADBL,58,58,2000,426.0,852000.0
2019-05-26,2019052601005244,ADBL,57,58,447,426.0,190422.0
2019-05-26,2019052601005241,ADBL,58,19,10,427.0,4270.0
2019-05-26,2019052601005170,ADBL,5,19,160,427.0,68320.0
2019-05-26,2019052601005231,AKPL,25,58,1000,197.0,197000.0
2019-05-26,2019052601005230,AKPL,39,58,100,198.0,19800.0
2019-05-26,2019052601005229,AKPL,57,58,22,198.0,4356.0
2019-05-26,2019052601005192,AKPL,55,48,187,200.0,37400.0
2019-05-26,2019052601005191,AKPL,55,57,11,200.0,2200.0
2019-05-26,2019052601005190,AKPL,55,59,21,200.0,4200.0
2019-05-26,2019052601005189,AKPL,55,45,10,200.0,2000.0
2019-05-26,2019052601004887,ALBSL,58,45,50,440.0,22000.0
2019-05-26,2019052601005156,ALBSL,57,38,10,441.0,4410.0
2019-05-26,2019052601005109,ALBSL,57,38,10,441.0,4410.0
2019-05-26,2019052601005095,ALBSL,5,45,10,443.0,4430.0
2019-05-26,2019052601004973,ALBSL,25,7,10,442.0,4420.0
2019-05-26,2019052601004950,ALBSL,57,48,10,442.0,4420.0
2019-05-26,2019052601004962,ALICL,38,26,881,425.0,374425.0
2019-05-26,2019052601004961,ALICL,38,11,150,424.0,63600.0
2019-05-26,2019052601004960,ALICL,38,8,64,424.0,27136.0
2019-05-26,2019052601005062,AMFI,6,8,10,555.0,5550.0
2019-05-26,2019052601005255,API,54,40,500,159.0,79500.0
2019-05-26,2019052601005237,API,42,40,72,160.0,11520.0
2019-05-26,2019052601005236,API,21,40,20,160.0,3200.0
2019-05-26,2019052601005196,API,42,1,28,161.0,4508.0
2019-05-26,2019052601004838,BARUN,28,56,200,98.0,19600.0
2019-05-26,2019052601005243,BOKL,52,47,29,274.0,7946.0
2019-05-26,2019052601005198,BPCL,45,43,400,422.0,168800.0
2019-05-26,2019052601004844,BPCL,34,47,40,425.0,17000.0
2019-05-26,2019052601004836,BPCL,34,47,40,425.0,17000.0
2019-05-26,2019052601004820,BPCL,34,47,40,425.0,17000.0
2019-05-26,2019052601004813,BPCL,34,47,40,425.0,17000.0
2019-05-26,2019052601004799,BPCL,43,47,35,424.0,14840.0
2019-05-26,2019052601004798,BPCL,43,36,500,424.0,212000.0
2019-05-26,2019052601004892,BPCL,43,47,40,424.0,16960.0
2019-05-26,2019052601004882,BPCL,43,47,13,424.0,5512.0
2019-05-26,2019052601004881,BPCL,34,47,27,425.0,11475.0
2019-05-26,2019052601004870,BPCL,34,47,40,425.0,17000.0
2019-05-26,2019052601004861,BPCL,34,49,33,425.0,14025.0
2019-05-26,2019052601004859,BPCL,34,47,40,425.0,17000.0
2019-05-26,2019052601004968,BPCL,43,47,130,424.0,55120.0
2019-05-26,2019052601004958,BPCL,43,47,80,424.0,33920.0
2019-05-26,2019052601004956,BPCL,43,47,70,424.0,29680.0
2019-05-26,2019052601004940,BPCL,43,47,70,424.0,29680.0
2019-05-26,2019052601004930,BPCL,43,47,55,424.0,23320.0
2019-05-26,2019052601004901,BPCL,43,47,40,424.0,16960.0
2019-05-26,2019052601005128,BPCL,7,36,500,422.0,211000.0
2019-05-26,2019052601005127,BPCL,45,36,593,423.0,250839.0
2019-05-26,2019052601005126,BPCL,29,36,100,423.0,42300.0
2019-05-26,2019052601005125,BPCL,54,36,28,423.0,11844.0
2019-05-26,2019052601004986,BPCL,54,32,22,423.0,9306.0
2019-05-26,2019052601004981,BPCL,43,47,46,424.0,19504.0
2019-05-26,2019052601005149,BPCL,45,47,170,424.0,72080.0
2019-05-26,2019052601005148,BPCL,45,47,140,424.0,59360.0
2019-05-26,2019052601005147,BPCL,45,47,154,424.0,65296.0
2019-05-26,2019052601005139,BPCL,29,8,33,422.0,13926.0
2019-05-26,2019052601005130,BPCL,29,36,279,422.0,117738.0
2019-05-26,2019052601005129,BPCL,7,36,500,422.0,211000.0
2019-05-26,2019052601005165,CBBL,26,39,100,960.0,96000.0
2019-05-26,2019052601005293,CBL,51,44,62,147.0,9114.0
2019-05-26,2019052601005199,CBL,51,33,93,147.0,13671.0
2019-05-26,2019052601005004,CBL,42,35,4464,147.0,656208.0
2019-05-26,2019052601004874,CBL,35,55,1865,146.0,272290.0
2019-05-26,2019052601004873,CBL,1,55,500,146.0,73000.0
2019-05-26,2019052601004872,CBL,59,55,500,146.0,73000.0
2019-05-26,2019052601004871,CBL,25,55,23,146.0,3358.0
2019-05-26,2019052601004862,CBL,25,26,257,146.0,37522.0
2019-05-26,2019052601005226,CCBL,58,53,30,169.0,5070.0
2019-05-26,2019052601004883,CCBL,26,45,46,168.0,7728.0
2019-05-26,2019052601004845,CHLBS,42,38,10,446.0,4460.0
2019-05-26,2019052601005206,CZBIL,10,14,300,228.0,68400.0
2019-05-26,2019052601005205,CZBIL,47,14,200,228.0,45600.0
2019-05-26,2019052601005204,CZBIL,16,14,2000,228.0,456000.0
2019-05-26,2019052601005203,CZBIL,17,14,1287,228.0,293436.0
2019-05-26,2019052601005200,CZBIL,58,51,30,229.0,6870.0
2019-05-26,2019052601005194,CZBIL,49,51,500,229.0,114500.0
2019-05-26,2019052601005138,CZBIL,49,51,454,229.0,103966.0
2019-05-26,2019052601005094,CZBIL,49,49,46,229.0,10534.0
2019-05-26,2019052601005011,CZBIL,44,41,500,229.0,114500.0
2019-05-26,2019052601004976,DHPL,56,49,21,72.0,1512.0
2019-05-26,2019052601005273,FMDBL,42,56,100,410.0,41000.0
2019-05-26,2019052601005111,GBBL,51,22,50,224.0,11200.0
2019-05-26,2019052601005110,GBBL,28,22,185,224.0,41440.0
2019-05-26,2019052601004896,GBBL,28,57,115,224.0,25760.0
2019-05-26,2019052601005281,GBIME,49,46,14,308.0,4312.0
2019-05-26,2019052601005280,GBIME,49,44,40,308.0,12320.0
2019-05-26,2019052601005213,GBIME,58,44,30,308.0,9240.0
2019-05-26,2019052601005169,GBIME,43,44,250,308.0,77000.0
2019-05-26,2019052601005114,GBIME,43,44,80,308.0,24640.0
2019-05-26,2019052601005071,GBIME,58,5,17,307.0,5219.0
2019-05-26,2019052601005033,GBIME,47,44,1000,308.0,308000.0
2019-05-26,2019052601005016,GBIME,32,44,200,308.0,61600.0
2019-05-26,2019052601005197,GBLBS,6,51,100,380.0,38000.0
2019-05-26,2019052601005193,GBLBS,47,51,100,380.0,38000.0
2019-05-26,2019052601004988,GBLBS,6,19,70,379.0,26530.0
2019-05-26,2019052601004987,GBLBS,38,19,30,379.0,11370.0
2019-05-26,2019052601004906,GBLBS,52,51,30,380.0,11400.0
2019-05-26,2019052601005179,GHL,29,32,20,91.0,1820.0
2019-05-26,2019052601005178,GHL,14,32,10,92.0,920.0
2019-05-26,2019052601005096,GHL,14,47,20,92.0,1840.0
2019-05-26,2019052601005074,GHL,14,47,30,92.0,2760.0
2019-05-26,2019052601005054,GHL,14,47,30,92.0,2760.0
2019-05-26,2019052601004991,GHL,55,47,30,92.0,2760.0
2019-05-26,2019052601005276,GILB,58,35,17,1376.0,23392.0
2019-05-26,2019052601005163,GILB,58,1,21,1376.0,28896.0
2019-05-26,2019052601004967,GILB,58,46,95,1376.0,130720.0
2019-05-26,2019052601004951,GILB,58,20,21,1376.0,28896.0
2019-05-26,2019052601004890,GILB,58,46,21,1376.0,28896.0
2019-05-26,2019052601004886,GILB,58,26,21,1376.0,28896.0
2019-05-26,2019052601004796,GILB,19,46,21,1376.0,28896.0
2019-05-26,2019052601004879,GILB,50,26,29,1376.0,39904.0
2019-05-26,2019052601004878,GILB,50,45,21,1376.0,28896.0
2019-05-26,2019052601004847,GILB,58,45,65,1376.0,89440.0
2019-05-26,2019052601004846,GILB,19,45,31,1376.0,42656.0
2019-05-26,2019052601004840,GILB,19,25,21,1376.0,28896.0
2019-05-26,2019052601004831,GILB,19,25,21,1376.0,28896.0
2019-05-26,2019052601005177,GLICL,21,34,33,553.0,18249.0
2019-05-26,2019052601004801,GUFL,6,6,30,115.0,3450.0
2019-05-26,2019052601004800,GUFL,40,6,10,115.0,1150.0
2019-05-26,2019052601005292,HBL,6,38,100,587.0,58700.0
2019-05-26,2019052601005045,HBL,6,51,100,587.0,58700.0
2019-05-26,2019052601005031,HBL,34,34,72,583.0,41976.0
2019-05-26,2019052601005030,HBL,14,34,200,583.0,116600.0
2019-05-26,2019052601005029,HBL,7,34,500,584.0,292000.0
2019-05-26,2019052601005028,HBL,53,34,100,585.0,58500.0
2019-05-26,2019052601005027,HBL,39,34,50,586.0,29300.0
2019-05-26,2019052601005026,HBL,25,34,50,586.0,29300.0
2019-05-26,2019052601005025,HBL,22,34,28,586.0,16408.0
2019-05-26,2019052601004885,HBL,6,13,300,587.0,176100.0
2019-05-26,2019052601005086,HDL,26,58,500,1686.0,843000.0
2019-05-26,2019052601005085,HDL,7,58,100,1686.0,168600.0
2019-05-26,2019052601005084,HDL,7,58,100,1686.0,168600.0
2019-05-26,2019052601005083,HDL,49,58,100,1686.0,168600.0
2019-05-26,2019052601005082,HDL,7,58,100,1686.0,168600.0
2019-05-26,2019052601005081,HDL,34,58,20,1688.0,33760.0
2019-05-26,2019052601005050,HDL,22,58,50,1719.0,85950.0
2019-05-26,2019052601004935,HDL,55,42,200,1720.0,344000.0
2019-05-26,2019052601004934,HDL,56,42,30,1730.0,51900.0
2019-05-26,2019052601004933,HDL,52,42,100,1730.0,173000.0
2019-05-26,2019052601004932,HDL,21,42,50,1735.0,86750.0
2019-05-26,2019052601005060,HDL,32,42,40,1715.0,68600.0
2019-05-26,2019052601005059,HDL,49,42,50,1715.0,85750.0
2019-05-26,2019052601005058,HDL,10,42,50,1715.0,85750.0
2019-05-26,2019052601005057,HDL,25,42,50,1715.0,85750.0
2019-05-26,2019052601005056,HDL,45,42,50,1717.0,85850.0
2019-05-26,2019052601005055,HDL,22,42,50,1717.0,85850.0
2019-05-26,2019052601005080,HDL,48,58,10,1690.0,16900.0
2019-05-26,2019052601005070,HDL,26,58,30,1700.0,51000.0
2019-05-26,2019052601005069,HDL,56,58,50,1700.0,85000.0
2019-05-26,2019052601005068,HDL,48,58,200,1706.0,341200.0
2019-05-26,2019052601005067,HDL,35,58,10,1707.0,17070.0
2019-05-26,2019052601005066,HDL,54,58,20,1710.0,34200.0
2019-05-26,2019052601005232,HIDCL,44,45,60,166.0,9960.0
2019-05-26,2019052601005168,HIDCL,19,42,59,168.0,9912.0
2019-05-26,2019052601005167,HIDCL,19,45,31,168.0,5208.0
2019-05-26,2019052601005166,HIDCL,19,45,15,167.0,2505.0
2019-05-26,2019052601005164,HIDCL,44,45,61,166.0,10126.0
2019-05-26,2019052601005093,HIDCL,44,45,18,166.0,2988.0
2019-05-26,2019052601004876,HIDCL,19,43,300,166.0,49800.0
2019-05-26,2019052601005140,HPPL,1,38,10,186.0,1860.0
2019-05-26,2019052601005098,HPPL,1,38,10,186.0,1860.0
2019-05-26,2019052601005042,HPPL,1,32,10,185.0,1850.0
2019-05-26,2019052601004995,HPPL,1,38,10,185.0,1850.0
2019-05-26,2019052601004835,HPPL,1,38,20,185.0,3700.0
2019-05-26,2019052601005285,HURJA,56,47,10,124.0,1240.0
2019-05-26,2019052601005284,HURJA,21,47,10,124.0,1240.0
2019-05-26,2019052601005282,HURJA,21,47,20,124.0,2480.0
2019-05-26,2019052601005279,HURJA,21,47,20,124.0,2480.0
2019-05-26,2019052601005275,HURJA,25,34,3660,125.0,457500.0
2019-05-26,2019052601005272,HURJA,21,47,20,124.0,2480.0
2019-05-26,2019052601004868,HURJA,25,21,20,125.0,2500.0
2019-05-26,2019052601004864,HURJA,25,46,20,125.0,2500.0
2019-05-26,2019052601004849,HURJA,25,21,20,125.0,2500.0
2019-05-26,2019052601004834,HURJA,25,21,20,125.0,2500.0
2019-05-26,2019052601004830,HURJA,25,21,20,125.0,2500.0
2019-05-26,2019052601004923,HURJA,40,21,20,126.0,2520.0
2019-05-26,2019052601004922,HURJA,40,21,20,126.0,2520.0
2019-05-26,2019052601004921,HURJA,40,16,20,126.0,2520.0
2019-05-26,2019052601004920,HURJA,40,16,20,126.0,2520.0
2019-05-26,2019052601004893,HURJA,10,38,610,126.0,76860.0
2019-05-26,2019052601004884,HURJA,25,39,20,125.0,2500.0
2019-05-26,2019052601004929,HURJA,40,49,20,126.0,2520.0
2019-05-26,2019052601004928,HURJA,40,16,10,126.0,1260.0
2019-05-26,2019052601004927,HURJA,40,16,20,126.0,2520.0
2019-05-26,2019052601004926,HURJA,40,16,20,126.0,2520.0
2019-05-26,2019052601004925,HURJA,40,16,20,126.0,2520.0
2019-05-26,2019052601004924,HURJA,40,16,20,126.0,2520.0
2019-05-26,2019052601005020,HURJA,25,32,20,125.0,2500.0
2019-05-26,2019052601005018,HURJA,25,35,20,125.0,2500.0
2019-05-26,2019052601005015,HURJA,25,44,20,125.0,2500.0
2019-05-26,2019052601004980,HURJA,25,39,20,125.0,2500.0
2019-05-26,2019052601004971,HURJA,40,35,810,126.0,102060.0
2019-05-26,2019052601005185,HURJA,58,34,950,126.0,119700.0
2019-05-26,2019052601005097,HURJA,58,44,10,126.0,1260.0
2019-05-26,2019052601005073,HURJA,58,40,20,126.0,2520.0
2019-05-26,2019052601005061,HURJA,58,44,20,126.0,2520.0
2019-05-26,2019052601005043,HURJA,25,44,20,125.0,2500.0
2019-05-26,2019052601005266,HURJA,21,47,20,124.0,2480.0
2019-05-26,2019052601005256,HURJA,21,47,20,124.0,2480.0
2019-05-26,2019052601005242,HURJA,21,47,20,124.0,2480.0
2019-05-26,2019052601005188,HURJA,17,34,2600,125.0,325000.0
2019-05-26,2019052601005187,HURJA,25,34,120,125.0,15000.0
2019-05-26,2019052601005186,HURJA,49,34,100,126.0,12600.0
2019-05-26,2019052601005263,JBNL,44,56,361,210.0,75810.0
2019-05-26,2019052601005262,JBNL,44,25,566,210.0,118860.0
2019-05-26,2019052601005261,JBNL,44,47,1246,210.0,261660.0
2019-05-26,2019052601005150,JBNL,48,43,13,209.0,2717.0
2019-05-26,2019052601005134,JBNL,10,47,300,210.0,63000.0
2019-05-26,2019052601005019,JBNL,48,17,17,209.0,3553.0
2019-05-26,2019052601004966,JBNL,48,17,17,209.0,3553.0
2019-05-26,2019052601004953,JBNL,48,19,17,209.0,3553.0
2019-05-26,2019052601004952,JBNL,25,19,983,209.0,205447.0
2019-05-26,2019052601004904,JBNL,25,17,17,209.0,3553.0
2019-05-26,2019052601004897,JBNL,47,17,27,209.0,5643.0
2019-05-26,2019052601004888,JBNL,47,17,27,209.0,5643.0
2019-05-26,2019052601005010,JBNL,48,17,17,209.0,3553.0
2019-05-26,2019052601005003,JBNL,48,17,17,209.0,3553.0
2019-05-26,2019052601004992,JBNL,48,17,17,209.0,3553.0
2019-05-26,2019052601004985,JBNL,48,17,17,209.0,3553.0
2019-05-26,2019052601004979,JBNL,48,17,17,209.0,3553.0
2019-05-26,2019052601004977,JBNL,48,17,27,209.0,5643.0
2019-05-26,2019052601005202,JSLBB,48,22,14,2074.0,29036.0
2019-05-26,2019052601005201,JSLBB,48,7,14,2074.0,29036.0
2019-05-26,2019052601004856,KBBL,42,1,1700,226.0,384200.0
2019-05-26,2019052601004855,KBBL,42,1,250,225.0,56250.0
2019-05-26,2019052601004854,KBBL,42,32,94,225.0,21150.0
2019-05-26,2019052601005259,KBL,43,55,315,217.0,68355.0
2019-05-26,2019052601005258,KBL,4,55,50,217.0,10850.0
2019-05-26,2019052601005257,KBL,59,55,148,217.0,32116.0
2019-05-26,2019052601005046,KBL,59,55,97,217.0,21049.0
2019-05-26,2019052601005002,KBL,1,55,500,218.0,109000.0
2019-05-26,2019052601005239,KKHC,42,45,16,72.0,1152.0
2019-05-26,2019052601005154,KKHC,42,45,16,72.0,1152.0
2019-05-26,2019052601005207,KNBL,45,42,100,140.0,14000.0
2019-05-26,2019052601005184,KRBL,58,38,26,111.0,2886.0
2019-05-26,2019052601004843,KSBBL,49,57,75,158.0,11850.0
2019-05-26,2019052601004842,KSBBL,49,26,1000,158.0,158000.0
2019-05-26,2019052601004841,KSBBL,49,38,660,158.0,104280.0
2019-05-26,2019052601004795,LBL,55,16,1000,224.0,224000.0
2019-05-26,2019052601005277,MBL,59,55,404,268.0,108272.0
2019-05-26,2019052601004810,MBL,59,19,500,268.0,134000.0
2019-05-26,2019052601004809,MBL,19,19,500,268.0,134000.0
2019-05-26,2019052601004808,MBL,47,19,1000,268.0,268000.0
2019-05-26,2019052601005079,MEGA,29,39,895,197.0,176315.0
2019-05-26,2019052601005078,MEGA,34,39,1000,197.0,197000.0
2019-05-26,2019052601005077,MEGA,34,39,500,197.0,98500.0
2019-05-26,2019052601005076,MEGA,32,39,50,197.0,9850.0
2019-05-26,2019052601005075,MEGA,54,39,55,197.0,10835.0
2019-05-26,2019052601005005,MEGA,54,40,50,197.0,9850.0
2019-05-26,2019052601004984,MEGA,54,40,50,197.0,9850.0
2019-05-26,2019052601004972,MEGA,54,40,50,197.0,9850.0
2019-05-26,2019052601004959,MEGA,54,40,50,197.0,9850.0
2019-05-26,2019052601005153,MHNL,38,38,10,102.0,1020.0
2019-05-26,2019052601005152,MHNL,59,38,490,102.0,49980.0
2019-05-26,2019052601004895,MHNL,59,49,10,102.0,1020.0
2019-05-26,2019052601004894,MHNL,59,49,20,102.0,2040.0
2019-05-26,2019052601004807,MHNL,48,32,40,103.0,4120.0
2019-05-26,2019052601004853,MLBL,6,57,130,198.0,25740.0
2019-05-26,2019052601004852,MLBL,6,47,270,198.0,53460.0
2019-05-26,2019052601004851,MLBL,6,7,136,198.0,26928.0
2019-05-26,2019052601004850,MLBL,6,17,129,198.0,25542.0
2019-05-26,2019052601005021,MNBBL,42,39,38,376.0,14288.0
2019-05-26,2019052601005034,MPFL,21,26,20,229.0,4580.0
2019-05-26,2019052601005183,NABIL,5,59,210,840.0,176400.0
2019-05-26,2019052601005182,NABIL,5,41,200,839.0,167800.0
2019-05-26,2019052601005092,NABILP,42,4,880,810.0,712800.0
2019-05-26,2019052601005064,NABILP,42,55,97,808.0,78376.0
2019-05-26,2019052601005063,NABILP,42,47,264,808.0,213312.0
2019-05-26,2019052601004931,NABILP,25,55,50,806.0,40300.0
2019-05-26,2019052601005102,NADEP,57,38,20,450.0,9000.0
2019-05-26,2019052601005014,NADEP,29,38,10,450.0,4500.0
2019-05-26,2019052601005013,NADEP,47,38,10,451.0,4510.0
2019-05-26,2019052601004797,NADEP,47,38,20,451.0,9020.0
2019-05-26,2019052601005112,NBB,34,45,18,225.0,4050.0
2019-05-26,2019052601005101,NBB,34,45,18,225.0,4050.0
2019-05-26,2019052601005017,NBB,34,45,18,225.0,4050.0
2019-05-26,2019052601004902,NBB,49,51,100,226.0,22600.0
2019-05-26,2019052601005278,NBL,14,22,500,337.0,168500.0
2019-05-26,2019052601005032,NBL,14,45,46,337.0,15502.0
2019-05-26,2019052601004965,NBL,42,38,37,338.0,12506.0
2019-05-26,2019052601004857,NBL,42,56,363,338.0,122694.0
2019-05-26,2019052601004848,NBL,57,56,300,338.0,101400.0
2019-05-26,2019052601004826,NBL,7,56,200,338.0,67600.0
2019-05-26,2019052601004825,NBL,37,56,250,338.0,84500.0
2019-05-26,2019052601004824,NBL,41,56,100,338.0,33800.0
2019-05-26,2019052601004823,NBL,7,56,200,338.0,67600.0
2019-05-26,2019052601004822,NBL,45,56,50,338.0,16900.0
2019-05-26,2019052601004821,NBL,14,56,100,338.0,33800.0
2019-05-26,2019052601005123,NCCB,41,10,100,262.0,26200.0
2019-05-26,2019052601004993,NCCB,16,44,50,263.0,13150.0
2019-05-26,2019052601005132,NHPC,56,19,500,72.0,36000.0
2019-05-26,2019052601005235,NIB,58,45,10,537.0,5370.0
2019-05-26,2019052601005171,NIB,51,29,28,536.0,15008.0
2019-05-26,2019052601005160,NIB,49,29,28,536.0,15008.0
2019-05-26,2019052601005143,NIB,49,29,22,536.0,11792.0
2019-05-26,2019052601005142,NIB,35,29,10,536.0,5360.0
2019-05-26,2019052601005254,NICA,54,25,62,482.0,29884.0
2019-05-26,2019052601005234,NICA,56,35,20,483.0,9660.0
2019-05-26,2019052601005135,NICA,54,43,300,482.0,144600.0
2019-05-26,2019052601005124,NICA,54,44,300,482.0,144600.0
2019-05-26,2019052601004889,NICA,6,1,112,481.0,53872.0
2019-05-26,2019052601005133,NIL,1,38,150,515.0,77250.0
2019-05-26,2019052601005038,NIL,43,38,30,515.0,15450.0
2019-05-26,2019052601005037,NIL,43,38,100,515.0,51500.0
2019-05-26,2019052601005036,NIL,1,38,80,515.0,41200.0
2019-05-26,2019052601005035,NIL,43,38,60,515.0,30900.0
2019-05-26,2019052601004818,NIL,13,38,200,515.0,103000.0
2019-05-26,2019052601004817,NIL,35,38,100,515.0,51500.0
2019-05-26,2019052601004955,NIL,43,25,20,516.0,10320.0
2019-05-26,2019052601004937,NIL,43,25,50,516.0,25800.0
2019-05-26,2019052601004903,NIL,43,25,30,516.0,15480.0
2019-05-26,2019052601004891,NIL,43,38,20,515.0,10300.0
2019-05-26,2019052601004875,NIL,43,38,80,515.0,41200.0
2019-05-26,2019052601004819,NIL,45,38,100,515.0,51500.0
2019-05-26,2019052601005175,NLG,19,55,75,803.0,60225.0
2019-05-26,2019052601005174,NLG,29,55,20,803.0,16060.0
2019-05-26,2019052601005173,NLG,6,55,100,803.0,80300.0
2019-05-26,2019052601005172,NLG,49,55,70,803.0,56210.0
2019-05-26,2019052601005151,NLG,53,55,50,804.0,40200.0
2019-05-26,2019052601005267,NLIC,52,52,100,938.0,93800.0
2019-05-26,2019052601004805,NLIC,42,55,124,939.0,116436.0
2019-05-26,2019052601004804,NLIC,42,52,164,939.0,153996.0
2019-05-26,2019052601004803,NLIC,42,16,500,939.0,469500.0
2019-05-26,2019052601004802,NLIC,42,38,298,939.0,279822.0
2019-05-26,2019052601005007,NNLB,57,37,14,400.0,5600.0
2019-05-26,2019052601005090,NTC,43,44,1100,732.0,805200.0
2019-05-26,2019052601005089,NTC,42,44,200,732.0,146400.0
2019-05-26,2019052601005088,NTC,34,44,10,733.0,7330.0
2019-05-26,2019052601005087,NTC,34,44,500,733.0,366500.0
2019-05-26,2019052601005023,NUBL,22,17,20,855.0,17100.0
2019-05-26,2019052601005024,NUBL,45,17,160,855.0,136800.0
2019-05-26,2019052601005225,PCBL,32,20,30,313.0,9390.0
2019-05-26,2019052601005224,PCBL,26,20,475,313.0,148675.0
2019-05-26,2019052601005223,PCBL,38,20,100,313.0,31300.0
2019-05-26,2019052601005222,PCBL,19,20,205,313.0,64165.0
2019-05-26,2019052601005221,PCBL,29,20,300,313.0,93900.0
2019-05-26,2019052601005220,PCBL,52,20,500,313.0,156500.0
2019-05-26,2019052601005048,PCBL,19,22,100,315.0,31500.0
2019-05-26,2019052601005047,PCBL,19,53,200,315.0,63000.0
2019-05-26,2019052601004837,PCBL,37,53,100,315.0,31500.0
2019-05-26,2019052601005219,PCBL,11,20,300,313.0,93900.0
2019-05-26,2019052601005218,PCBL,45,20,100,313.0,31300.0
2019-05-26,2019052601005217,PCBL,11,20,75,313.0,23475.0
2019-05-26,2019052601005216,PCBL,43,20,651,313.0,203763.0
2019-05-26,2019052601005215,PCBL,17,20,204,314.0,64056.0
2019-05-26,2019052601005159,PCBL,17,43,96,314.0,30144.0
2019-05-26,2019052601004978,PIC,5,1,40,1209.0,48360.0
2019-05-26,2019052601005291,PLIC,58,47,100,467.0,46700.0
2019-05-26,2019052601005145,PMHPL,56,38,10,110.0,1100.0
2019-05-26,2019052601005108,PMHPL,56,59,10,111.0,1110.0
2019-05-26,2019052601005107,PMHPL,56,28,10,111.0,1110.0
2019-05-26,2019052601005106,PMHPL,56,59,10,111.0,1110.0
2019-05-26,2019052601005105,PMHPL,56,59,10,111.0,1110.0
2019-05-26,2019052601005072,PMHPL,56,32,10,110.0,1100.0
2019-05-26,2019052601005051,PMHPL,56,38,10,110.0,1100.0
2019-05-26,2019052601004905,PMHPL,56,49,10,110.0,1100.0
2019-05-26,2019052601004839,PMHPL,56,38,10,110.0,1100.0
2019-05-26,2019052601004806,PMHPL,56,38,10,110.0,1100.0
2019-05-26,2019052601005290,PRVU,32,11,155,277.0,42935.0
2019-05-26,2019052601005041,PRVU,47,57,367,278.0,102026.0
2019-05-26,2019052601005040,PRVU,47,34,396,278.0,110088.0
2019-05-26,2019052601005039,PRVU,47,55,37,277.0,10249.0
2019-05-26,2019052601004990,PRVU,40,55,200,277.0,55400.0
2019-05-26,2019052601004989,PRVU,45,55,342,277.0,94734.0
2019-05-26,2019052601004917,PRVU,45,1,158,277.0,43766.0
2019-05-26,2019052601004916,PRVU,35,1,24,277.0,6648.0
2019-05-26,2019052601004863,RBCLPO,59,41,10,9925.0,99250.0
2019-05-26,2019052601005180,RHPC,39,40,50,98.0,4900.0
2019-05-26,2019052601005265,RLFL,40,56,200,140.0,28000.0
2019-05-26,2019052601005264,RLFL,40,32,1649,140.0,230860.0
2019-05-26,2019052601005141,RLFL,34,58,997,139.0,138583.0
2019-05-26,2019052601004936,RLFL,48,56,212,138.0,29256.0
2019-05-26,2019052601005104,RRHP,59,8,10,96.0,960.0
2019-05-26,2019052601004860,SAEF,34,45,1000,9.8,9800.0
2019-05-26,2019052601005162,SANIMA,51,47,20,357.0,7140.0
2019-05-26,2019052601005161,SANIMA,25,47,262,357.0,93534.0
2019-05-26,2019052601005144,SANIMA,25,53,50,357.0,17850.0
2019-05-26,2019052601005044,SANIMA,25,40,448,357.0,159936.0
2019-05-26,2019052601004898,SANIMA,25,5,240,357.0,85680.0
2019-05-26,2019052601004869,SANIMA,14,19,50,356.0,17800.0
2019-05-26,2019052601005233,SBL,58,33,210,336.0,70560.0
2019-05-26,2019052601005228,SEF,47,10,5000,9.81,49050.0
2019-05-26,2019052601005227,SEF,47,45,1000,9.8,9800.0
2019-05-26,2019052601005274,SHIVM,32,16,50,560.0,28000.0
2019-05-26,2019052601005271,SHIVM,57,26,30,563.0,16890.0
2019-05-26,2019052601005270,SHIVM,57,51,70,562.0,39340.0
2019-05-26,2019052601005269,SHIVM,57,37,50,560.0,28000.0
2019-05-26,2019052601005268,SHIVM,56,56,50,559.0,27950.0
2019-05-26,2019052601005238,SHIVM,56,56,50,559.0,27950.0
2019-05-26,2019052601004816,SHIVM,43,1,300,568.0,170400.0
2019-05-26,2019052601004899,SHIVM,14,58,35,566.0,19810.0
2019-05-26,2019052601004867,SHIVM,39,56,50,567.0,28350.0
2019-05-26,2019052601004866,SHIVM,43,56,104,567.0,58968.0
2019-05-26,2019052601004865,SHIVM,43,48,150,567.0,85050.0
2019-05-26,2019052601004833,SHIVM,53,56,50,568.0,28400.0
2019-05-26,2019052601004832,SHIVM,43,56,410,568.0,232880.0
2019-05-26,2019052601004911,SHIVM,44,58,1000,564.0,564000.0
2019-05-26,2019052601004910,SHIVM,53,58,150,564.0,84600.0
2019-05-26,2019052601004909,SHIVM,45,58,1000,565.0,565000.0
2019-05-26,2019052601004908,SHIVM,50,58,200,565.0,113000.0
2019-05-26,2019052601004907,SHIVM,42,58,185,565.0,104525.0
2019-05-26,2019052601004900,SHIVM,42,58,315,565.0,177975.0
2019-05-26,2019052601004942,SHIVM,57,58,100,561.0,56100.0
2019-05-26,2019052601004941,SHIVM,28,58,485,562.0,272570.0
2019-05-26,2019052601004915,SHIVM,28,58,15,562.0,8430.0
2019-05-26,2019052601004914,SHIVM,16,58,100,562.0,56200.0
2019-05-26,2019052601004913,SHIVM,14,58,50,563.0,28150.0
2019-05-26,2019052601004912,SHIVM,46,58,300,563.0,168900.0
2019-05-26,2019052601004948,SHIVM,46,58,500,560.0,280000.0
2019-05-26,2019052601004947,SHIVM,33,58,100,560.0,56000.0
2019-05-26,2019052601004946,SHIVM,45,58,1000,560.0,560000.0
2019-05-26,2019052601004945,SHIVM,52,58,100,560.0,56000.0
2019-05-26,2019052601004944,SHIVM,6,58,200,561.0,112200.0
2019-05-26,2019052601004943,SHIVM,46,58,200,561.0,112200.0
2019-05-26,2019052601004970,SHIVM,16,58,250,559.0,139750.0
2019-05-26,2019052601004969,SHIVM,26,58,50,559.0,27950.0
2019-05-26,2019052601004963,SHIVM,45,17,50,565.0,28250.0
2019-05-26,2019052601004957,SHIVM,45,58,185,560.0,103600.0
2019-05-26,2019052601004954,SHIVM,46,58,185,562.0,103970.0
2019-05-26,2019052601004949,SHIVM,45,58,315,560.0,176400.0
2019-05-26,2019052601005118,SHIVM,45,58,250,558.0,139500.0
2019-05-26,2019052601005117,SHIVM,34,58,500,558.0,279000.0
2019-05-26,2019052601005116,SHIVM,14,58,100,558.0,55800.0
2019-05-26,2019052601005115,SHIVM,45,58,100,559.0,55900.0
2019-05-26,2019052601004996,SHIVM,46,58,200,559.0,111800.0
2019-05-26,2019052601004974,SHIVM,16,58,150,559.0,83850.0
2019-05-26,2019052601005208,SHIVM,56,56,50,559.0,27950.0
2019-05-26,2019052601005157,SHIVM,46,58,200,557.0,111400.0
2019-05-26,2019052601005131,SHIVM,34,58,100,558.0,55800.0
2019-05-26,2019052601005121,SHIVM,34,58,400,558.0,223200.0
2019-05-26,2019052601005120,SHIVM,34,58,100,558.0,55800.0
2019-05-26,2019052601005119,SHIVM,28,58,100,558.0,55800.0
2019-05-26,2019052601005012,SHL,45,25,145,245.0,35525.0
2019-05-26,2019052601005137,SHPC,51,50,79,278.0,21962.0
2019-05-26,2019052601005136,SHPC,51,57,21,278.0,5838.0
2019-05-26,2019052601005065,SHPC,33,17,66,275.0,18150.0
2019-05-26,2019052601005260,SIC,17,34,50,1411.0,70550.0
2019-05-26,2019052601005211,SIC,53,34,40,1412.0,56480.0
2019-05-26,2019052601005210,SIC,11,34,30,1412.0,42360.0
2019-05-26,2019052601005209,SIC,46,34,30,1413.0,42390.0
2019-05-26,2019052601004975,SICL,54,39,30,862.0,25860.0
2019-05-26,2019052601004880,SIFC,38,58,1000,156.0,156000.0
2019-05-26,2019052601004938,SLBSL,44,58,10,558.0,5580.0
2019-05-26,2019052601005122,SLICL,34,58,75,590.0,44250.0
2019-05-26,2019052601005001,SLICL,25,58,40,590.0,23600.0
2019-05-26,2019052601005000,SLICL,16,58,700,590.0,413000.0
2019-05-26,2019052601004999,SLICL,22,58,100,591.0,59100.0
2019-05-26,2019052601004998,SLICL,22,58,85,591.0,50235.0
2019-05-26,2019052601004982,SLICL,22,10,15,591.0,8865.0
2019-05-26,2019052601005283,SMB,47,35,10,540.0,5400.0
2019-05-26,2019052601005212,SMB,47,16,10,540.0,5400.0
2019-05-26,2019052601005195,SMB,47,16,10,540.0,5400.0
2019-05-26,2019052601005176,SMB,47,16,10,540.0,5400.0
2019-05-26,2019052601004919,SMB,42,47,10,545.0,5450.0
2019-05-26,2019052601004918,SMB,42,48,80,545.0,43600.0
2019-05-26,2019052601005181,SRBL,42,43,28,258.0,7224.0
2019-05-26,2019052601005100,SRBL,42,55,373,258.0,96234.0
2019-05-26,2019052601005294,UIC,7,57,50,1003.0,50150.0
2019-05-26,2019052601005146,UIC,32,6,200,1010.0,202000.0
2019-05-26,2019052601004964,UIC,57,28,75,1010.0,75750.0
2019-05-26,2019052601004812,UIC,16,59,200,1001.0,200200.0
2019-05-26,2019052601004811,UIC,39,59,65,1010.0,65650.0
2019-05-26,2019052601005286,UMHL,13,25,10,119.0,1190.0
2019-05-26,2019052601005009,UMHL,29,1,27,120.0,3240.0
2019-05-26,2019052601005289,UPCL,37,51,190,94.0,17860.0
2019-05-26,2019052601005288,UPCL,41,51,100,94.0,9400.0
2019-05-26,2019052601005287,UPCL,17,51,110,94.0,10340.0
2019-05-26,2019052601004939,UPCL,3,49,10,95.0,950.0
2019-05-26,2019052601005240,UPPER,43,13,40,281.0,11240.0
2019-05-26,2019052601005214,UPPER,43,33,50,281.0,14050.0
2019-05-26,2019052601005158,UPPER,43,38,40,281.0,11240.0
2019-05-26,2019052601005155,UPPER,21,33,10,282.0,2820.0
2019-05-26,2019052601005113,UPPER,43,38,40,281.0,11240.0
2019-05-26,2019052601005103,UPPER,21,33,10,282.0,2820.0
2019-05-26,2019052601004829,UPPER,43,43,40,281.0,11240.0
2019-05-26,2019052601004828,UPPER,43,43,50,281.0,14050.0
2019-05-26,2019052601004827,UPPER,43,56,40,281.0,11240.0
2019-05-26,2019052601004815,UPPER,47,48,293,280.0,82040.0
2019-05-26,2019052601004814,UPPER,47,38,50,280.0,14000.0
2019-05-26,2019052601005006,UPPER,43,32,40,281.0,11240.0
2019-05-26,2019052601004997,UPPER,43,21,50,281.0,14050.0
2019-05-26,2019052601004994,UPPER,21,33,10,282.0,2820.0
2019-05-26,2019052601004983,UPPER,21,33,10,282.0,2820.0
2019-05-26,2019052601004877,UPPER,43,41,1000,281.0,281000.0
2019-05-26,2019052601004858,UPPER,43,38,40,281.0,11240.0
2019-05-26,2019052601005091,UPPER,21,33,10,282.0,2820.0
2019-05-26,2019052601005053,UPPER,21,33,10,282.0,2820.0
2019-05-26,2019052601005052,UPPER,43,38,50,281.0,14050.0
2019-05-26,2019052601005049,UPPER,21,33,10,282.0,2820.0
2019-05-26,2019052601005022,UPPER,21,33,10,282.0,2820.0
2019-05-26,2019052601005008,UPPER,21,33,10,282.0,2820.0
2019-05-26,2019052601007336,AKPL,19,42,13,191.0,2483.0
2019-05-26,2019052601007726,ALICL,17,16,80,421.0,33680.0
2019-05-26,2019052601007705,ALICL,19,16,10,421.0,4210.0
2019-05-26,2019052601007561,ALICL,35,16,150,421.0,63150.0
2019-05-26,2019052601007710,API,42,1,29,156.0,4524.0
2019-05-26,2019052601007349,API,58,38,99,155.0,15345.0
2019-05-26,2019052601007295,API,58,1,29,155.0,4495.0
2019-05-26,2019052601007599,BFC,26,21,80,103.0,8240.0
2019-05-26,2019052601007756,BOKL,41,58,390,272.0,106080.0
2019-05-26,2019052601007628,BOKL,37,58,100,272.0,27200.0
2019-05-26,2019052601007605,BOKL,35,58,50,272.0,13600.0
2019-05-26,2019052601007604,BOKL,8,58,500,272.0,136000.0
2019-05-26,2019052601007603,BOKL,52,58,100,272.0,27200.0
2019-05-26,2019052601007602,BOKL,29,58,200,272.0,54400.0
2019-05-26,2019052601007470,BOKL,14,58,20,272.0,5440.0
2019-05-26,2019052601007469,BOKL,47,58,200,272.0,54400.0
2019-05-26,2019052601007601,BOKL,38,58,124,272.0,33728.0
2019-05-26,2019052601007475,BOKL,38,58,376,272.0,102272.0
2019-05-26,2019052601007474,BOKL,6,58,10,272.0,2720.0
2019-05-26,2019052601007473,BOKL,32,58,300,272.0,81600.0
2019-05-26,2019052601007472,BOKL,26,58,1000,272.0,272000.0
2019-05-26,2019052601007471,BOKL,26,58,94,272.0,25568.0
2019-05-26,2019052601007570,BPCL,38,34,14,421.0,5894.0
2019-05-26,2019052601007568,BPCL,22,35,100,422.0,42200.0
2019-05-26,2019052601007540,BPCL,38,38,22,421.0,9262.0
2019-05-26,2019052601007533,BPCL,38,49,200,421.0,84200.0
2019-05-26,2019052601007485,BPCL,38,46,11,421.0,4631.0
2019-05-26,2019052601007462,BPCL,38,46,22,421.0,9262.0
2019-05-26,2019052601007327,BPCL,45,1,67,421.0,28207.0
2019-05-26,2019052601007457,BPCL,19,35,100,422.0,42200.0
2019-05-26,2019052601007429,BPCL,38,54,11,421.0,4631.0
2019-05-26,2019052601007396,BPCL,38,50,100,421.0,42100.0
2019-05-26,2019052601007389,BPCL,38,54,11,421.0,4631.0
2019-05-26,2019052601007374,BPCL,38,38,11,421.0,4631.0
2019-05-26,2019052601007723,CBBL,42,48,40,950.0,38000.0
2019-05-26,2019052601007768,CBL,45,22,100,147.0,14700.0
2019-05-26,2019052601007542,CBL,28,45,255,148.0,37740.0
2019-05-26,2019052601007362,CBL,45,56,200,147.0,29400.0
2019-05-26,2019052601007667,CCBL,52,35,2384,168.0,400512.0
2019-05-26,2019052601007544,CCBL,52,25,500,168.0,84000.0
2019-05-26,2019052601007345,CCBL,52,52,7,168.0,1176.0
2019-05-26,2019052601007693,CHCL,8,46,300,530.0,159000.0
2019-05-26,2019052601007692,CHCL,56,46,67,530.0,35510.0
2019-05-26,2019052601007597,CHCL,56,16,133,530.0,70490.0
2019-05-26,2019052601007596,CHCL,33,16,75,530.0,39750.0
2019-05-26,2019052601007595,CHCL,49,16,400,530.0,212000.0
2019-05-26,2019052601007594,CHCL,36,16,20,530.0,10600.0
2019-05-26,2019052601007581,CIT,32,58,81,2580.0,208980.0
2019-05-26,2019052601007580,CIT,17,58,200,2580.0,516000.0
2019-05-26,2019052601007579,CIT,43,58,50,2580.0,129000.0
2019-05-26,2019052601007578,CIT,57,58,50,2581.0,129050.0
2019-05-26,2019052601007577,CIT,51,58,50,2583.0,129150.0
2019-05-26,2019052601007576,CIT,38,58,50,2583.0,129150.0
2019-05-26,2019052601007575,CIT,51,58,29,2585.0,74965.0
2019-05-26,2019052601007574,CIT,19,58,15,2586.0,38790.0
2019-05-26,2019052601007498,CIT,51,58,25,2590.0,64750.0
2019-05-26,2019052601007497,CIT,22,58,50,2591.0,129550.0
2019-05-26,2019052601007629,CMF1,35,54,1300,9.9,12870.0
2019-05-26,2019052601007420,CZBIL,29,54,10,226.0,2260.0
2019-05-26,2019052601007395,CZBIL,29,38,10,226.0,2260.0
2019-05-26,2019052601007302,CZBIL,5,17,800,227.0,181600.0
2019-05-26,2019052601007301,CZBIL,4,17,1000,227.0,227000.0
2019-05-26,2019052601007300,CZBIL,32,17,18,227.0,4086.0
2019-05-26,2019052601007299,CZBIL,34,17,73,228.0,16644.0
2019-05-26,2019052601007619,DBBL,6,38,100,148.0,14800.0
2019-05-26,2019052601007618,DBBL,55,38,12,148.0,1776.0
2019-05-26,2019052601007528,DBBL,55,59,60,148.0,8880.0
2019-05-26,2019052601007351,DDBL,34,51,50,728.0,36400.0
2019-05-26,2019052601007350,DDBL,6,51,100,729.0,72900.0
2019-05-26,2019052601007716,EBL,49,26,240,660.0,158400.0
2019-05-26,2019052601007673,EBL,49,39,50,660.0,33000.0
2019-05-26,2019052601007709,EIC,56,34,100,429.0,42900.0
2019-05-26,2019052601007593,GBBL,32,40,153,223.0,34119.0
2019-05-26,2019052601007592,GBBL,32,7,147,223.0,32781.0
2019-05-26,2019052601007382,GBBL,1,40,110,223.0,24530.0
2019-05-26,2019052601007624,GBIME,34,42,106,307.0,32542.0
2019-05-26,2019052601007610,GBIME,55,35,31,306.0,9486.0
2019-05-26,2019052601007556,GBIME,40,22,50,307.0,15350.0
2019-05-26,2019052601007555,GBIME,40,22,24,307.0,7368.0
2019-05-26,2019052601007305,GBIME,17,22,78,307.0,23946.0
2019-05-26,2019052601007476,GDBL,14,34,600,211.0,126600.0
2019-05-26,2019052601007413,GDBL,53,45,202,211.0,42622.0
2019-05-26,2019052601007415,GDBL,14,45,148,211.0,31228.0
2019-05-26,2019052601007414,GDBL,11,45,100,211.0,21100.0
2019-05-26,2019052601007648,GFCL,38,56,500,123.0,61500.0
2019-05-26,2019052601007672,GLICL,22,51,100,554.0,55400.0
2019-05-26,2019052601007589,GLICL,22,22,30,554.0,16620.0
2019-05-26,2019052601007583,GLICL,22,38,50,554.0,27700.0
2019-05-26,2019052601007431,GLICL,22,59,280,554.0,155120.0
2019-05-26,2019052601007423,GLICL,25,56,10,555.0,5550.0
2019-05-26,2019052601007733,HBL,34,26,102,581.0,59262.0
2019-05-26,2019052601007732,HBL,38,26,30,581.0,17430.0
2019-05-26,2019052601007731,HBL,56,26,300,582.0,174600.0
2019-05-26,2019052601007730,HBL,1,26,100,582.0,58200.0
2019-05-26,2019052601007729,HBL,25,26,200,582.0,116400.0
2019-05-26,2019052601007728,HBL,6,26,13,582.0,7566.0
2019-05-26,2019052601007665,HDL,29,29,100,1734.0,173400.0
2019-05-26,2019052601007503,HGI,1,41,460,380.0,174800.0
2019-05-26,2019052601007502,HGI,16,41,50,380.0,19000.0
2019-05-26,2019052601007501,HGI,28,41,40,381.0,15240.0
2019-05-26,2019052601007500,HGI,42,41,100,381.0,38100.0
2019-05-26,2019052601007478,HGI,13,45,70,381.0,26670.0
2019-05-26,2019052601007427,HGI,13,41,130,381.0,49530.0
2019-05-26,2019052601007670,HIDCL,36,17,145,165.0,23925.0
2019-05-26,2019052601007669,HIDCL,26,17,14,165.0,2310.0
2019-05-26,2019052601007671,HPPL,11,14,10,185.0,1850.0
2019-05-26,2019052601007315,HPPL,11,1,10,185.0,1850.0
2019-05-26,2019052601007759,HURJA,33,14,20,129.0,2580.0
2019-05-26,2019052601007717,HURJA,33,38,20,129.0,2580.0
2019-05-26,2019052601007620,HURJA,33,58,10,129.0,1290.0
2019-05-26,2019052601007590,HURJA,33,50,20,129.0,2580.0
2019-05-26,2019052601007486,HURJA,42,49,20,128.0,2560.0
2019-05-26,2019052601007322,HURJA,42,45,20,130.0,2600.0
2019-05-26,2019052601007321,HURJA,42,58,10,130.0,1300.0
2019-05-26,2019052601007320,HURJA,42,58,20,130.0,2600.0
2019-05-26,2019052601007319,HURJA,42,45,20,130.0,2600.0
2019-05-26,2019052601007366,HURJA,42,42,20,129.0,2580.0
2019-05-26,2019052601007365,HURJA,42,49,20,128.0,2560.0
2019-05-26,2019052601007326,HURJA,42,45,20,130.0,2600.0
2019-05-26,2019052601007325,HURJA,42,38,580,130.0,75400.0
2019-05-26,2019052601007324,HURJA,42,45,20,130.0,2600.0
2019-05-26,2019052601007323,HURJA,42,51,20,130.0,2600.0
2019-05-26,2019052601007454,HURJA,42,49,20,130.0,2600.0
2019-05-26,2019052601007370,HURJA,42,45,20,132.0,2640.0
2019-05-26,2019052601007369,HURJA,42,45,20,132.0,2640.0
2019-05-26,2019052601007368,HURJA,42,48,10,132.0,1320.0
2019-05-26,2019052601007367,HURJA,42,45,20,132.0,2640.0
2019-05-26,2019052601007753,JBBL,36,32,80,153.0,12240.0
2019-05-26,2019052601007695,JBBL,14,32,200,153.0,30600.0
2019-05-26,2019052601007694,JBBL,10,32,20,153.0,3060.0
2019-05-26,2019052601007704,JBNL,10,40,220,208.0,45760.0
2019-05-26,2019052601007609,JBNL,50,49,488,209.0,101992.0
2019-05-26,2019052601007562,JBNL,50,35,12,209.0,2508.0
2019-05-26,2019052601007530,JBNL,50,57,500,209.0,104500.0
2019-05-26,2019052601007495,JFL,5,49,20,178.0,3560.0
2019-05-26,2019052601007401,KBL,52,52,8,217.0,1736.0
2019-05-26,2019052601007400,KBL,45,16,246,217.0,53382.0
2019-05-26,2019052601007399,KBL,45,16,54,217.0,11718.0
2019-05-26,2019052601007298,KBL,45,5,120,217.0,26040.0
2019-05-26,2019052601007725,KNBL,25,59,200,143.0,28600.0
2019-05-26,2019052601007690,KNBL,26,59,300,143.0,42900.0
2019-05-26,2019052601007646,KNBL,26,21,200,143.0,28600.0
2019-05-26,2019052601007569,KNBL,25,34,19,144.0,2736.0
2019-05-26,2019052601007348,KPCL,1,1,10,95.0,950.0
2019-05-26,2019052601007661,KRBL,42,39,258,108.0,27864.0
2019-05-26,2019052601007608,KRBL,41,7,200,109.0,21800.0
2019-05-26,2019052601007607,KRBL,57,7,154,109.0,16786.0
2019-05-26,2019052601007567,LBBL,33,21,100,201.0,20100.0
2019-05-26,2019052601007384,LBL,22,56,13,223.0,2899.0
2019-05-26,2019052601007447,LGIL,42,56,1000,501.0,501000.0
2019-05-26,2019052601007343,LICN,42,7,750,1892.0,1419000.0
2019-05-26,2019052601007331,LICN,18,7,200,1893.0,378600.0
2019-05-26,2019052601007330,LICN,17,7,10,1893.0,18930.0
2019-05-26,2019052601007329,LICN,28,7,260,1894.0,492440.0
2019-05-26,2019052601007606,MBL,37,19,55,268.0,14740.0
2019-05-26,2019052601007588,MBL,37,56,80,268.0,21440.0
2019-05-26,2019052601007587,MBL,59,56,786,268.0,210648.0
2019-05-26,2019052601007529,MBL,59,25,200,268.0,53600.0
2019-05-26,2019052601007466,MBL,59,19,65,269.0,17485.0
2019-05-26,2019052601007452,MBL,59,38,300,269.0,80700.0
2019-05-26,2019052601007355,MBL,59,38,135,269.0,36315.0
2019-05-26,2019052601007354,MBL,43,38,865,269.0,232685.0
2019-05-26,2019052601007494,MEGA,17,17,564,194.0,109416.0
2019-05-26,2019052601007493,MEGA,34,17,400,194.0,77600.0
2019-05-26,2019052601007492,MEGA,51,17,500,194.0,97000.0
2019-05-26,2019052601007491,MEGA,28,17,500,194.0,97000.0
2019-05-26,2019052601007490,MEGA,59,17,500,194.0,97000.0
2019-05-26,2019052601007489,MEGA,56,17,30,194.0,5820.0
2019-05-26,2019052601007488,MEGA,57,17,294,194.0,57036.0
2019-05-26,2019052601007487,MEGA,17,17,200,195.0,39000.0
2019-05-26,2019052601007451,MERO,39,34,10,597.0,5970.0
2019-05-26,2019052601007434,MERO,11,34,16,598.0,9568.0
2019-05-26,2019052601007433,MERO,45,34,20,600.0,12000.0
2019-05-26,2019052601007432,MERO,56,34,21,601.0,12621.0
2019-05-26,2019052601007460,MFIL,34,47,300,121.0,36300.0
2019-05-26,2019052601007442,MHNL,25,38,50,101.0,5050.0
2019-05-26,2019052601007615,MNBBL,42,1,102,375.0,38250.0
2019-05-26,2019052601007651,NABIL,11,35,220,837.0,184140.0
2019-05-26,2019052601007650,NABIL,16,53,150,835.0,125250.0
2019-05-26,2019052601007582,NABIL,28,35,20,837.0,16740.0
2019-05-26,2019052601007519,NABIL,32,3,100,836.0,83600.0
2019-05-26,2019052601007333,NABIL,16,5,56,835.0,46760.0
2019-05-26,2019052601007332,NABIL,45,5,74,835.0,61790.0
2019-05-26,2019052601007775,NABILP,11,17,111,809.0,89799.0
2019-05-26,2019052601007637,NADEP,41,6,20,450.0,9000.0
2019-05-26,2019052601007383,NADEP,41,49,20,450.0,9000.0
2019-05-26,2019052601007481,NBB,28,51,1000,224.0,224000.0
2019-05-26,2019052601007480,NBB,36,51,500,224.0,112000.0
2019-05-26,2019052601007479,NBB,17,51,89,224.0,19936.0
2019-05-26,2019052601007459,NBB,17,51,800,224.0,179200.0
2019-05-26,2019052601007742,NBL,6,21,50,336.0,16800.0
2019-05-26,2019052601007741,NBL,6,59,50,336.0,16800.0
2019-05-26,2019052601007740,NBL,6,53,300,336.0,100800.0
2019-05-26,2019052601007584,NBL,43,39,50,335.0,16750.0
2019-05-26,2019052601007566,NBL,10,49,100,336.0,33600.0
2019-05-26,2019052601007543,NBL,51,49,200,336.0,67200.0
2019-05-26,2019052601007360,NBL,40,58,282,336.0,94752.0
2019-05-26,2019052601007314,NBL,43,51,200,335.0,67000.0
2019-05-26,2019052601007313,NBL,47,51,100,335.0,33500.0
2019-05-26,2019052601007312,NBL,16,51,100,335.0,33500.0
2019-05-26,2019052601007440,NBL,42,35,38,337.0,12806.0
2019-05-26,2019052601007439,NBL,42,1,162,336.0,54432.0
2019-05-26,2019052601007437,NBL,26,1,338,336.0,113568.0
2019-05-26,2019052601007436,NBL,26,34,162,336.0,54432.0
2019-05-26,2019052601007435,NBL,40,34,668,336.0,224448.0
2019-05-26,2019052601007387,NBL,40,44,50,336.0,16800.0
2019-05-26,2019052601007760,NCCB,50,34,1000,261.0,261000.0
2019-05-26,2019052601007612,NCCB,50,34,28,261.0,7308.0
2019-05-26,2019052601007559,NCCB,50,46,472,261.0,123192.0
2019-05-26,2019052601007554,NCCB,40,46,100,261.0,26100.0
2019-05-26,2019052601007553,NCCB,26,46,500,261.0,130500.0
2019-05-26,2019052601007552,NCCB,26,46,100,261.0,26100.0
2019-05-26,2019052601007410,NCCB,55,36,5000,261.0,1305000.0
2019-05-26,2019052601007409,NCCB,54,36,100,261.0,26100.0
2019-05-26,2019052601007408,NCCB,50,36,1201,261.0,313461.0
2019-05-26,2019052601007551,NCCB,5,46,200,261.0,52200.0
2019-05-26,2019052601007550,NCCB,50,46,451,261.0,117711.0
2019-05-26,2019052601007523,NCCB,50,1,49,261.0,12789.0
2019-05-26,2019052601007522,NCCB,28,1,451,261.0,117711.0
2019-05-26,2019052601007412,NCCB,28,36,549,261.0,143289.0
2019-05-26,2019052601007411,NCCB,28,36,1150,261.0,300150.0
2019-05-26,2019052601007518,NHPC,51,32,1000,70.0,70000.0
2019-05-26,2019052601007421,NHPC,51,7,1000,70.0,70000.0
2019-05-26,2019052601007402,NHPC,41,58,1500,71.0,106500.0
2019-05-26,2019052601007373,NHPC,51,7,500,70.0,35000.0
2019-05-26,2019052601007372,NHPC,45,7,1000,70.0,70000.0
2019-05-26,2019052601007721,NIB,57,33,107,535.0,57245.0
2019-05-26,2019052601007720,NIB,43,33,25,535.0,13375.0
2019-05-26,2019052601007719,NIB,32,33,220,535.0,117700.0
2019-05-26,2019052601007703,NIB,32,49,280,535.0,149800.0
2019-05-26,2019052601007702,NIB,40,49,300,535.0,160500.0
2019-05-26,2019052601007701,NIB,57,49,190,535.0,101650.0
2019-05-26,2019052601007430,NIB,21,1,13,536.0,6968.0
2019-05-26,2019052601007371,NIB,59,59,4,526.0,2104.0
2019-05-26,2019052601007700,NIB,29,49,50,535.0,26750.0
2019-05-26,2019052601007699,NIB,6,49,100,535.0,53500.0
2019-05-26,2019052601007698,NIB,6,49,331,535.0,177085.0
2019-05-26,2019052601007696,NIB,26,1,15,536.0,8040.0
2019-05-26,2019052601007541,NIB,6,46,17,535.0,9095.0
2019-05-26,2019052601007727,NICA,42,44,1000,479.0,479000.0
2019-05-26,2019052601007560,NICA,59,6,500,479.0,239500.0
2019-05-26,2019052601007405,NICA,6,44,287,479.0,137473.0
2019-05-26,2019052601007347,NICA,28,44,500,479.0,239500.0
2019-05-26,2019052601007311,NICA,6,44,504,479.0,241416.0
2019-05-26,2019052601007310,NICA,45,44,200,479.0,95800.0
2019-05-26,2019052601007309,NICA,48,44,500,479.0,239500.0
2019-05-26,2019052601007308,NICA,42,44,50,479.0,23950.0
2019-05-26,2019052601007307,NICA,4,44,500,479.0,239500.0
2019-05-26,2019052601007306,NICA,53,44,459,479.0,219861.0
2019-05-26,2019052601007585,NICL,13,19,50,388.0,19400.0
2019-05-26,2019052601007526,NICL,45,34,50,389.0,19450.0
2019-05-26,2019052601007525,NICL,45,34,50,389.0,19450.0
2019-05-26,2019052601007524,NICL,18,34,50,389.0,19450.0
2019-05-26,2019052601007352,NLG,19,34,125,803.0,100375.0
2019-05-26,2019052601007353,NLG,1,34,75,803.0,60225.0
2019-05-26,2019052601007764,NLIC,19,58,10,936.0,9360.0
2019-05-26,2019052601007515,NLIC,42,58,83,937.0,77771.0
2019-05-26,2019052601007514,NLIC,42,34,100,936.0,93600.0
2019-05-26,2019052601007513,NLIC,42,43,17,936.0,15912.0
2019-05-26,2019052601007346,NLIC,22,5,15,933.0,13995.0
2019-05-26,2019052601007342,NLIC,40,38,1000,933.0,933000.0
2019-05-26,2019052601007341,NLIC,18,38,10,933.0,9330.0
2019-05-26,2019052601007340,NLIC,55,38,25,933.0,23325.0
2019-05-26,2019052601007339,NLIC,25,38,235,933.0,219255.0
2019-05-26,2019052601007750,NLICL,6,38,12,658.0,7896.0
2019-05-26,2019052601007749,NLICL,51,38,50,658.0,32900.0
2019-05-26,2019052601007748,NLICL,44,38,10,658.0,6580.0
2019-05-26,2019052601007361,NLICL,44,5,40,658.0,26320.0
2019-05-26,2019052601007763,NTC,43,44,44,731.0,32164.0
2019-05-26,2019052601007762,NTC,57,44,50,732.0,36600.0
2019-05-26,2019052601007449,NTC,57,56,50,732.0,36600.0
2019-05-26,2019052601007386,NTC,7,25,100,733.0,73300.0
2019-05-26,2019052601007456,NUBL,56,41,150,851.0,127650.0
2019-05-26,2019052601007455,NUBL,38,41,50,853.0,42650.0
2019-05-26,2019052601007388,OHL,45,58,220,664.0,146080.0
2019-05-26,2019052601007419,OHL,45,53,300,665.0,199500.0
2019-05-26,2019052601007549,PCBL,39,47,303,313.0,94839.0
2019-05-26,2019052601007548,PCBL,32,47,197,313.0,61661.0
2019-05-26,2019052601007711,PIC,47,14,11,1194.0,13134.0
2019-05-26,2019052601007426,PIC,35,56,25,1195.0,29875.0
2019-05-26,2019052601007425,PIC,34,56,100,1195.0,119500.0
2019-05-26,2019052601007424,PIC,28,56,49,1196.0,58604.0
2019-05-26,2019052601007422,PIC,28,43,11,1196.0,13156.0
2019-05-26,2019052601007381,PIC,33,54,11,1196.0,13156.0
2019-05-26,2019052601007363,PIC,33,43,11,1196.0,13156.0
2019-05-26,2019052601007586,PICL,7,38,10,695.0,6950.0
2019-05-26,2019052601007539,PICL,45,38,50,696.0,34800.0
2019-05-26,2019052601007538,PICL,6,38,100,697.0,69700.0
2019-05-26,2019052601007537,PICL,38,38,10,697.0,6970.0
2019-05-26,2019052601007536,PICL,45,38,30,698.0,20940.0
2019-05-26,2019052601007689,PLIC,25,38,10,460.0,4600.0
2019-05-26,2019052601007688,PLIC,59,38,500,460.0,230000.0
2019-05-26,2019052601007687,PLIC,42,38,120,460.0,55200.0
2019-05-26,2019052601007686,PLIC,1,38,150,460.0,69000.0
2019-05-26,2019052601007685,PLIC,26,38,100,460.0,46000.0
2019-05-26,2019052601007684,PLIC,41,38,300,460.0,138000.0
2019-05-26,2019052601007677,PLIC,57,38,100,463.0,46300.0
2019-05-26,2019052601007676,PLIC,39,38,70,463.0,32410.0
2019-05-26,2019052601007675,PLIC,35,38,150,464.0,69600.0
2019-05-26,2019052601007674,PLIC,42,38,83,464.0,38512.0
2019-05-26,2019052601007683,PLIC,53,38,50,460.0,23000.0
2019-05-26,2019052601007682,PLIC,53,38,100,460.0,46000.0
2019-05-26,2019052601007681,PLIC,29,38,300,461.0,138300.0
2019-05-26,2019052601007680,PLIC,34,38,50,461.0,23050.0
2019-05-26,2019052601007679,PLIC,53,38,50,462.0,23100.0
2019-05-26,2019052601007678,PLIC,29,38,20,462.0,9240.0
2019-05-26,2019052601007591,PMHPL,56,38,10,111.0,1110.0
2019-05-26,2019052601007448,PMHPL,56,38,10,112.0,1120.0
2019-05-26,2019052601007441,PMHPL,56,43,10,112.0,1120.0
2019-05-26,2019052601007375,PMHPL,56,1,10,112.0,1120.0
2019-05-26,2019052601007660,PRIN,42,22,500,408.0,204000.0
2019-05-26,2019052601007659,PRIN,14,22,100,408.0,40800.0
2019-05-26,2019052601007658,PRIN,11,22,50,408.0,20400.0
2019-05-26,2019052601007657,PRIN,1,22,258,408.0,105264.0
2019-05-26,2019052601007656,PRIN,19,22,10,408.0,4080.0
2019-05-26,2019052601007655,PRIN,1,22,100,409.0,40900.0
2019-05-26,2019052601007654,PRIN,7,22,200,409.0,81800.0
2019-05-26,2019052601007392,PRIN,13,38,500,410.0,205000.0
2019-05-26,2019052601007391,PRIN,13,38,40,410.0,16400.0
2019-05-26,2019052601007390,PRIN,56,38,12,410.0,4920.0
2019-05-26,2019052601007769,PRVU,11,43,100,276.0,27600.0
2019-05-26,2019052601007697,PRVU,34,43,100,276.0,27600.0
2019-05-26,2019052601007600,PRVU,16,43,357,276.0,98532.0
2019-05-26,2019052601007573,PRVU,43,46,80,275.0,22000.0
2019-05-26,2019052601007572,PRVU,49,43,50,276.0,13800.0
2019-05-26,2019052601007446,PRVU,13,43,30,276.0,8280.0
2019-05-26,2019052601007445,PRVU,13,46,91,276.0,25116.0
2019-05-26,2019052601007438,PRVU,35,46,30,276.0,8280.0
2019-05-26,2019052601007668,RADHI,59,35,11,164.0,1804.0
2019-05-26,2019052601007663,RADHI,59,35,11,164.0,1804.0
2019-05-26,2019052601007640,RADHI,49,35,11,165.0,1815.0
2019-05-26,2019052601007614,RADHI,52,52,1,165.0,165.0
2019-05-26,2019052601007398,RADHI,59,54,11,164.0,1804.0
2019-05-26,2019052601007344,RADHI,59,53,11,164.0,1804.0
2019-05-26,2019052601007771,RBCLPO,16,33,10,9903.0,99030.0
2019-05-26,2019052601007770,RBCLPO,16,33,10,9904.0,99040.0
2019-05-26,2019052601007722,RBCLPO,59,33,20,9905.0,198100.0
2019-05-26,2019052601007755,RLFL,40,44,300,140.0,42000.0
2019-05-26,2019052601007754,RLFL,28,44,200,140.0,28000.0
2019-05-26,2019052601007625,RLFL,19,51,500,141.0,70500.0
2019-05-26,2019052601007483,RLFL,40,17,140,139.0,19460.0
2019-05-26,2019052601007477,RLFL,22,17,100,139.0,13900.0
2019-05-26,2019052601007404,RLFL,40,17,1000,138.0,138000.0
2019-05-26,2019052601007337,RLFL,40,43,615,139.0,85485.0
2019-05-26,2019052601007335,RLFL,40,17,1100,139.0,152900.0
2019-05-26,2019052601007334,RLFL,40,17,221,140.0,30940.0
2019-05-26,2019052601007403,RLFL,58,17,107,138.0,14766.0
2019-05-26,2019052601007359,RLFL,58,43,333,138.0,45954.0
2019-05-26,2019052601007358,RLFL,39,43,100,138.0,13800.0
2019-05-26,2019052601007357,RLFL,48,43,222,138.0,30636.0
2019-05-26,2019052601007356,RLFL,40,43,471,139.0,65469.0
2019-05-26,2019052601007338,RLFL,40,43,1029,139.0,143031.0
2019-05-26,2019052601007715,RMDC,48,52,18,656.0,11808.0
2019-05-26,2019052601007714,RMDC,53,52,72,656.0,47232.0
2019-05-26,2019052601007713,RMDC,25,52,10,657.0,6570.0
2019-05-26,2019052601007397,RRHP,35,43,10,95.0,950.0
2019-05-26,2019052601007484,RRHP,35,59,10,95.0,950.0
2019-05-26,2019052601007461,RRHP,35,38,10,95.0,950.0
2019-05-26,2019052601007499,RSDC,43,59,35,379.0,13265.0
2019-05-26,2019052601007767,SADBL,17,58,204,148.0,30192.0
2019-05-26,2019052601007766,SADBL,58,58,2120,148.0,313760.0
2019-05-26,2019052601007765,SADBL,56,58,896,148.0,132608.0
2019-05-26,2019052601007521,SANIMA,57,47,30,355.0,10650.0
2019-05-26,2019052601007520,SANIMA,45,47,100,355.0,35500.0
2019-05-26,2019052601007428,SBBLJ,28,17,200,197.0,39400.0
2019-05-26,2019052601007380,SBI,59,5,101,473.0,47773.0
2019-05-26,2019052601007379,SBI,48,5,20,473.0,9460.0
2019-05-26,2019052601007378,SBI,45,5,23,475.0,10925.0
2019-05-26,2019052601007642,SBL,52,52,5,336.0,1680.0
2019-05-26,2019052601007532,SBL,42,10,60,337.0,20220.0
2019-05-26,2019052601007531,SBL,42,51,40,337.0,13480.0
2019-05-26,2019052601007652,SCB,17,26,54,679.0,36666.0
2019-05-26,2019052601007418,SCB,56,17,39,677.0,26403.0
2019-05-26,2019052601007417,SCB,25,17,25,678.0,16950.0
2019-05-26,2019052601007416,SCB,49,17,36,679.0,24444.0
2019-05-26,2019052601007394,SCB,49,5,40,679.0,27160.0
2019-05-26,2019052601007364,SCB,49,22,64,679.0,43456.0
2019-05-26,2019052601007776,SHIVM,17,47,180,560.0,100800.0
2019-05-26,2019052601007772,SHIVM,17,42,151,560.0,84560.0
2019-05-26,2019052601007758,SHIVM,42,52,540,561.0,302940.0
2019-05-26,2019052601007757,SHIVM,17,47,40,560.0,22400.0
2019-05-26,2019052601007752,SHIVM,45,52,200,561.0,112200.0
2019-05-26,2019052601007751,SHIVM,25,52,160,561.0,89760.0
2019-05-26,2019052601007376,SHIVM,38,28,350,563.0,197050.0
2019-05-26,2019052601007303,SHIVM,38,16,50,563.0,28150.0
2019-05-26,2019052601007627,SHIVM,14,47,25,561.0,14025.0
2019-05-26,2019052601007616,SHIVM,14,47,25,561.0,14025.0
2019-05-26,2019052601007598,SHIVM,14,47,20,561.0,11220.0
2019-05-26,2019052601007545,SHIVM,59,51,207,562.0,116334.0
2019-05-26,2019052601007496,SHIVM,56,39,50,562.0,28100.0
2019-05-26,2019052601007377,SHIVM,56,28,150,562.0,84300.0
2019-05-26,2019052601007653,SHIVM,40,47,30,561.0,16830.0
2019-05-26,2019052601007647,SHIVM,40,47,27,561.0,15147.0
2019-05-26,2019052601007645,SHIVM,40,48,67,561.0,37587.0
2019-05-26,2019052601007644,SHIVM,14,48,133,561.0,74613.0
2019-05-26,2019052601007641,SHIVM,14,47,27,561.0,15147.0
2019-05-26,2019052601007639,SHIVM,14,33,60,561.0,33660.0
2019-05-26,2019052601007718,SHIVM,40,47,40,561.0,22440.0
2019-05-26,2019052601007706,SHIVM,40,47,40,561.0,22440.0
2019-05-26,2019052601007691,SHIVM,40,47,40,561.0,22440.0
2019-05-26,2019052601007666,SHIVM,40,47,40,561.0,22440.0
2019-05-26,2019052601007664,SHIVM,40,33,150,561.0,84150.0
2019-05-26,2019052601007662,SHIVM,40,47,40,561.0,22440.0
2019-05-26,2019052601007739,SHIVM,25,51,340,561.0,190740.0
2019-05-26,2019052601007738,SHIVM,17,51,100,561.0,56100.0
2019-05-26,2019052601007737,SHIVM,17,51,60,561.0,33660.0
2019-05-26,2019052601007736,SHIVM,17,47,40,561.0,22440.0
2019-05-26,2019052601007735,SHIVM,1,45,50,561.0,28050.0
2019-05-26,2019052601007734,SHIVM,40,45,26,561.0,14586.0
2019-05-26,2019052601007747,SHL,42,43,130,244.0,31720.0
2019-05-26,2019052601007746,SHL,37,43,100,244.0,24400.0
2019-05-26,2019052601007745,SHL,25,43,100,244.0,24400.0
2019-05-26,2019052601007744,SHL,17,43,150,244.0,36600.0
2019-05-26,2019052601007743,SHL,43,43,100,244.0,24400.0
2019-05-26,2019052601007482,SHL,14,56,100,245.0,24500.0
2019-05-26,2019052601007626,SHPC,56,38,320,270.0,86400.0
2019-05-26,2019052601007571,SHPC,56,56,78,270.0,21060.0
2019-05-26,2019052601007565,SHPC,56,36,97,270.0,26190.0
2019-05-26,2019052601007564,SHPC,53,36,100,270.0,27000.0
2019-05-26,2019052601007563,SHPC,22,36,350,270.0,94500.0
2019-05-26,2019052601007297,SHPC,22,56,150,270.0,40500.0
2019-05-26,2019052601007296,SHPC,5,56,500,270.0,135000.0
2019-05-26,2019052601007708,SICL,58,47,57,860.0,49020.0
2019-05-26,2019052601007707,SICL,34,47,72,860.0,61920.0
2019-05-26,2019052601007453,SICL,34,14,28,860.0,24080.0
2019-05-26,2019052601007465,SLBSL,38,58,10,560.0,5600.0
2019-05-26,2019052601007393,SLBSL,44,34,20,558.0,11160.0
2019-05-26,2019052601007643,SLICL,42,34,45,585.0,26325.0
2019-05-26,2019052601007611,SLICL,38,51,50,587.0,29350.0
2019-05-26,2019052601007535,SLICL,42,49,100,585.0,58500.0
2019-05-26,2019052601007406,SLICL,26,56,30,586.0,17580.0
2019-05-26,2019052601007407,SRBL,43,5,105,257.0,26985.0
2019-05-26,2019052601007328,SRBL,45,7,200,258.0,51600.0
2019-05-26,2019052601007761,UIC,39,5,100,998.0,99800.0
2019-05-26,2019052601007450,UMHL,1,49,14,121.0,1694.0
2019-05-26,2019052601007385,UMHL,1,43,10,121.0,1210.0
2019-05-26,2019052601007617,UPCL,58,17,10,96.0,960.0
2019-05-26,2019052601007527,UPCL,58,59,50,95.0,4750.0
2019-05-26,2019052601007517,UPCL,58,53,50,95.0,4750.0
2019-05-26,2019052601007516,UPCL,17,53,50,95.0,4750.0
2019-05-26,2019052601007464,UPCL,17,53,500,95.0,47500.0
2019-05-26,2019052601007458,UPCL,58,17,10,96.0,960.0
2019-05-26,2019052601007318,UPCL,17,53,450,95.0,42750.0
2019-05-26,2019052601007317,UPCL,38,53,500,95.0,47500.0
2019-05-26,2019052601007316,UPCL,38,53,50,95.0,4750.0
2019-05-26,2019052601007794,UPPER,56,45,100,277.0,27700.0
2019-05-26,2019052601007793,UPPER,50,45,100,277.0,27700.0
2019-05-26,2019052601007792,UPPER,43,45,2000,277.0,554000.0
2019-05-26,2019052601007791,UPPER,6,45,50,277.0,13850.0
2019-05-26,2019052601007790,UPPER,41,45,200,277.0,55400.0
2019-05-26,2019052601007789,UPPER,41,45,800,277.0,221600.0
2019-05-26,2019052601007304,UPPER,49,53,40,279.0,11160.0
2019-05-26,2019052601007504,UPPER,17,34,770,279.0,214830.0
2019-05-26,2019052601007468,UPPER,17,58,230,279.0,64170.0
2019-05-26,2019052601007467,UPPER,49,58,270,279.0,75330.0
2019-05-26,2019052601007463,UPPER,49,33,200,279.0,55800.0
2019-05-26,2019052601007444,UPPER,49,51,30,279.0,8370.0
2019-05-26,2019052601007443,UPPER,49,51,50,279.0,13950.0
2019-05-26,2019052601007510,UPPER,17,34,500,279.0,139500.0
2019-05-26,2019052601007509,UPPER,17,34,500,279.0,139500.0
2019-05-26,2019052601007508,UPPER,26,34,200,279.0,55800.0
2019-05-26,2019052601007507,UPPER,36,34,80,279.0,22320.0
2019-05-26,2019052601007506,UPPER,26,34,220,279.0,61380.0
2019-05-26,2019052601007505,UPPER,39,34,200,279.0,55800.0
2019-05-26,2019052601007557,UPPER,34,29,40,278.0,11120.0
2019-05-26,2019052601007547,UPPER,34,39,20,278.0,5560.0
2019-05-26,2019052601007546,UPPER,41,33,100,279.0,27900.0
2019-05-26,2019052601007534,UPPER,36,39,20,279.0,5580.0
2019-05-26,2019052601007512,UPPER,36,45,50,279.0,13950.0
2019-05-26,2019052601007511,UPPER,36,34,230,279.0,64170.0
2019-05-26,2019052601007630,UPPER,33,46,50,279.0,13950.0
2019-05-26,2019052601007623,UPPER,43,21,850,278.0,236300.0
2019-05-26,2019052601007622,UPPER,44,21,50,279.0,13950.0
2019-05-26,2019052601007621,UPPER,16,21,100,279.0,27900.0
2019-05-26,2019052601007613,UPPER,16,33,900,279.0,251100.0
2019-05-26,2019052601007558,UPPER,43,29,10,278.0,2780.0
2019-05-26,2019052601007636,UPPER,33,16,20,280.0,5600.0
2019-05-26,2019052601007635,UPPER,33,49,40,280.0,11200.0
2019-05-26,2019052601007634,UPPER,33,49,50,280.0,14000.0
2019-05-26,2019052601007633,UPPER,33,40,50,280.0,14000.0
2019-05-26,2019052601007632,UPPER,33,49,50,280.0,14000.0
2019-05-26,2019052601007631,UPPER,33,49,40,280.0,11200.0
2019-05-26,2019052601007774,UPPER,43,40,30,278.0,8340.0
2019-05-26,2019052601007773,UPPER,49,40,10,279.0,2790.0
2019-05-26,2019052601007724,UPPER,49,35,40,279.0,11160.0
2019-05-26,2019052601007712,UPPER,49,35,50,279.0,13950.0
2019-05-26,2019052601007649,UPPER,33,16,219,280.0,61320.0
2019-05-26,2019052601007638,UPPER,43,49,100,278.0,27800.0
2019-05-26,2019052601007782,UPPER,41,45,100,278.0,27800.0
2019-05-26,2019052601007781,UPPER,59,45,2000,278.0,556000.0
2019-05-26,2019052601007780,UPPER,59,45,1000,278.0,278000.0
2019-05-26,2019052601007779,UPPER,11,45,500,278.0,139000.0
2019-05-26,2019052601007778,UPPER,50,45,200,278.0,55600.0
2019-05-26,2019052601007777,UPPER,43,45,1010,278.0,280780.0
2019-05-26,2019052601007788,UPPER,41,45,400,277.0,110800.0
2019-05-26,2019052601007787,UPPER,11,45,100,277.0,27700.0
2019-05-26,2019052601007786,UPPER,10,45,10,277.0,2770.0
2019-05-26,2019052601007785,UPPER,1,45,600,277.0,166200.0
2019-05-26,2019052601007784,UPPER,3,45,200,277.0,55400.0
2019-05-26,2019052601007783,UPPER,47,45,200,277.0,55400.0
2019-05-26,2019052601004173,ADBL,53,38,340,426.0,144840.0
2019-05-26,2019052601004171,ADBL,53,40,160,426.0,68160.0
2019-05-26,2019052601004170,ADBL,36,40,40,426.0,17040.0
2019-05-26,2019052601004168,ADBL,36,54,55,426.0,23430.0
2019-05-26,2019052601004140,ADBL,36,19,405,426.0,172530.0
2019-05-26,2019052601004139,ADBL,18,19,95,426.0,40470.0
2019-05-26,2019052601003973,ADBL,58,58,186,428.0,79608.0
2019-05-26,2019052601003820,ADBL,22,42,200,428.0,85600.0
2019-05-26,2019052601004121,ADBL,18,17,143,426.0,60918.0
2019-05-26,2019052601004107,ADBL,18,8,10,426.0,4260.0
2019-05-26,2019052601004096,ADBL,18,19,100,426.0,42600.0
2019-05-26,2019052601004030,ADBL,18,45,152,426.0,64752.0
2019-05-26,2019052601004026,ADBL,58,38,2000,427.0,854000.0
2019-05-26,2019052601004025,ADBL,53,38,100,427.0,42700.0
2019-05-26,2019052601003814,AKJCL,35,35,10,81.0,810.0
2019-05-26,2019052601003803,AKPL,59,55,300,201.0,60300.0
2019-05-26,2019052601003802,AKPL,59,25,13,201.0,2613.0
2019-05-26,2019052601003986,ALBSL,42,39,100,440.0,44000.0
2019-05-26,2019052601003985,ALBSL,29,39,20,440.0,8800.0
2019-05-26,2019052601003984,ALBSL,57,39,40,441.0,17640.0
2019-05-26,2019052601003962,ALBSL,56,56,10,442.0,4420.0
2019-05-26,2019052601003898,ALBSL,56,56,10,442.0,4420.0
2019-05-26,2019052601003831,ALBSL,41,56,10,442.0,4420.0
2019-05-26,2019052601003821,ALBSL,41,56,10,442.0,4420.0
2019-05-26,2019052601004268,ALICL,59,8,86,424.0,36464.0
2019-05-26,2019052601004267,ALICL,59,40,14,424.0,5936.0
2019-05-26,2019052601004234,ALICL,16,40,128,424.0,54272.0
2019-05-26,2019052601004077,BARUN,1,1,10,97.0,970.0
2019-05-26,2019052601004219,BOKL,21,34,81,276.0,22356.0
2019-05-26,2019052601004189,BOKL,21,21,554,275.0,152350.0
2019-05-26,2019052601004188,BOKL,6,21,81,275.0,22275.0
2019-05-26,2019052601004043,BOKL,6,45,250,275.0,68750.0
2019-05-26,2019052601003843,BOKL,14,34,100,275.0,27500.0
2019-05-26,2019052601003842,BOKL,41,34,142,275.0,39050.0
2019-05-26,2019052601003841,BOKL,49,34,737,276.0,203412.0
2019-05-26,2019052601003816,BOKL,49,38,183,276.0,50508.0
2019-05-26,2019052601003815,BOKL,49,22,80,276.0,22080.0
2019-05-26,2019052601004228,BPCL,43,39,22,425.0,9350.0
2019-05-26,2019052601003882,BPCL,43,56,20,425.0,8500.0
2019-05-26,2019052601003871,BPCL,43,56,20,425.0,8500.0
2019-05-26,2019052601003854,BPCL,43,56,20,425.0,8500.0
2019-05-26,2019052601003849,BPCL,43,56,20,425.0,8500.0
2019-05-26,2019052601004105,CBL,25,55,191,146.0,27886.0
2019-05-26,2019052601004104,CBL,45,55,2000,146.0,292000.0
2019-05-26,2019052601004103,CBL,17,55,98,146.0,14308.0
2019-05-26,2019052601004102,CBL,17,55,131,146.0,19126.0
2019-05-26,2019052601004101,CBL,17,55,144,146.0,21024.0
2019-05-26,2019052601004100,CBL,13,55,606,147.0,89082.0
2019-05-26,2019052601003892,CBL,13,45,24,147.0,3528.0
2019-05-26,2019052601003837,CBL,13,57,17,147.0,2499.0
2019-05-26,2019052601004138,CCBL,26,49,100,168.0,16800.0
2019-05-26,2019052601004018,CCBL,41,22,360,169.0,60840.0
2019-05-26,2019052601003889,CCBL,41,22,433,169.0,73177.0
2019-05-26,2019052601003885,CCBL,41,3,590,169.0,99710.0
2019-05-26,2019052601003850,CCBL,41,57,52,169.0,8788.0
2019-05-26,2019052601004088,CHCL,38,57,278,531.0,147618.0
2019-05-26,2019052601004087,CHCL,41,57,200,531.0,106200.0
2019-05-26,2019052601004086,CHCL,55,57,30,532.0,15960.0
2019-05-26,2019052601004085,CHCL,49,57,487,532.0,259084.0
2019-05-26,2019052601003932,CHCL,49,29,282,533.0,150306.0
2019-05-26,2019052601003893,CHCL,49,3,13,532.0,6916.0
2019-05-26,2019052601003869,CHCL,6,29,300,533.0,159900.0
2019-05-26,2019052601003868,CHCL,35,29,18,534.0,9612.0
2019-05-26,2019052601004294,CHLBS,54,32,10,448.0,4480.0
2019-05-26,2019052601004093,CMF1,21,45,2000,9.9,19800.0
2019-05-26,2019052601004236,CZBIL,21,21,150,229.0,34350.0
2019-05-26,2019052601004208,CZBIL,16,35,990,229.0,226710.0
2019-05-26,2019052601004116,CZBIL,16,45,10,229.0,2290.0
2019-05-26,2019052601004002,CZBIL,17,22,370,228.0,84360.0
2019-05-26,2019052601004001,CZBIL,45,22,130,228.0,29640.0
2019-05-26,2019052601003839,CZBIL,35,35,10,229.0,2290.0
2019-05-26,2019052601004182,DBBL,7,17,49,148.0,7252.0
2019-05-26,2019052601003894,DBBL,28,47,100,149.0,14900.0
2019-05-26,2019052601003935,DDBL,53,17,127,735.0,93345.0
2019-05-26,2019052601003934,DDBL,53,11,45,735.0,33075.0
2019-05-26,2019052601004276,EBL,20,4,307,666.0,204462.0
2019-05-26,2019052601004249,EBL,20,17,93,666.0,61938.0
2019-05-26,2019052601004186,EBL,20,17,100,666.0,66600.0
2019-05-26,2019052601003851,EBL,45,4,400,666.0,266400.0
2019-05-26,2019052601003822,FOWAD,17,36,10,1492.0,14920.0
2019-05-26,2019052601004192,GBBL,34,17,99,223.0,22077.0
2019-05-26,2019052601004064,GBBL,34,10,800,223.0,178400.0
2019-05-26,2019052601004063,GBBL,13,10,200,223.0,44600.0
2019-05-26,2019052601003825,GBBL,42,32,50,224.0,11200.0
2019-05-26,2019052601003824,GBBL,42,17,1000,224.0,224000.0
2019-05-26,2019052601004202,GBIME,43,17,31,308.0,9548.0
2019-05-26,2019052601004201,GBIME,43,17,82,308.0,25256.0
2019-05-26,2019052601004166,GBIME,43,46,50,308.0,15400.0
2019-05-26,2019052601003881,GBIME,43,57,68,308.0,20944.0
2019-05-26,2019052601004148,GBLBS,6,28,40,379.0,15160.0
2019-05-26,2019052601004147,GBLBS,6,28,300,379.0,113700.0
2019-05-26,2019052601004146,GBLBS,55,28,45,380.0,17100.0
2019-05-26,2019052601004145,GBLBS,6,28,50,380.0,19000.0
2019-05-26,2019052601004135,GBLBS,55,45,10,380.0,3800.0
2019-05-26,2019052601004130,GBLBS,38,50,100,383.0,38300.0
2019-05-26,2019052601004123,GBLBS,38,56,224,382.0,85568.0
2019-05-26,2019052601003961,GBLBS,55,17,10,380.0,3800.0
2019-05-26,2019052601004129,GBLBS,38,11,250,383.0,95750.0
2019-05-26,2019052601004128,GBLBS,38,21,300,383.0,114900.0
2019-05-26,2019052601004127,GBLBS,38,47,100,382.0,38200.0
2019-05-26,2019052601004126,GBLBS,38,6,29,382.0,11078.0
2019-05-26,2019052601004125,GBLBS,38,32,90,382.0,34380.0
2019-05-26,2019052601004124,GBLBS,38,34,310,382.0,118420.0
2019-05-26,2019052601004214,GDBL,25,17,21,212.0,4452.0
2019-05-26,2019052601004213,GDBL,1,17,75,212.0,15900.0
2019-05-26,2019052601004089,GDBL,53,17,1000,215.0,215000.0
2019-05-26,2019052601004259,GHL,1,59,30,95.0,2850.0
2019-05-26,2019052601004150,GHL,1,10,10,95.0,950.0
2019-05-26,2019052601004149,GHL,41,10,20,95.0,1900.0
2019-05-26,2019052601004081,GHL,41,51,30,95.0,2850.0
2019-05-26,2019052601004071,GHL,41,51,30,95.0,2850.0
2019-05-26,2019052601004052,GHL,41,51,30,95.0,2850.0
2019-05-26,2019052601004006,GHL,41,10,30,95.0,2850.0
2019-05-26,2019052601003968,GHL,41,17,30,95.0,2850.0
2019-05-26,2019052601004290,GILB,58,41,95,1376.0,130720.0
2019-05-26,2019052601004283,GILB,36,42,400,1376.0,550400.0
2019-05-26,2019052601004282,GILB,58,42,75,1376.0,103200.0
2019-05-26,2019052601004266,GILB,58,16,191,1376.0,262816.0
2019-05-26,2019052601004180,GILB,58,38,50,1376.0,68800.0
2019-05-26,2019052601004095,GILB,58,39,20,1376.0,27520.0
2019-05-26,2019052601003857,GILB,58,11,20,1376.0,27520.0
2019-05-26,2019052601003796,GILB,36,57,100,1376.0,137600.0
2019-05-26,2019052601004080,GILB,58,39,18,1376.0,24768.0
2019-05-26,2019052601004036,GILB,58,58,50,1376.0,68800.0
2019-05-26,2019052601003989,GILB,58,48,19,1376.0,26144.0
2019-05-26,2019052601003970,GILB,58,48,19,1376.0,26144.0
2019-05-26,2019052601003919,GILB,58,58,20,1376.0,27520.0
2019-05-26,2019052601003874,GILB,58,17,18,1376.0,24768.0
2019-05-26,2019052601004244,GLICL,58,57,321,555.0,178155.0
2019-05-26,2019052601004226,GLICL,21,39,50,553.0,27650.0
2019-05-26,2019052601004134,HDL,53,26,80,1750.0,140000.0
2019-05-26,2019052601004133,HDL,52,26,30,1752.0,52560.0
2019-05-26,2019052601003931,HDL,52,58,20,1752.0,35040.0
2019-05-26,2019052601003930,HDL,17,58,100,1755.0,175500.0
2019-05-26,2019052601003929,HDL,7,58,100,1755.0,175500.0
2019-05-26,2019052601003928,HDL,7,58,100,1755.0,175500.0
2019-05-26,2019052601003921,HDL,10,58,10,1774.0,17740.0
2019-05-26,2019052601003911,HDL,10,58,90,1774.0,159660.0
2019-05-26,2019052601003910,HDL,48,58,10,1775.0,17750.0
2019-05-26,2019052601003801,HDL,37,5,10,1780.0,17800.0
2019-05-26,2019052601003927,HDL,55,58,200,1760.0,352000.0
2019-05-26,2019052601003926,HDL,49,58,200,1764.0,352800.0
2019-05-26,2019052601003925,HDL,45,58,20,1770.0,35400.0
2019-05-26,2019052601003924,HDL,54,58,10,1770.0,17700.0
2019-05-26,2019052601003923,HDL,43,58,20,1770.0,35400.0
2019-05-26,2019052601003922,HDL,35,58,20,1770.0,35400.0
2019-05-26,2019052601004264,HIDCL,51,45,10,167.0,1670.0
2019-05-26,2019052601004187,HIDCL,36,39,200,166.0,33200.0
2019-05-26,2019052601004110,HPPL,17,28,104,186.0,19344.0
2019-05-26,2019052601004099,HPPL,17,3,20,185.0,3700.0
2019-05-26,2019052601004098,HPPL,17,1,10,184.0,1840.0
2019-05-26,2019052601004053,HPPL,1,59,20,182.0,3640.0
2019-05-26,2019052601003900,HPPL,1,59,20,182.0,3640.0
2019-05-26,2019052601003890,HPPL,1,38,10,182.0,1820.0
2019-05-26,2019052601004293,HURJA,40,28,20,127.0,2540.0
2019-05-26,2019052601004292,HURJA,40,43,20,127.0,2540.0
2019-05-26,2019052601004291,HURJA,40,38,20,127.0,2540.0
2019-05-26,2019052601004285,HURJA,40,38,20,127.0,2540.0
2019-05-26,2019052601004284,HURJA,40,43,20,127.0,2540.0
2019-05-26,2019052601004277,HURJA,40,28,20,127.0,2540.0
2019-05-26,2019052601003830,HURJA,45,33,20,130.0,2600.0
2019-05-26,2019052601003829,HURJA,45,59,20,130.0,2600.0
2019-05-26,2019052601003828,HURJA,45,59,20,130.0,2600.0
2019-05-26,2019052601003827,HURJA,45,42,20,130.0,2600.0
2019-05-26,2019052601003826,HURJA,45,56,20,129.0,2580.0
2019-05-26,2019052601003967,HURJA,47,51,20,128.0,2560.0
2019-05-26,2019052601003920,HURJA,47,43,20,128.0,2560.0
2019-05-26,2019052601003915,HURJA,47,59,20,128.0,2560.0
2019-05-26,2019052601003909,HURJA,47,56,20,128.0,2560.0
2019-05-26,2019052601003908,HURJA,47,43,20,128.0,2560.0
2019-05-26,2019052601003844,HURJA,54,38,260,128.0,33280.0
2019-05-26,2019052601004010,HURJA,35,56,20,127.0,2540.0
2019-05-26,2019052601004009,HURJA,35,51,10,127.0,1270.0
2019-05-26,2019052601004008,HURJA,44,34,300,128.0,38400.0
2019-05-26,2019052601004007,HURJA,40,34,170,128.0,21760.0
2019-05-26,2019052601003987,HURJA,40,51,10,128.0,1280.0
2019-05-26,2019052601003974,HURJA,40,43,20,128.0,2560.0
2019-05-26,2019052601004040,HURJA,35,38,20,127.0,2540.0
2019-05-26,2019052601004039,HURJA,35,43,20,127.0,2540.0
2019-05-26,2019052601004029,HURJA,35,38,20,127.0,2540.0
2019-05-26,2019052601004028,HURJA,35,34,20,127.0,2540.0
2019-05-26,2019052601004023,HURJA,35,56,20,127.0,2540.0
2019-05-26,2019052601004022,HURJA,35,49,20,127.0,2540.0
2019-05-26,2019052601004065,HURJA,40,21,20,127.0,2540.0
2019-05-26,2019052601004051,HURJA,35,43,20,127.0,2540.0
2019-05-26,2019052601004050,HURJA,35,38,20,127.0,2540.0
2019-05-26,2019052601004048,HURJA,35,43,20,127.0,2540.0
2019-05-26,2019052601004047,HURJA,35,38,20,127.0,2540.0
2019-05-26,2019052601004041,HURJA,35,34,20,127.0,2540.0
2019-05-26,2019052601004082,HURJA,40,43,20,127.0,2540.0
2019-05-26,2019052601004079,HURJA,40,38,20,127.0,2540.0
2019-05-26,2019052601004074,HURJA,40,59,20,127.0,2540.0
2019-05-26,2019052601004072,HURJA,40,43,20,127.0,2540.0
2019-05-26,2019052601004068,HURJA,40,38,20,127.0,2540.0
2019-05-26,2019052601004066,HURJA,40,10,20,127.0,2540.0
2019-05-26,2019052601004174,HURJA,42,10,10,126.0,1260.0
2019-05-26,2019052601004172,HURJA,42,39,20,126.0,2520.0
2019-05-26,2019052601004159,HURJA,42,56,20,126.0,2520.0
2019-05-26,2019052601004094,HURJA,40,43,20,127.0,2540.0
2019-05-26,2019052601004092,HURJA,40,58,20,127.0,2540.0
2019-05-26,2019052601004084,HURJA,40,38,20,127.0,2540.0
2019-05-26,2019052601004263,HURJA,42,38,20,126.0,2520.0
2019-05-26,2019052601004258,HURJA,42,38,20,126.0,2520.0
2019-05-26,2019052601004248,HURJA,42,47,20,126.0,2520.0
2019-05-26,2019052601004245,HURJA,42,38,20,126.0,2520.0
2019-05-26,2019052601004239,HURJA,42,38,20,126.0,2520.0
2019-05-26,2019052601004185,HURJA,42,49,10,126.0,1260.0
2019-05-26,2019052601004275,HURJA,40,38,20,127.0,2540.0
2019-05-26,2019052601004274,HURJA,40,33,20,127.0,2540.0
2019-05-26,2019052601004273,HURJA,40,43,20,127.0,2540.0
2019-05-26,2019052601004272,HURJA,40,6,20,127.0,2540.0
2019-05-26,2019052601004269,HURJA,42,43,20,126.0,2520.0
2019-05-26,2019052601004265,HURJA,42,28,20,126.0,2520.0
2019-05-26,2019052601004271,JBBL,44,17,71,153.0,10863.0
2019-05-26,2019052601004270,JBBL,45,17,258,153.0,39474.0
2019-05-26,2019052601003888,JBBL,45,22,1000,153.0,153000.0
2019-05-26,2019052601003840,JBBL,45,29,55,153.0,8415.0
2019-05-26,2019052601004237,JBNL,44,52,100,210.0,21000.0
2019-05-26,2019052601004209,JBNL,44,40,200,210.0,42000.0
2019-05-26,2019052601004193,JBNL,44,45,18,210.0,3780.0
2019-05-26,2019052601003960,JBNL,25,42,100,210.0,21000.0
2019-05-26,2019052601003959,JBNL,46,42,500,210.0,105000.0
2019-05-26,2019052601003958,JBNL,53,42,1000,210.0,210000.0
2019-05-26,2019052601003936,JBNL,45,40,80,211.0,16880.0
2019-05-26,2019052601003855,JBNL,16,40,169,211.0,35659.0
2019-05-26,2019052601004017,JOSHI,33,25,20,111.0,2220.0
2019-05-26,2019052601003853,JSLBB,22,7,14,2042.0,28588.0
2019-05-26,2019052601004218,KBL,34,55,400,218.0,87200.0
2019-05-26,2019052601004217,KBL,46,55,500,218.0,109000.0
2019-05-26,2019052601004216,KBL,36,55,1000,218.0,218000.0
2019-05-26,2019052601004215,KBL,48,55,463,218.0,100934.0
2019-05-26,2019052601004181,KBL,49,55,294,219.0,64386.0
2019-05-26,2019052601004090,KBL,49,11,500,219.0,109500.0
2019-05-26,2019052601004020,KBL,49,45,206,219.0,45114.0
2019-05-26,2019052601003847,KBL,54,19,50,220.0,11000.0
2019-05-26,2019052601003904,KNBL,13,6,500,142.0,71000.0
2019-05-26,2019052601003903,KNBL,13,38,80,142.0,11360.0
2019-05-26,2019052601003800,KNBL,13,6,500,141.0,70500.0
2019-05-26,2019052601004223,LBBL,39,17,14,201.0,2814.0
2019-05-26,2019052601004222,LBBL,53,17,30,201.0,6030.0
2019-05-26,2019052601004227,LBL,42,16,500,223.0,111500.0
2019-05-26,2019052601004119,LBL,42,11,500,223.0,111500.0
2019-05-26,2019052601004229,MBL,36,22,100,269.0,26900.0
2019-05-26,2019052601004207,MBL,57,43,93,269.0,25017.0
2019-05-26,2019052601004206,MBL,52,43,100,269.0,26900.0
2019-05-26,2019052601004205,MBL,14,43,100,269.0,26900.0
2019-05-26,2019052601004204,MBL,58,43,35,269.0,9415.0
2019-05-26,2019052601004191,MBL,58,40,165,269.0,44385.0
2019-05-26,2019052601004190,MBL,34,40,35,269.0,9415.0
2019-05-26,2019052601004076,MBL,34,11,58,269.0,15602.0
2019-05-26,2019052601004075,MBL,19,11,442,269.0,118898.0
2019-05-26,2019052601003917,MBL,38,22,500,270.0,135000.0
2019-05-26,2019052601003916,MBL,38,32,500,270.0,135000.0
2019-05-26,2019052601003996,MEGA,54,8,10,197.0,1970.0
2019-05-26,2019052601003834,MEGA,22,57,100,198.0,19800.0
2019-05-26,2019052601003971,MERO,45,17,16,600.0,9600.0
2019-05-26,2019052601004016,MHNL,48,21,40,103.0,4120.0
2019-05-26,2019052601004015,MHNL,48,35,30,103.0,3090.0
2019-05-26,2019052601004014,MHNL,48,38,470,103.0,48410.0
2019-05-26,2019052601003873,MHNL,35,38,30,103.0,3090.0
2019-05-26,2019052601004158,MNBBL,43,40,52,375.0,19500.0
2019-05-26,2019052601004157,MNBBL,43,40,50,375.0,18750.0
2019-05-26,2019052601004156,MNBBL,26,40,20,375.0,7500.0
2019-05-26,2019052601004155,MNBBL,43,40,70,375.0,26250.0
2019-05-26,2019052601004154,MNBBL,6,40,20,375.0,7500.0
2019-05-26,2019052601004153,MNBBL,18,40,288,376.0,108288.0
2019-05-26,2019052601004083,MPFL,32,58,200,228.0,45600.0
2019-05-26,2019052601004241,MSLB,10,32,15,1060.0,15900.0
2019-05-26,2019052601004194,NABIL,35,42,590,840.0,495600.0
2019-05-26,2019052601004256,NADEP,29,52,40,450.0,18000.0
2019-05-26,2019052601004013,NADEP,28,52,200,451.0,90200.0
2019-05-26,2019052601003975,NADEP,56,56,10,452.0,4520.0
2019-05-26,2019052601004225,NBB,6,17,550,226.0,124300.0
2019-05-26,2019052601004162,NBB,21,33,24,227.0,5448.0
2019-05-26,2019052601003969,NBB,21,45,16,227.0,3632.0
2019-05-26,2019052601004281,NBL,34,56,863,338.0,291694.0
2019-05-26,2019052601004280,NBL,52,56,1000,338.0,338000.0
2019-05-26,2019052601004279,NBL,39,56,100,338.0,33800.0
2019-05-26,2019052601004278,NBL,57,56,37,338.0,12506.0
2019-05-26,2019052601004212,NBL,57,8,263,338.0,88894.0
2019-05-26,2019052601004211,NBL,49,8,100,338.0,33800.0
2019-05-26,2019052601004034,NBL,45,32,250,339.0,84750.0
2019-05-26,2019052601004005,NBL,46,34,1000,340.0,340000.0
2019-05-26,2019052601003880,NBL,49,34,500,340.0,170000.0
2019-05-26,2019052601003798,NBL,45,39,50,339.0,16950.0
2019-05-26,2019052601003797,NBL,6,39,50,339.0,16950.0
2019-05-26,2019052601004210,NBL,34,8,97,338.0,32786.0
2019-05-26,2019052601004151,NBL,34,49,150,338.0,50700.0
2019-05-26,2019052601004115,NBL,58,49,650,339.0,220350.0
2019-05-26,2019052601004070,NBL,49,49,100,339.0,33900.0
2019-05-26,2019052601004069,NBL,33,49,250,339.0,84750.0
2019-05-26,2019052601004035,NBL,33,32,250,339.0,84750.0
2019-05-26,2019052601004177,NCCB,49,49,500,263.0,131500.0
2019-05-26,2019052601003983,NCCB,21,49,30,263.0,7890.0
2019-05-26,2019052601003976,NCCB,45,46,500,262.0,131000.0
2019-05-26,2019052601003887,NCCB,49,49,100,263.0,26300.0
2019-05-26,2019052601003886,NCCB,50,49,500,263.0,131500.0
2019-05-26,2019052601003877,NCCB,50,16,500,263.0,131500.0
2019-05-26,2019052601003833,NCCB,50,25,1000,263.0,263000.0
2019-05-26,2019052601003832,NCCB,50,25,1000,263.0,263000.0
2019-05-26,2019052601003813,NCCB,45,25,226,262.0,59212.0
2019-05-26,2019052601003812,NCCB,49,25,500,262.0,131000.0
2019-05-26,2019052601003811,NCCB,49,25,500,262.0,131000.0
2019-05-26,2019052601003810,NCCB,49,25,274,262.0,71788.0
2019-05-26,2019052601004224,NGPL,1,59,11,124.0,1364.0
2019-05-26,2019052601004235,NIB,51,45,10,537.0,5370.0
2019-05-26,2019052601004183,NIB,6,44,50,535.0,26750.0
2019-05-26,2019052601004060,NIB,43,45,489,537.0,262593.0
2019-05-26,2019052601004059,NIB,43,39,44,537.0,23628.0
2019-05-26,2019052601004058,NIB,43,26,115,537.0,61755.0
2019-05-26,2019052601004057,NIB,43,16,561,536.0,300696.0
2019-05-26,2019052601004056,NIB,43,32,291,536.0,155976.0
2019-05-26,2019052601003982,NIB,10,17,28,534.0,14952.0
2019-05-26,2019052601003933,NIB,39,32,10,536.0,5360.0
2019-05-26,2019052601003918,NIB,39,32,10,536.0,5360.0
2019-05-26,2019052601003899,NIBPO,59,40,50,507.0,25350.0
2019-05-26,2019052601003995,NIL,43,38,50,516.0,25800.0
2019-05-26,2019052601003994,NIL,36,38,500,516.0,258000.0
2019-05-26,2019052601003993,NIL,43,38,50,516.0,25800.0
2019-05-26,2019052601003992,NIL,40,38,10,516.0,5160.0
2019-05-26,2019052601003991,NIL,22,38,50,517.0,25850.0
2019-05-26,2019052601004257,NLIC,58,58,71,937.0,66527.0
2019-05-26,2019052601004114,NLIC,32,33,50,938.0,46900.0
2019-05-26,2019052601004113,NLIC,50,33,100,938.0,93800.0
2019-05-26,2019052601004112,NLIC,56,33,300,938.0,281400.0
2019-05-26,2019052601004111,NLIC,26,33,16,938.0,15008.0
2019-05-26,2019052601003988,NLIC,26,17,17,938.0,15946.0
2019-05-26,2019052601004165,NMBMF,19,22,80,1155.0,92400.0
2019-05-26,2019052601004164,NMBMF,19,45,35,1155.0,40425.0
2019-05-26,2019052601004163,NMBMF,19,10,12,1154.0,13848.0
2019-05-26,2019052601004046,NMBMF,4,34,16,1154.0,18464.0
2019-05-26,2019052601004033,NMBMF,11,45,35,1153.0,40355.0
2019-05-26,2019052601004032,NMBMF,11,45,35,1153.0,40355.0
2019-05-26,2019052601004031,NMBMF,11,56,10,1152.0,11520.0
2019-05-26,2019052601003941,NMBMF,4,43,14,1150.0,16100.0
2019-05-26,2019052601003940,NMBMF,4,43,20,1150.0,23000.0
2019-05-26,2019052601004200,PCBL,45,20,500,315.0,157500.0
2019-05-26,2019052601004199,PCBL,55,20,500,315.0,157500.0
2019-05-26,2019052601004198,PCBL,13,20,200,315.0,63000.0
2019-05-26,2019052601004197,PCBL,6,20,230,315.0,72450.0
2019-05-26,2019052601004196,PCBL,17,20,630,316.0,199080.0
2019-05-26,2019052601004132,PCBL,49,25,302,317.0,95734.0
2019-05-26,2019052601003804,PCBL,49,22,198,317.0,62766.0
2019-05-26,2019052601003795,PCBL,49,49,500,317.0,158500.0
2019-05-26,2019052601004004,PIC,16,17,11,1200.0,13200.0
2019-05-26,2019052601003972,PIC,6,17,100,1210.0,121000.0
2019-05-26,2019052601003939,PLIC,59,34,200,466.0,93200.0
2019-05-26,2019052601004247,PMHPL,56,39,10,110.0,1100.0
2019-05-26,2019052601004144,PRIN,29,40,100,410.0,41000.0
2019-05-26,2019052601004143,PRIN,17,40,250,410.0,102500.0
2019-05-26,2019052601004142,PRIN,35,40,50,410.0,20500.0
2019-05-26,2019052601004141,PRIN,50,40,100,411.0,41100.0
2019-05-26,2019052601004169,PROFL,56,58,50,107.0,5350.0
2019-05-26,2019052601004251,PRVU,35,45,90,277.0,24930.0
2019-05-26,2019052601004220,PRVU,35,40,200,277.0,55400.0
2019-05-26,2019052601004176,PRVU,13,34,1500,278.0,417000.0
2019-05-26,2019052601004049,PRVU,44,34,334,278.0,92852.0
2019-05-26,2019052601004038,PRVU,44,7,1666,278.0,463148.0
2019-05-26,2019052601004037,PRVU,29,7,334,278.0,92852.0
2019-05-26,2019052601003938,PRVU,29,56,756,278.0,210168.0
2019-05-26,2019052601003799,PRVU,29,43,300,278.0,83400.0
2019-05-26,2019052601003895,RADHI,11,45,10,164.0,1640.0
2019-05-26,2019052601003876,RLFL,40,39,1399,140.0,195860.0
2019-05-26,2019052601003872,RLFL,38,39,250,140.0,35000.0
2019-05-26,2019052601003852,RLFL,40,32,1631,140.0,228340.0
2019-05-26,2019052601004184,RRHP,59,51,10,96.0,960.0
2019-05-26,2019052601004108,RRHP,59,1,10,96.0,960.0
2019-05-26,2019052601004106,RRHP,59,59,10,96.0,960.0
2019-05-26,2019052601003997,RRHP,59,59,10,96.0,960.0
2019-05-26,2019052601004012,RSDC,7,17,13,380.0,4940.0
2019-05-26,2019052601004011,RSDC,45,17,50,381.0,19050.0
2019-05-26,2019052601003907,RSDC,32,43,70,385.0,26950.0
2019-05-26,2019052601003906,RSDC,32,33,30,385.0,11550.0
2019-05-26,2019052601004232,SANIMA,14,17,330,356.0,117480.0
2019-05-26,2019052601003978,SANIMA,56,40,650,357.0,232050.0
2019-05-26,2019052601003977,SANIMA,56,36,204,357.0,72828.0
2019-05-26,2019052601003809,SANIMA,37,36,50,357.0,17850.0
2019-05-26,2019052601003914,SBL,42,59,100,337.0,33700.0
2019-05-26,2019052601003913,SBL,42,57,1000,337.0,337000.0
2019-05-26,2019052601003912,SBL,42,13,34,337.0,11458.0
2019-05-26,2019052601003883,SBL,58,57,40,336.0,13440.0
2019-05-26,2019052601003838,SBL,58,28,500,336.0,168000.0
2019-05-26,2019052601003836,SBL,33,28,1000,336.0,336000.0
2019-05-26,2019052601004238,SCB,50,17,20,678.0,13560.0
2019-05-26,2019052601004175,SCB,58,44,20,680.0,13600.0
2019-05-26,2019052601003964,SEF,43,58,500,9.8,4900.0
2019-05-26,2019052601003963,SEF,43,58,400,9.8,3920.0
2019-05-26,2019052601003870,SEF,47,42,2000,9.76,19520.0
2019-05-26,2019052601004000,SEOS,38,48,10000,10.42,104200.0
2019-05-26,2019052601003999,SEOS,38,16,9770,10.4,101608.0
2019-05-26,2019052601003998,SEOS,38,40,800,10.39,8312.0
2019-05-26,2019052601004231,SHINE,6,49,37,260.0,9620.0
2019-05-26,2019052601004230,SHINE,51,49,100,260.0,26000.0
2019-05-26,2019052601004255,SHIVM,21,56,50,568.0,28400.0
2019-05-26,2019052601004250,SHIVM,21,34,125,568.0,71000.0
2019-05-26,2019052601004246,SHIVM,32,34,150,568.0,85200.0
2019-05-26,2019052601004243,SHIVM,32,17,50,568.0,28400.0
2019-05-26,2019052601004233,SHIVM,32,56,50,568.0,28400.0
2019-05-26,2019052601003808,SHIVM,42,43,50,569.0,28450.0
2019-05-26,2019052601003807,SHIVM,42,44,50,569.0,28450.0
2019-05-26,2019052601003806,SHIVM,42,59,100,568.0,56800.0
2019-05-26,2019052601003951,SHIVM,57,47,115,570.0,65550.0
2019-05-26,2019052601003950,SHIVM,57,47,115,570.0,65550.0
2019-05-26,2019052601003949,SHIVM,57,44,100,570.0,57000.0
2019-05-26,2019052601003948,SHIVM,57,34,25,570.0,14250.0
2019-05-26,2019052601003902,SHIVM,14,41,15,566.0,8490.0
2019-05-26,2019052601003891,SHIVM,57,45,100,569.0,56900.0
2019-05-26,2019052601003957,SHIVM,57,34,60,570.0,34200.0
2019-05-26,2019052601003956,SHIVM,57,47,120,570.0,68400.0
2019-05-26,2019052601003955,SHIVM,57,47,115,570.0,65550.0
2019-05-26,2019052601003954,SHIVM,57,47,115,570.0,65550.0
2019-05-26,2019052601003953,SHIVM,57,47,115,570.0,65550.0
2019-05-26,2019052601003952,SHIVM,57,47,115,570.0,65550.0
2019-05-26,2019052601004120,SHIVM,42,47,1100,568.0,624800.0
2019-05-26,2019052601004109,SHIVM,42,47,500,568.0,284000.0
2019-05-26,2019052601004073,SHIVM,46,45,50,571.0,28550.0
2019-05-26,2019052601004061,SHIVM,46,16,50,570.0,28500.0
2019-05-26,2019052601004021,SHIVM,59,17,50,567.0,28350.0
2019-05-26,2019052601004221,SHIVM,32,56,50,568.0,28400.0
2019-05-26,2019052601004195,SHIVM,47,58,30,570.0,17100.0
2019-05-26,2019052601004161,SHIVM,46,47,100,568.0,56800.0
2019-05-26,2019052601004160,SHIVM,34,47,820,568.0,465760.0
2019-05-26,2019052601004137,SHIVM,34,47,180,568.0,102240.0
2019-05-26,2019052601004136,SHIVM,42,47,400,568.0,227200.0
2019-05-26,2019052601004254,SHPC,25,17,128,273.0,34944.0
2019-05-26,2019052601004253,SHPC,6,17,36,273.0,9828.0
2019-05-26,2019052601004252,SHPC,6,17,25,274.0,6850.0
2019-05-26,2019052601004178,SHPC,43,42,1961,275.0,539275.0
2019-05-26,2019052601004152,SHPC,43,17,39,274.0,10686.0
2019-05-26,2019052601003981,SHPC,43,42,25,279.0,6975.0
2019-05-26,2019052601003980,SHPC,43,46,25,277.0,6925.0
2019-05-26,2019052601003979,SHPC,43,49,50,275.0,13750.0
2019-05-26,2019052601004240,SICL,58,58,52,863.0,44876.0
2019-05-26,2019052601004045,SICL,54,48,20,862.0,17240.0
2019-05-26,2019052601003805,SICL,54,32,57,862.0,49134.0
2019-05-26,2019052601004242,SIL,42,47,196,587.0,115052.0
2019-05-26,2019052601004118,SIL,6,22,490,585.0,286650.0
2019-05-26,2019052601004097,SIL,22,22,10,585.0,5850.0
2019-05-26,2019052601004091,SMB,26,32,10,541.0,5410.0
2019-05-26,2019052601004062,SMFDB,49,34,32,565.0,18080.0
2019-05-26,2019052601004262,SRBL,13,17,12,258.0,3096.0
2019-05-26,2019052601004261,SRBL,34,17,138,259.0,35742.0
2019-05-26,2019052601004179,SRBL,34,40,200,259.0,51800.0
2019-05-26,2019052601004003,SRBL,32,39,41,260.0,10660.0
2019-05-26,2019052601003823,SWBBL,56,57,127,910.0,115570.0
2019-05-26,2019052601004289,UIC,7,37,70,1000.0,70000.0
2019-05-26,2019052601004288,UIC,7,52,10,1000.0,10000.0
2019-05-26,2019052601004287,UIC,7,59,100,1000.0,100000.0
2019-05-26,2019052601004203,UIC,4,36,300,1000.0,300000.0
2019-05-26,2019052601004131,UIC,58,36,300,1000.0,300000.0
2019-05-26,2019052601004117,UIC,58,36,200,1000.0,200000.0
2019-05-26,2019052601003859,UIC,58,34,80,998.0,79840.0
2019-05-26,2019052601003858,UIC,58,22,160,997.0,159520.0
2019-05-26,2019052601003856,UIC,45,17,30,996.0,29880.0
2019-05-26,2019052601003846,UIC,45,6,50,996.0,49800.0
2019-05-26,2019052601003845,UIC,45,55,20,995.0,19900.0
2019-05-26,2019052601003865,UIC,58,32,30,1000.0,30000.0
2019-05-26,2019052601003864,UIC,58,22,160,1000.0,160000.0
2019-05-26,2019052601003863,UIC,58,56,150,1000.0,150000.0
2019-05-26,2019052601003862,UIC,58,6,130,1000.0,130000.0
2019-05-26,2019052601003861,UIC,58,48,30,999.0,29970.0
2019-05-26,2019052601003860,UIC,58,34,100,999.0,99900.0
2019-05-26,2019052601004042,UIC,49,11,300,1000.0,300000.0
2019-05-26,2019052601004019,UIC,4,5,100,1000.0,100000.0
2019-05-26,2019052601003896,UIC,4,39,50,1000.0,50000.0
2019-05-26,2019052601003875,UIC,58,39,100,1003.0,100300.0
2019-05-26,2019052601003867,UIC,58,16,50,1002.0,50100.0
2019-05-26,2019052601003866,UIC,58,8,100,1002.0,100200.0
2019-05-26,2019052601003947,UPCL,3,39,50,95.0,4750.0
2019-05-26,2019052601003946,UPCL,3,39,50,95.0,4750.0
2019-05-26,2019052601003945,UPCL,3,39,50,95.0,4750.0
2019-05-26,2019052601003944,UPCL,3,59,50,95.0,4750.0
2019-05-26,2019052601003943,UPCL,3,52,50,95.0,4750.0
2019-05-26,2019052601003937,UPCL,17,39,50,94.0,4700.0
2019-05-26,2019052601003897,UPCL,17,38,50,94.0,4700.0
2019-05-26,2019052601003884,UPCL,17,45,50,94.0,4700.0
2019-05-26,2019052601004260,UPPER,43,39,50,281.0,14050.0
2019-05-26,2019052601004167,UPPER,44,51,50,283.0,14150.0
2019-05-26,2019052601004122,UPPER,44,51,147,283.0,41601.0
2019-05-26,2019052601004067,UPPER,43,17,50,281.0,14050.0
2019-05-26,2019052601004055,UPPER,48,7,300,282.0,84600.0
2019-05-26,2019052601004054,UPPER,43,7,390,282.0,109980.0
2019-05-26,2019052601003835,UPPER,16,45,40,283.0,11320.0
2019-05-26,2019052601003819,UPPER,16,34,903,283.0,255549.0
2019-05-26,2019052601003818,UPPER,26,34,500,283.0,141500.0
2019-05-26,2019052601003817,UPPER,51,34,97,284.0,27548.0
2019-05-26,2019052601003942,UPPER,49,51,237,283.0,67071.0
2019-05-26,2019052601003905,UPPER,49,39,40,283.0,11320.0
2019-05-26,2019052601003901,UPPER,49,38,40,283.0,11320.0
2019-05-26,2019052601003879,UPPER,49,38,183,283.0,51789.0
2019-05-26,2019052601003878,UPPER,16,38,17,283.0,4811.0
2019-05-26,2019052601003848,UPPER,16,49,40,283.0,11320.0
2019-05-26,2019052601004044,UPPER,43,34,50,282.0,14100.0
2019-05-26,2019052601004027,UPPER,43,34,40,282.0,11280.0
2019-05-26,2019052601004024,UPPER,43,34,50,282.0,14100.0
2019-05-26,2019052601003990,UPPER,43,33,20,282.0,5640.0
2019-05-26,2019052601003966,UPPER,43,33,50,282.0,14100.0
2019-05-26,2019052601003965,UPPER,58,51,100,283.0,28300.0
2019-05-26,2019052601004286,VLBS,52,21,50,552.0,27600.0
2019-05-26,2019052601004078,VLBS,52,17,12,552.0,6624.0
2019-05-26,2019052601004612,ADBL,28,38,250,428.0,107000.0
2019-05-26,2019052601004399,ADBL,57,32,53,426.0,22578.0
2019-05-26,2019052601004360,ADBL,42,38,592,428.0,253376.0
2019-05-26,2019052601004299,ADBL,42,28,300,427.0,128100.0
2019-05-26,2019052601004298,ADBL,42,45,50,426.0,21300.0
2019-05-26,2019052601004297,ADBL,42,38,58,426.0,24708.0
2019-05-26,2019052601004551,ALBSL,45,40,10,440.0,4400.0
2019-05-26,2019052601004525,ALBSL,45,40,10,440.0,4400.0
2019-05-26,2019052601004714,AMFI,6,39,10,555.0,5550.0
2019-05-26,2019052601004470,BARUN,45,56,40,97.0,3880.0
2019-05-26,2019052601004469,BARUN,1,56,30,97.0,2910.0
2019-05-26,2019052601004322,BARUN,1,7,10,97.0,970.0
2019-05-26,2019052601004740,BOKL,6,10,100,275.0,27500.0
2019-05-26,2019052601004739,BOKL,6,22,2000,275.0,550000.0
2019-05-26,2019052601004722,BOKL,49,49,13000,273.0,3549000.0
2019-05-26,2019052601004669,BOKL,43,38,100,275.0,27500.0
2019-05-26,2019052601004668,BOKL,43,34,1000,275.0,275000.0
2019-05-26,2019052601004477,BOKL,6,46,45,274.0,12330.0
2019-05-26,2019052601004786,BPCL,43,47,35,424.0,14840.0
2019-05-26,2019052601004784,BPCL,43,8,100,424.0,42400.0
2019-05-26,2019052601004777,BPCL,43,47,48,424.0,20352.0
2019-05-26,2019052601004767,BPCL,43,47,48,424.0,20352.0
2019-05-26,2019052601004750,BPCL,45,47,42,424.0,17808.0
2019-05-26,2019052601004736,BPCL,45,47,44,424.0,18656.0
2019-05-26,2019052601004633,BPCL,28,47,25,425.0,10625.0
2019-05-26,2019052601004632,BPCL,52,47,19,425.0,8075.0
2019-05-26,2019052601004614,BPCL,52,39,22,425.0,9350.0
2019-05-26,2019052601004325,BPCL,52,10,22,425.0,9350.0
2019-05-26,2019052601004310,BPCL,52,45,37,425.0,15725.0
2019-05-26,2019052601004309,BPCL,43,45,98,425.0,41650.0
2019-05-26,2019052601004672,BPCL,41,47,44,425.0,18700.0
2019-05-26,2019052601004666,BPCL,25,47,43,425.0,18275.0
2019-05-26,2019052601004657,BPCL,25,47,44,425.0,18700.0
2019-05-26,2019052601004649,BPCL,25,47,13,425.0,5525.0
2019-05-26,2019052601004648,BPCL,28,47,31,425.0,13175.0
2019-05-26,2019052601004641,BPCL,28,47,44,425.0,18700.0
2019-05-26,2019052601004723,BPCL,45,47,44,424.0,18656.0
2019-05-26,2019052601004717,BPCL,45,47,44,424.0,18656.0
2019-05-26,2019052601004706,BPCL,45,47,26,424.0,11024.0
2019-05-26,2019052601004705,BPCL,41,47,18,425.0,7650.0
2019-05-26,2019052601004696,BPCL,41,47,44,425.0,18700.0
2019-05-26,2019052601004684,BPCL,41,47,44,425.0,18700.0
2019-05-26,2019052601004758,CBBL,42,45,600,959.0,575400.0
2019-05-26,2019052601004757,CBBL,42,45,116,958.0,111128.0
2019-05-26,2019052601004756,CBBL,42,38,200,958.0,191600.0
2019-05-26,2019052601004755,CBBL,42,49,210,957.0,200970.0
2019-05-26,2019052601004754,CBBL,42,38,100,956.0,95600.0
2019-05-26,2019052601004753,CBBL,42,38,50,956.0,47800.0
2019-05-26,2019052601004752,CBBL,42,40,114,955.0,108870.0
2019-05-26,2019052601004496,CBBL,56,29,50,950.0,47500.0
2019-05-26,2019052601004763,CBL,42,55,340,147.0,49980.0
2019-05-26,2019052601004651,CBL,25,51,29,146.0,4234.0
2019-05-26,2019052601004555,CHCL,1,40,15,535.0,8025.0
2019-05-26,2019052601004502,CHCL,51,40,45,535.0,24075.0
2019-05-26,2019052601004501,CHCL,51,56,80,534.0,42720.0
2019-05-26,2019052601004395,CHCL,51,56,20,534.0,10680.0
2019-05-26,2019052601004358,CHCL,38,10,24,531.0,12744.0
2019-05-26,2019052601004720,CHLBS,54,39,10,448.0,4480.0
2019-05-26,2019052601004674,CHLBS,54,33,10,448.0,4480.0
2019-05-26,2019052601004695,CORBL,7,59,600,123.0,73800.0
2019-05-26,2019052601004694,CORBL,7,59,1000,123.0,123000.0
2019-05-26,2019052601004419,CORBL,7,47,1000,123.0,123000.0
2019-05-26,2019052601004418,CORBL,7,47,920,123.0,113160.0
2019-05-26,2019052601004726,DBBL,33,47,100,149.0,14900.0
2019-05-26,2019052601004567,EBL,21,21,452,664.0,300128.0
2019-05-26,2019052601004527,EBL,59,4,10,664.0,6640.0
2019-05-26,2019052601004498,EBL,6,4,180,664.0,119520.0
2019-05-26,2019052601004328,EBL,42,26,970,665.0,645050.0
2019-05-26,2019052601004303,EBL,42,52,30,665.0,19950.0
2019-05-26,2019052601004302,EBL,42,52,20,665.0,13300.0
2019-05-26,2019052601004590,GBBL,19,40,54,223.0,12042.0
2019-05-26,2019052601004589,GBBL,34,40,46,223.0,10258.0
2019-05-26,2019052601004556,GBBL,34,14,55,223.0,12265.0
2019-05-26,2019052601004598,GBIME,43,10,80,308.0,24640.0
2019-05-26,2019052601004597,GBIME,43,10,100,308.0,30800.0
2019-05-26,2019052601004596,GBIME,32,10,200,308.0,61600.0
2019-05-26,2019052601004595,GBIME,43,10,19,308.0,5852.0
2019-05-26,2019052601004533,GBIME,43,1,131,308.0,40348.0
2019-05-26,2019052601004532,GBIME,29,1,200,308.0,61600.0
2019-05-26,2019052601004531,GBIME,6,1,20,308.0,6160.0
2019-05-26,2019052601004530,GBIME,43,1,49,308.0,15092.0
2019-05-26,2019052601004781,GBLBS,38,38,10,379.0,3790.0
2019-05-26,2019052601004709,GBLBS,38,19,100,379.0,37900.0
2019-05-26,2019052601004697,GBLBS,38,38,10,379.0,3790.0
2019-05-26,2019052601004691,GBLBS,6,39,10,379.0,3790.0
2019-05-26,2019052601004658,GBLBS,6,38,100,379.0,37900.0
2019-05-26,2019052601004708,GHL,14,21,10,92.0,920.0
2019-05-26,2019052601004707,GHL,20,21,20,92.0,1840.0
2019-05-26,2019052601004673,GHL,6,49,25,93.0,2325.0
2019-05-26,2019052601004582,GHL,29,3,20,93.0,1860.0
2019-05-26,2019052601004573,GHL,55,1,30,93.0,2790.0
2019-05-26,2019052601004487,GHL,20,26,20,94.0,1880.0
2019-05-26,2019052601004486,GHL,29,26,10,94.0,940.0
2019-05-26,2019052601004468,GHL,29,47,30,94.0,2820.0
2019-05-26,2019052601004448,GHL,29,43,30,94.0,2820.0
2019-05-26,2019052601004437,GHL,29,43,30,94.0,2820.0
2019-05-26,2019052601004396,GHL,55,10,30,94.0,2820.0
2019-05-26,2019052601004374,GHL,1,10,30,95.0,2850.0
2019-05-26,2019052601004772,GILB,19,46,21,1376.0,28896.0
2019-05-26,2019052601004728,GILB,19,19,35,1376.0,48160.0
2019-05-26,2019052601004727,GILB,38,19,234,1376.0,321984.0
2019-05-26,2019052601004522,GILB,38,44,27,1376.0,37152.0
2019-05-26,2019052601004473,GILB,38,57,200,1376.0,275200.0
2019-05-26,2019052601004425,GILB,38,32,39,1376.0,53664.0
2019-05-26,2019052601004424,GILB,58,32,279,1376.0,383904.0
2019-05-26,2019052601004369,GILB,58,45,21,1376.0,28896.0
2019-05-26,2019052601004350,GILB,58,45,21,1376.0,28896.0
2019-05-26,2019052601004321,GILB,58,7,69,1376.0,94944.0
2019-05-26,2019052601004312,GILB,58,54,15,1376.0,20640.0
2019-05-26,2019052601004495,HBL,22,41,72,586.0,42192.0
2019-05-26,2019052601004494,HBL,28,41,118,586.0,69148.0
2019-05-26,2019052601004493,HBL,44,41,10,587.0,5870.0
2019-05-26,2019052601004655,HDL,54,10,180,1740.0,313200.0
2019-05-26,2019052601004654,HDL,22,10,20,1740.0,34800.0
2019-05-26,2019052601004565,HDL,52,36,50,1740.0,87000.0
2019-05-26,2019052601004564,HDL,48,36,25,1741.0,43525.0
2019-05-26,2019052601004563,HDL,53,36,20,1745.0,34900.0
2019-05-26,2019052601004562,HDL,39,36,50,1746.0,87300.0
2019-05-26,2019052601004561,HDL,22,36,10,1748.0,17480.0
2019-05-26,2019052601004560,HDL,57,36,20,1750.0,35000.0
2019-05-26,2019052601004559,HDL,53,36,20,1750.0,35000.0
2019-05-26,2019052601004410,HGI,34,41,70,386.0,27020.0
2019-05-26,2019052601004409,HGI,34,56,30,385.0,11550.0
2019-05-26,2019052601004745,HIDCL,44,17,61,166.0,10126.0
2019-05-26,2019052601004467,HIDCL,16,57,100,166.0,16600.0
2019-05-26,2019052601004466,HIDCL,36,57,179,166.0,29714.0
2019-05-26,2019052601004417,HIDCL,36,10,21,166.0,3486.0
2019-05-26,2019052601004783,HPPL,37,38,10,184.0,1840.0
2019-05-26,2019052601004719,HPPL,37,38,20,184.0,3680.0
2019-05-26,2019052601004711,HPPL,1,57,10,186.0,1860.0
2019-05-26,2019052601004710,HPPL,1,40,10,186.0,1860.0
2019-05-26,2019052601004667,HPPL,37,38,10,184.0,1840.0
2019-05-26,2019052601004482,HPPL,38,28,236,186.0,43896.0
2019-05-26,2019052601004481,HPPL,38,1,10,185.0,1850.0
2019-05-26,2019052601004480,HPPL,38,45,10,184.0,1840.0
2019-05-26,2019052601004479,HPPL,38,59,20,183.0,3660.0
2019-05-26,2019052601004785,HURJA,25,16,20,125.0,2500.0
2019-05-26,2019052601004764,HURJA,25,16,20,125.0,2500.0
2019-05-26,2019052601004744,HURJA,25,58,20,125.0,2500.0
2019-05-26,2019052601004730,HURJA,25,58,20,125.0,2500.0
2019-05-26,2019052601004721,HURJA,25,58,20,125.0,2500.0
2019-05-26,2019052601004716,HURJA,25,16,20,125.0,2500.0
2019-05-26,2019052601004308,HURJA,40,38,20,127.0,2540.0
2019-05-26,2019052601004300,HURJA,40,59,20,127.0,2540.0
2019-05-26,2019052601004296,HURJA,40,38,20,127.0,2540.0
2019-05-26,2019052601004295,HURJA,40,43,20,127.0,2540.0
2019-05-26,2019052601004336,HURJA,40,43,20,127.0,2540.0
2019-05-26,2019052601004334,HURJA,40,49,20,127.0,2540.0
2019-05-26,2019052601004332,HURJA,40,38,20,127.0,2540.0
2019-05-26,2019052601004326,HURJA,40,43,20,127.0,2540.0
2019-05-26,2019052601004320,HURJA,40,38,20,127.0,2540.0
2019-05-26,2019052601004313,HURJA,40,43,20,127.0,2540.0
2019-05-26,2019052601004379,HURJA,42,47,20,126.0,2520.0
2019-05-26,2019052601004371,HURJA,40,43,20,127.0,2540.0
2019-05-26,2019052601004367,HURJA,40,43,20,127.0,2540.0
2019-05-26,2019052601004359,HURJA,40,43,20,127.0,2540.0
2019-05-26,2019052601004344,HURJA,40,43,20,127.0,2540.0
2019-05-26,2019052601004339,HURJA,40,38,20,127.0,2540.0
2019-05-26,2019052601004411,HURJA,34,43,20,125.0,2500.0
2019-05-26,2019052601004398,HURJA,44,35,270,126.0,34020.0
2019-05-26,2019052601004397,HURJA,44,49,20,126.0,2520.0
2019-05-26,2019052601004394,HURJA,44,47,10,126.0,1260.0
2019-05-26,2019052601004393,HURJA,42,47,10,126.0,1260.0
2019-05-26,2019052601004387,HURJA,42,47,20,126.0,2520.0
2019-05-26,2019052601004430,HURJA,40,34,200,125.0,25000.0
2019-05-26,2019052601004429,HURJA,34,34,330,125.0,41250.0
2019-05-26,2019052601004428,HURJA,34,47,20,125.0,2500.0
2019-05-26,2019052601004426,HURJA,34,43,20,125.0,2500.0
2019-05-26,2019052601004416,HURJA,34,47,20,125.0,2500.0
2019-05-26,2019052601004415,HURJA,34,43,20,125.0,2500.0
2019-05-26,2019052601004452,HURJA,29,43,20,125.0,2500.0
2019-05-26,2019052601004451,HURJA,42,35,100,126.0,12600.0
2019-05-26,2019052601004446,HURJA,29,43,20,125.0,2500.0
2019-05-26,2019052601004441,HURJA,29,34,40,125.0,5000.0
2019-05-26,2019052601004436,HURJA,21,43,20,124.0,2480.0
2019-05-26,2019052601004489,HURJA,29,35,800,125.0,100000.0
2019-05-26,2019052601004488,HURJA,29,43,20,125.0,2500.0
2019-05-26,2019052601004485,HURJA,29,47,20,125.0,2500.0
2019-05-26,2019052601004478,HURJA,29,43,20,125.0,2500.0
2019-05-26,2019052601004471,HURJA,29,34,20,125.0,2500.0
2019-05-26,2019052601004460,HURJA,29,45,20,125.0,2500.0
2019-05-26,2019052601004520,HURJA,40,43,20,125.0,2500.0
2019-05-26,2019052601004511,HURJA,40,43,20,125.0,2500.0
2019-05-26,2019052601004504,HURJA,40,43,20,125.0,2500.0
2019-05-26,2019052601004503,HURJA,40,16,20,125.0,2500.0
2019-05-26,2019052601004492,HURJA,40,29,20,126.0,2520.0
2019-05-26,2019052601004491,HURJA,40,35,610,126.0,76860.0
2019-05-26,2019052601004553,HURJA,40,6,20,125.0,2500.0
2019-05-26,2019052601004538,HURJA,40,16,20,125.0,2500.0
2019-05-26,2019052601004537,HURJA,40,21,20,125.0,2500.0
2019-05-26,2019052601004528,HURJA,40,21,20,125.0,2500.0
2019-05-26,2019052601004526,HURJA,40,16,20,125.0,2500.0
2019-05-26,2019052601004524,HURJA,40,21,20,125.0,2500.0
2019-05-26,2019052601004611,HURJA,52,33,20,125.0,2500.0
2019-05-26,2019052601004600,HURJA,52,16,20,125.0,2500.0
2019-05-26,2019052601004594,HURJA,52,33,20,125.0,2500.0
2019-05-26,2019052601004569,HURJA,52,6,20,125.0,2500.0
2019-05-26,2019052601004558,HURJA,52,47,20,125.0,2500.0
2019-05-26,2019052601004554,HURJA,52,6,200,125.0,25000.0
2019-05-26,2019052601004660,HURJA,52,34,20,125.0,2500.0
2019-05-26,2019052601004642,HURJA,52,33,20,125.0,2500.0
2019-05-26,2019052601004634,HURJA,52,33,20,125.0,2500.0
2019-05-26,2019052601004630,HURJA,52,25,20,125.0,2500.0
2019-05-26,2019052601004628,HURJA,52,16,20,125.0,2500.0
2019-05-26,2019052601004623,HURJA,52,25,20,125.0,2500.0
2019-05-26,2019052601004701,HURJA,25,58,20,125.0,2500.0
2019-05-26,2019052601004699,HURJA,25,47,20,125.0,2500.0
2019-05-26,2019052601004688,HURJA,52,16,20,125.0,2500.0
2019-05-26,2019052601004687,HURJA,52,47,20,125.0,2500.0
2019-05-26,2019052601004686,HURJA,52,7,20,125.0,2500.0
2019-05-26,2019052601004671,HURJA,52,7,20,125.0,2500.0
2019-05-26,2019052601004408,IGI,42,26,130,410.0,53300.0
2019-05-26,2019052601004742,JBBL,1,58,1396,153.0,213588.0
2019-05-26,2019052601004439,JBBL,38,11,300,153.0,45900.0
2019-05-26,2019052601004438,JBBL,44,11,429,153.0,65637.0
2019-05-26,2019052601004773,JBNL,47,17,17,209.0,3553.0
2019-05-26,2019052601004766,JBNL,47,17,17,209.0,3553.0
2019-05-26,2019052601004762,JBNL,37,47,100,210.0,21000.0
2019-05-26,2019052601004746,JBNL,47,17,50,209.0,10450.0
2019-05-26,2019052601004738,JBNL,47,17,17,209.0,3553.0
2019-05-26,2019052601004725,JBNL,47,17,17,209.0,3553.0
2019-05-26,2019052601004388,JBNL,44,38,682,210.0,143220.0
2019-05-26,2019052601004545,JBNL,42,17,17,210.0,3570.0
2019-05-26,2019052601004544,JBNL,42,17,17,210.0,3570.0
2019-05-26,2019052601004543,JBNL,42,17,50,210.0,10500.0
2019-05-26,2019052601004542,JBNL,42,17,50,210.0,10500.0
2019-05-26,2019052601004390,JBNL,41,38,150,210.0,31500.0
2019-05-26,2019052601004389,JBNL,35,38,500,210.0,105000.0
2019-05-26,2019052601004682,JBNL,47,17,27,209.0,5643.0
2019-05-26,2019052601004616,JBNL,53,47,25,210.0,5250.0
2019-05-26,2019052601004568,JBNL,42,47,774,210.0,162540.0
2019-05-26,2019052601004548,JBNL,42,17,27,210.0,5670.0
2019-05-26,2019052601004547,JBNL,42,17,48,210.0,10080.0
2019-05-26,2019052601004546,JBNL,42,17,17,210.0,3570.0
2019-05-26,2019052601004724,JBNL,59,47,1000,210.0,210000.0
2019-05-26,2019052601004718,JBNL,47,17,17,209.0,3553.0
2019-05-26,2019052601004713,JBNL,47,17,17,209.0,3553.0
2019-05-26,2019052601004703,JBNL,47,17,27,209.0,5643.0
2019-05-26,2019052601004698,JBNL,47,17,17,209.0,3553.0
2019-05-26,2019052601004690,JBNL,47,17,17,209.0,3553.0
2019-05-26,2019052601004652,JFL,32,41,128,180.0,23040.0
2019-05-26,2019052601004572,KBBL,49,35,500,224.0,112000.0
2019-05-26,2019052601004315,KKHC,42,59,10,72.0,720.0
2019-05-26,2019052601004626,KSBBL,5,38,90,158.0,14220.0
2019-05-26,2019052601004609,KSBBL,49,21,18,157.0,2826.0
2019-05-26,2019052601004631,LBBL,33,54,50,202.0,10100.0
2019-05-26,2019052601004621,LBBL,53,52,50,203.0,10150.0
2019-05-26,2019052601004776,LBL,55,55,252,223.0,56196.0
2019-05-26,2019052601004775,LBL,55,17,82,223.0,18286.0
2019-05-26,2019052601004307,LBL,21,17,150,223.0,33450.0
2019-05-26,2019052601004670,LLBS,49,49,150,751.0,112650.0
2019-05-26,2019052601004513,MBL,14,57,240,269.0,64560.0
2019-05-26,2019052601004433,MBL,36,57,900,269.0,242100.0
2019-05-26,2019052601004384,MEGA,54,57,50,197.0,9850.0
2019-05-26,2019052601004761,MERO,45,34,32,600.0,19200.0
2019-05-26,2019052601004782,MFIL,43,45,435,121.0,52635.0
2019-05-26,2019052601004640,MFIL,47,17,126,120.0,15120.0
2019-05-26,2019052601004591,MFIL,5,45,122,121.0,14762.0
2019-05-26,2019052601004453,MHNL,48,59,40,103.0,4120.0
2019-05-26,2019052601004319,MHNL,48,28,40,103.0,4120.0
2019-05-26,2019052601004440,MNBBL,43,19,13,375.0,4875.0
2019-05-26,2019052601004490,MPFL,38,26,100,229.0,22900.0
2019-05-26,2019052601004412,MPFL,57,26,50,229.0,11450.0
2019-05-26,2019052601004386,MPFL,11,11,15,227.0,3405.0
2019-05-26,2019052601004581,NABIL,49,59,10,840.0,8400.0
2019-05-26,2019052601004575,NABIL,49,5,100,840.0,84000.0
2019-05-26,2019052601004574,NABIL,49,8,10,840.0,8400.0
2019-05-26,2019052601004392,NABIL,41,8,40,840.0,33600.0
2019-05-26,2019052601004380,NABIL,41,42,60,840.0,50400.0
2019-05-26,2019052601004329,NABIL,41,42,50,840.0,42000.0
2019-05-26,2019052601004715,NADEP,47,56,20,451.0,9020.0
2019-05-26,2019052601004301,NADEP,29,32,20,450.0,9000.0
2019-05-26,2019052601004765,NBB,26,51,100,226.0,22600.0
2019-05-26,2019052601004337,NBB,21,51,706,226.0,159556.0
2019-05-26,2019052601004331,NBB,49,51,50,226.0,11300.0
2019-05-26,2019052601004330,NBB,6,51,244,226.0,55144.0
2019-05-26,2019052601004324,NBB,6,21,706,226.0,159556.0
2019-05-26,2019052601004406,NBL,10,56,300,338.0,101400.0
2019-05-26,2019052601004405,NBL,46,56,400,338.0,135200.0
2019-05-26,2019052601004404,NBL,21,56,100,338.0,33800.0
2019-05-26,2019052601004403,NBL,57,56,1000,338.0,338000.0
2019-05-26,2019052601004402,NBL,32,56,1000,338.0,338000.0
2019-05-26,2019052601004401,NBL,26,56,500,338.0,169000.0
2019-05-26,2019052601004400,NBL,34,56,137,338.0,46306.0
2019-05-26,2019052601004364,NBL,34,28,4000,338.0,1352000.0
2019-05-26,2019052601004685,NCCB,50,58,500,263.0,131500.0
2019-05-26,2019052601004585,NCCB,50,53,500,263.0,131500.0
2019-05-26,2019052601004584,NCCB,50,55,208,263.0,54704.0
2019-05-26,2019052601004583,NCCB,50,49,731,263.0,192253.0
2019-05-26,2019052601004576,NCCB,50,44,866,262.0,226892.0
2019-05-26,2019052601004435,NCCB,50,44,100,262.0,26200.0
2019-05-26,2019052601004304,NCCB,45,8,274,262.0,71788.0
2019-05-26,2019052601004434,NCCB,1,44,500,262.0,131000.0
2019-05-26,2019052601004377,NCCB,21,44,500,262.0,131000.0
2019-05-26,2019052601004376,NCCB,57,44,1000,262.0,262000.0
2019-05-26,2019052601004375,NCCB,41,44,34,262.0,8908.0
2019-05-26,2019052601004306,NCCB,41,8,266,262.0,69692.0
2019-05-26,2019052601004305,NCCB,6,8,100,262.0,26200.0
2019-05-26,2019052601004760,NGPL,1,38,11,124.0,1364.0
2019-05-26,2019052601004759,NGPL,1,59,11,124.0,1364.0
2019-05-26,2019052601004645,NHPC,51,49,100,71.0,7100.0
2019-05-26,2019052601004536,NIB,45,45,20,537.0,10740.0
2019-05-26,2019052601004749,NICA,6,28,872,481.0,419432.0
2019-05-26,2019052601004748,NICA,4,28,500,482.0,241000.0
2019-05-26,2019052601004747,NICA,14,28,80,482.0,38560.0
2019-05-26,2019052601004643,NICA,54,5,800,483.0,386400.0
2019-05-26,2019052601004497,NICA,54,28,200,483.0,96600.0
2019-05-26,2019052601004442,NICL,4,56,300,390.0,117000.0
2019-05-26,2019052601004791,NIL,43,38,100,516.0,51600.0
2019-05-26,2019052601004790,NIL,43,38,80,516.0,41280.0
2019-05-26,2019052601004789,NIL,43,38,100,516.0,51600.0
2019-05-26,2019052601004788,NIL,43,38,70,516.0,36120.0
2019-05-26,2019052601004787,NIL,38,38,75,516.0,38700.0
2019-05-26,2019052601004794,NLIC,45,48,16,937.0,14992.0
2019-05-26,2019052601004793,NLIC,43,48,40,937.0,37480.0
2019-05-26,2019052601004792,NLIC,14,48,13,937.0,12181.0
2019-05-26,2019052601004700,NLIC,14,39,17,937.0,15929.0
2019-05-26,2019052601004599,NLIC,53,38,20,939.0,18780.0
2019-05-26,2019052601004535,NMBMF,40,48,50,1179.0,58950.0
2019-05-26,2019052601004457,NMBMF,37,49,35,1179.0,41265.0
2019-05-26,2019052601004456,NMBMF,37,47,59,1179.0,69561.0
2019-05-26,2019052601004455,NMBMF,37,38,66,1179.0,77814.0
2019-05-26,2019052601004335,NMBMF,19,5,23,1155.0,26565.0
2019-05-26,2019052601004356,NMBMF,40,14,15,1177.0,17655.0
2019-05-26,2019052601004355,NMBMF,40,11,35,1177.0,41195.0
2019-05-26,2019052601004354,NMBMF,40,42,35,1175.0,41125.0
2019-05-26,2019052601004353,NMBMF,40,11,35,1157.0,40495.0
2019-05-26,2019052601004352,NMBMF,40,5,34,1157.0,39338.0
2019-05-26,2019052601004351,NMBMF,40,51,151,1156.0,174556.0
2019-05-26,2019052601004462,NSEWA,40,56,10,447.0,4470.0
2019-05-26,2019052601004608,NTC,53,52,25,735.0,18375.0
2019-05-26,2019052601004517,NTC,26,52,100,735.0,73500.0
2019-05-26,2019052601004516,NTC,42,52,31,735.0,22785.0
2019-05-26,2019052601004449,NUBL,37,47,24,855.0,20520.0
2019-05-26,2019052601004540,OHL,59,58,10,670.0,6700.0
2019-05-26,2019052601004539,OHL,42,58,20,670.0,13400.0
2019-05-26,2019052601004570,OHL,34,40,30,670.0,20100.0
2019-05-26,2019052601004541,OHL,34,58,170,670.0,113900.0
2019-05-26,2019052601004606,OHL,16,7,100,666.0,66600.0
2019-05-26,2019052601004605,OHL,16,7,100,666.0,66600.0
2019-05-26,2019052601004604,OHL,53,7,100,666.0,66600.0
2019-05-26,2019052601004603,OHL,36,7,200,666.0,133200.0
2019-05-26,2019052601004602,OHL,39,7,100,667.0,66700.0
2019-05-26,2019052601004601,OHL,35,7,200,668.0,133600.0
2019-05-26,2019052601004617,OHL,18,40,55,670.0,36850.0
2019-05-26,2019052601004778,PCBL,41,53,200,315.0,63000.0
2019-05-26,2019052601004368,PCBL,6,35,20,316.0,6320.0
2019-05-26,2019052601004578,PICL,7,36,300,695.0,208500.0
2019-05-26,2019052601004577,PICL,7,36,500,695.0,347500.0
2019-05-26,2019052601004566,PLIC,42,14,30,465.0,13950.0
2019-05-26,2019052601004729,PMHPL,56,39,10,110.0,1100.0
2019-05-26,2019052601004712,PMHPL,56,28,10,110.0,1100.0
2019-05-26,2019052601004620,PMHPL,56,39,10,110.0,1100.0
2019-05-26,2019052601004619,PMHPL,56,1,10,110.0,1100.0
2019-05-26,2019052601004592,PMHPL,56,56,10,110.0,1100.0
2019-05-26,2019052601004629,PRIN,32,59,30,414.0,12420.0
2019-05-26,2019052601004659,PROFL,38,45,100,106.0,10600.0
2019-05-26,2019052601004735,PRVU,35,58,476,277.0,131852.0
2019-05-26,2019052601004734,PRVU,34,58,200,277.0,55400.0
2019-05-26,2019052601004733,PRVU,25,58,100,277.0,27700.0
2019-05-26,2019052601004732,PRVU,45,58,24,277.0,6648.0
2019-05-26,2019052601004665,PRVU,45,42,476,277.0,131852.0
2019-05-26,2019052601004664,PRVU,44,42,300,277.0,83100.0
2019-05-26,2019052601004361,PRVU,35,55,26,277.0,7202.0
2019-05-26,2019052601004311,PRVU,35,17,151,277.0,41827.0
2019-05-26,2019052601004500,PRVU,5,40,151,277.0,41827.0
2019-05-26,2019052601004475,PRVU,5,17,210,277.0,58170.0
2019-05-26,2019052601004474,PRVU,48,17,163,277.0,45151.0
2019-05-26,2019052601004362,PRVU,48,55,837,277.0,231849.0
2019-05-26,2019052601004588,PRVU,14,43,376,277.0,104152.0
2019-05-26,2019052601004587,PRVU,45,43,100,277.0,27700.0
2019-05-26,2019052601004586,PRVU,5,43,524,277.0,145148.0
2019-05-26,2019052601004557,PRVU,5,40,115,277.0,31855.0
2019-05-26,2019052601004663,PRVU,48,42,1000,277.0,277000.0
2019-05-26,2019052601004662,PRVU,45,42,324,277.0,89748.0
2019-05-26,2019052601004625,PRVU,45,43,176,277.0,48752.0
2019-05-26,2019052601004624,PRVU,14,43,124,277.0,34348.0
2019-05-26,2019052601004607,PRVU,3,34,70,278.0,19460.0
2019-05-26,2019052601004774,RADHI,53,59,11,163.0,1793.0
2019-05-26,2019052601004653,RADHI,35,36,11,162.0,1782.0
2019-05-26,2019052601004644,RADHI,35,36,11,162.0,1782.0
2019-05-26,2019052601004635,RADHI,35,36,11,162.0,1782.0
2019-05-26,2019052601004508,RBCLPO,42,42,10,9905.0,99050.0
2019-05-26,2019052601004507,RBCLPO,44,42,60,9905.0,594300.0
2019-05-26,2019052601004506,RBCLPO,17,42,20,9906.0,198120.0
2019-05-26,2019052601004505,RBCLPO,59,42,10,9908.0,99080.0
2019-05-26,2019052601004693,RLFL,17,58,200,139.0,27800.0
2019-05-26,2019052601004692,RLFL,22,58,100,139.0,13900.0
2019-05-26,2019052601004679,RLFL,41,39,200,139.0,27800.0
2019-05-26,2019052601004678,RLFL,47,39,500,139.0,69500.0
2019-05-26,2019052601004677,RLFL,39,39,100,139.0,13900.0
2019-05-26,2019052601004676,RLFL,40,39,1000,139.0,139000.0
2019-05-26,2019052601004661,RLFL,42,39,100,140.0,14000.0
2019-05-26,2019052601004327,RLFL,55,39,20,140.0,2800.0
2019-05-26,2019052601004323,RMDC,14,32,42,658.0,27636.0
2019-05-26,2019052601004743,RRHP,59,39,10,96.0,960.0
2019-05-26,2019052601004445,RSDC,35,57,10,385.0,3850.0
2019-05-26,2019052601004444,RSDC,35,43,20,385.0,7700.0
2019-05-26,2019052601004613,SADBL,5,1,90,150.0,13500.0
2019-05-26,2019052601004741,SANIMA,56,5,30,357.0,10710.0
2019-05-26,2019052601004521,SANIMA,45,5,30,357.0,10710.0
2019-05-26,2019052601004370,SANIMA,21,21,603,357.0,215271.0
2019-05-26,2019052601004318,SBI,50,39,200,475.0,95000.0
2019-05-26,2019052601004317,SBI,56,39,100,475.0,47500.0
2019-05-26,2019052601004316,SBI,28,39,152,476.0,72352.0
2019-05-26,2019052601004571,SBL,58,14,52,336.0,17472.0
2019-05-26,2019052601004314,SDESI,4,45,23,600.0,13800.0
2019-05-26,2019052601004650,SFFIL,56,22,10,227.0,2270.0
2019-05-26,2019052601004780,SHIVM,43,35,500,568.0,284000.0
2019-05-26,2019052601004704,SHIVM,25,35,100,569.0,56900.0
2019-05-26,2019052601004420,SHIVM,43,34,50,568.0,28400.0
2019-05-26,2019052601004385,SHIVM,43,16,50,568.0,28400.0
2019-05-26,2019052601004373,SHIVM,43,16,50,568.0,28400.0
2019-05-26,2019052601004349,SHIVM,43,48,475,567.0,269325.0
2019-05-26,2019052601004348,SHIVM,59,48,250,567.0,141750.0
2019-05-26,2019052601004347,SHIVM,21,48,775,568.0,440200.0
2019-05-26,2019052601004345,SHIVM,47,58,20,570.0,11400.0
2019-05-26,2019052601004343,SHIVM,21,28,50,568.0,28400.0
2019-05-26,2019052601004552,SHL,45,47,348,245.0,85260.0
2019-05-26,2019052601004779,SICL,54,34,80,862.0,68960.0
2019-05-26,2019052601004647,SICL,54,25,13,862.0,11206.0
2019-05-26,2019052601004646,SICL,6,25,10,863.0,8630.0
2019-05-26,2019052601004450,SICL,57,43,100,865.0,86500.0
2019-05-26,2019052601004372,SICL,6,58,10,863.0,8630.0
2019-05-26,2019052601004771,SIL,42,44,50,617.0,30850.0
2019-05-26,2019052601004689,SIL,6,50,10,606.0,6060.0
2019-05-26,2019052601004346,SIL,6,43,19,596.0,11324.0
2019-05-26,2019052601004459,SINDU,44,42,980,139.0,136220.0
2019-05-26,2019052601004458,SINDU,45,42,20,140.0,2800.0
2019-05-26,2019052601004639,SLBBL,38,52,150,492.0,73800.0
2019-05-26,2019052601004638,SLBBL,38,17,37,491.0,18167.0
2019-05-26,2019052601004637,SLBBL,38,44,148,490.0,72520.0
2019-05-26,2019052601004636,SLBBL,38,6,100,489.0,48900.0
2019-05-26,2019052601004454,SMB,26,48,10,545.0,5450.0
2019-05-26,2019052601004333,SMB,26,32,10,541.0,5410.0
2019-05-26,2019052601004770,UIC,39,41,35,1010.0,35350.0
2019-05-26,2019052601004769,UIC,19,41,100,1014.0,101400.0
2019-05-26,2019052601004768,UIC,40,41,65,1015.0,65975.0
2019-05-26,2019052601004656,UIC,39,55,20,1025.0,20500.0
2019-05-26,2019052601004580,UIC,49,56,100,1032.0,103200.0
2019-05-26,2019052601004579,UIC,7,21,40,1033.0,41320.0
2019-05-26,2019052601004340,UIC,58,16,10,1004.0,10040.0
2019-05-26,2019052601004381,UIC,39,34,50,1009.0,50450.0
2019-05-26,2019052601004378,UIC,39,55,38,1007.0,38266.0
2019-05-26,2019052601004366,UIC,39,8,60,1007.0,60420.0
2019-05-26,2019052601004365,UIC,39,21,20,1006.0,20120.0
2019-05-26,2019052601004342,UIC,58,59,500,1005.0,502500.0
2019-05-26,2019052601004341,UIC,58,50,320,1005.0,321600.0
2019-05-26,2019052601004421,UIC,39,59,20,1013.0,20260.0
2019-05-26,2019052601004414,UIC,49,21,50,1012.0,50600.0
2019-05-26,2019052601004413,UIC,49,7,50,1012.0,50600.0
2019-05-26,2019052601004407,UIC,39,57,51,1010.0,51510.0
2019-05-26,2019052601004383,UIC,39,59,20,1010.0,20200.0
2019-05-26,2019052601004382,UIC,39,52,100,1010.0,101000.0
2019-05-26,2019052601004447,UIC,19,52,150,1015.0,152250.0
2019-05-26,2019052601004432,UIC,19,52,150,1015.0,152250.0
2019-05-26,2019052601004431,UIC,19,37,50,1015.0,50750.0
2019-05-26,2019052601004427,UIC,4,29,100,1014.0,101400.0
2019-05-26,2019052601004423,UIC,39,40,100,1013.0,101300.0
2019-05-26,2019052601004422,UIC,39,47,100,1013.0,101300.0
2019-05-26,2019052601004484,UIC,7,34,70,1025.0,71750.0
2019-05-26,2019052601004483,UIC,7,49,130,1024.0,133120.0
2019-05-26,2019052601004472,UIC,18,34,10,1013.0,10130.0
2019-05-26,2019052601004465,UIC,21,34,50,1020.0,51000.0
2019-05-26,2019052601004464,UIC,21,4,300,1020.0,306000.0
2019-05-26,2019052601004463,UIC,21,22,10,1020.0,10200.0
2019-05-26,2019052601004529,UIC,4,21,10,1033.0,10330.0
2019-05-26,2019052601004515,UIC,58,21,50,1033.0,51650.0
2019-05-26,2019052601004512,UIC,4,47,40,1030.0,41200.0
2019-05-26,2019052601004510,UIC,58,47,10,1030.0,10300.0
2019-05-26,2019052601004509,UIC,58,21,40,1030.0,41200.0
2019-05-26,2019052601004499,UIC,39,34,30,1025.0,30750.0
2019-05-26,2019052601004731,UMHL,13,48,72,119.0,8568.0
2019-05-26,2019052601004675,UPCL,3,38,50,95.0,4750.0
2019-05-26,2019052601004476,UPCL,3,46,30,95.0,2850.0
2019-05-26,2019052601004751,UPPER,47,39,40,280.0,11200.0
2019-05-26,2019052601004737,UPPER,47,38,40,280.0,11200.0
2019-05-26,2019052601004702,UPPER,29,8,256,281.0,71936.0
2019-05-26,2019052601004683,UPPER,47,38,50,280.0,14000.0
2019-05-26,2019052601004681,UPPER,47,34,16,280.0,4480.0
2019-05-26,2019052601004680,UPPER,33,34,34,280.0,9520.0
2019-05-26,2019052601004443,UPPER,34,45,140,282.0,39480.0
2019-05-26,2019052601004391,UPPER,34,44,50,282.0,14100.0
2019-05-26,2019052601004363,UPPER,21,51,166,281.0,46646.0
2019-05-26,2019052601004357,UPPER,21,45,40,281.0,11240.0
2019-05-26,2019052601004338,UPPER,21,32,40,281.0,11240.0
2019-05-26,2019052601004534,UPPER,46,46,50,281.0,14050.0
2019-05-26,2019052601004523,UPPER,46,46,50,281.0,14050.0
2019-05-26,2019052601004519,UPPER,46,21,26,281.0,7306.0
2019-05-26,2019052601004518,UPPER,21,21,14,281.0,3934.0
2019-05-26,2019052601004514,UPPER,21,32,40,281.0,11240.0
2019-05-26,2019052601004461,UPPER,34,33,610,282.0,172020.0
2019-05-26,2019052601004618,UPPER,38,48,50,281.0,14050.0
2019-05-26,2019052601004615,UPPER,38,34,50,281.0,14050.0
2019-05-26,2019052601004610,UPPER,38,22,100,281.0,28100.0
2019-05-26,2019052601004593,UPPER,38,40,40,281.0,11240.0
2019-05-26,2019052601004550,UPPER,38,46,16,281.0,4496.0
2019-05-26,2019052601004549,UPPER,46,46,24,281.0,6744.0
2019-05-26,2019052601004627,UPPER,33,39,50,280.0,14000.0
2019-05-26,2019052601004622,UPPER,38,8,244,281.0,68564.0
2019-05-26,2019052601006292,ADBL,28,28,5,416.0,2080.0
2019-05-26,2019052601006291,ADBL,16,42,50,424.0,21200.0
2019-05-26,2019052601006290,ADBL,45,42,60,424.0,25440.0
2019-05-26,2019052601006219,ADBL,28,28,5,416.0,2080.0
2019-05-26,2019052601006160,ADBL,45,58,60,424.0,25440.0
2019-05-26,2019052601005818,ADBL,45,25,50,424.0,21200.0
2019-05-26,2019052601006128,AKPL,7,55,10,196.0,1960.0
2019-05-26,2019052601006182,ALBSL,42,42,10,439.0,4390.0
2019-05-26,2019052601006077,ALBSL,42,58,10,439.0,4390.0
2019-05-26,2019052601005909,ALBSL,42,41,10,439.0,4390.0
2019-05-26,2019052601005810,ALBSL,55,41,10,438.0,4380.0
2019-05-26,2019052601005812,API,1,44,2000,159.0,318000.0
2019-05-26,2019052601006163,BFC,17,19,100,105.0,10500.0
2019-05-26,2019052601006268,BOKL,45,11,100,274.0,27400.0
2019-05-26,2019052601006260,BOKL,45,11,100,274.0,27400.0
2019-05-26,2019052601006055,BOKL,52,38,200,274.0,54800.0
2019-05-26,2019052601005991,BOKL,55,16,1455,274.0,398670.0
2019-05-26,2019052601005956,BOKL,52,16,150,274.0,41100.0
2019-05-26,2019052601005955,BOKL,56,16,100,274.0,27400.0
2019-05-26,2019052601005954,BOKL,38,16,150,274.0,41100.0
2019-05-26,2019052601005885,BOKL,10,49,20,275.0,5500.0
2019-05-26,2019052601005983,BPCL,6,41,11,420.0,4620.0
2019-05-26,2019052601005959,BPCL,6,14,11,420.0,4620.0
2019-05-26,2019052601005924,BPCL,6,41,11,420.0,4620.0
2019-05-26,2019052601005900,BPCL,6,49,28,420.0,11760.0
2019-05-26,2019052601005852,BPCL,6,41,11,420.0,4620.0
2019-05-26,2019052601006166,CBBL,56,58,115,950.0,109250.0
2019-05-26,2019052601005994,CBBL,33,22,368,955.0,351440.0
2019-05-26,2019052601005926,CBBL,56,50,19,950.0,18050.0
2019-05-26,2019052601005822,CBBL,16,22,50,955.0,47750.0
2019-05-26,2019052601005821,CBBL,45,22,150,955.0,143250.0
2019-05-26,2019052601006284,CBL,42,58,200,147.0,29400.0
2019-05-26,2019052601005889,CBL,11,58,500,147.0,73500.0
2019-05-26,2019052601006267,CCBL,38,41,18,168.0,3024.0
2019-05-26,2019052601006266,CCBL,6,41,86,168.0,14448.0
2019-05-26,2019052601006253,CCBL,47,47,1,168.0,168.0
2019-05-26,2019052601006232,CCBL,28,28,2,165.0,330.0
2019-05-26,2019052601006192,CCBL,6,42,94,168.0,15792.0
2019-05-26,2019052601006191,CCBL,6,45,700,168.0,117600.0
2019-05-26,2019052601006186,CCBL,6,33,105,168.0,17640.0
2019-05-26,2019052601006106,CCBL,6,42,15,168.0,2520.0
2019-05-26,2019052601006099,CEFL,6,26,10,103.0,1030.0
2019-05-26,2019052601006230,CHCL,47,47,1,531.0,531.0
2019-05-26,2019052601006174,CHCL,22,58,126,531.0,66906.0
2019-05-26,2019052601006083,CHLBS,47,16,10,448.0,4480.0
2019-05-26,2019052601005855,CHLBS,36,41,10,446.0,4460.0
2019-05-26,2019052601006164,CZBIL,49,33,114,228.0,25992.0
2019-05-26,2019052601006131,CZBIL,49,14,475,228.0,108300.0
2019-05-26,2019052601006109,CZBIL,57,14,15,228.0,3420.0
2019-05-26,2019052601006108,CZBIL,46,14,200,228.0,45600.0
2019-05-26,2019052601006107,CZBIL,11,14,310,228.0,70680.0
2019-05-26,2019052601006040,CZBIL,11,6,190,228.0,43320.0
2019-05-26,2019052601006039,CZBIL,49,6,810,228.0,184680.0
2019-05-26,2019052601005813,CZBIL,47,47,2,228.0,456.0
2019-05-26,2019052601006203,DBBL,38,34,200,148.0,29600.0
2019-05-26,2019052601006202,DBBL,57,34,100,148.0,14800.0
2019-05-26,2019052601005823,DBBL,25,48,14,148.0,2072.0
2019-05-26,2019052601005841,DDBL,49,38,125,726.0,90750.0
2019-05-26,2019052601005840,DDBL,43,38,200,727.0,145400.0
2019-05-26,2019052601005839,DDBL,43,38,200,727.0,145400.0
2019-05-26,2019052601005838,DDBL,43,38,100,727.0,72700.0
2019-05-26,2019052601005837,DDBL,35,38,20,728.0,14560.0
2019-05-26,2019052601006110,DHPL,56,28,169,72.0,12168.0
2019-05-26,2019052601005887,EBL,25,17,10,663.0,6630.0
2019-05-26,2019052601005886,EBL,51,17,90,663.0,59670.0
2019-05-26,2019052601006206,EIC,55,32,50,430.0,21500.0
2019-05-26,2019052601006205,EIC,55,32,20,430.0,8600.0
2019-05-26,2019052601006204,EIC,55,32,20,430.0,8600.0
2019-05-26,2019052601006238,GBBL,28,28,4,219.0,876.0
2019-05-26,2019052601006158,GBBL,1,33,110,223.0,24530.0
2019-05-26,2019052601006053,GBBL,1,26,59,223.0,13157.0
2019-05-26,2019052601006052,GBBL,14,26,500,223.0,111500.0
2019-05-26,2019052601006051,GBBL,44,26,441,223.0,98343.0
2019-05-26,2019052601005895,GBBL,44,17,500,223.0,111500.0
2019-05-26,2019052601005870,GBBL,44,16,59,223.0,13157.0
2019-05-26,2019052601005869,GBBL,44,16,271,223.0,60433.0
2019-05-26,2019052601005854,GBBL,44,45,125,223.0,27875.0
2019-05-26,2019052601006145,GBIME,39,33,100,307.0,30700.0
2019-05-26,2019052601006008,GBIME,39,51,22,307.0,6754.0
2019-05-26,2019052601006007,GBIME,43,51,50,307.0,15350.0
2019-05-26,2019052601006006,GBIME,43,51,100,307.0,30700.0
2019-05-26,2019052601006005,GBIME,43,51,28,307.0,8596.0
2019-05-26,2019052601005891,GBIME,17,46,50,308.0,15400.0
2019-05-26,2019052601005797,GBIME,25,46,50,307.0,15350.0
2019-05-26,2019052601005796,GBIME,45,46,78,307.0,23946.0
2019-05-26,2019052601005803,GBIME,43,46,122,307.0,37454.0
2019-05-26,2019052601005802,GBIME,14,46,100,307.0,30700.0
2019-05-26,2019052601005801,GBIME,40,46,500,307.0,153500.0
2019-05-26,2019052601005800,GBIME,44,46,50,307.0,15350.0
2019-05-26,2019052601005799,GBIME,16,46,1000,307.0,307000.0
2019-05-26,2019052601005798,GBIME,25,46,100,307.0,30700.0
2019-05-26,2019052601006133,GBLBS,19,33,140,382.0,53480.0
2019-05-26,2019052601006132,GBLBS,19,19,100,382.0,38200.0
2019-05-26,2019052601005865,GDBL,14,17,197,212.0,41764.0
2019-05-26,2019052601005864,GDBL,49,17,209,212.0,44308.0
2019-05-26,2019052601006100,GDBL,53,26,1000,211.0,211000.0
2019-05-26,2019052601005990,GDBL,53,38,598,211.0,126178.0
2019-05-26,2019052601006294,GHL,29,16,20,89.0,1780.0
2019-05-26,2019052601006293,GHL,14,16,10,89.0,890.0
2019-05-26,2019052601006276,GILB,38,57,11,1376.0,15136.0
2019-05-26,2019052601006275,GILB,34,57,10,1376.0,13760.0
2019-05-26,2019052601006147,GILB,38,57,19,1376.0,26144.0
2019-05-26,2019052601005857,GILB,38,47,19,1376.0,26144.0
2019-05-26,2019052601006272,HBL,6,19,52,582.0,30264.0
2019-05-26,2019052601006264,HBL,6,58,21,582.0,12222.0
2019-05-26,2019052601006035,HBL,6,22,68,582.0,39576.0
2019-05-26,2019052601006196,HDL,32,58,340,1700.0,578000.0
2019-05-26,2019052601006195,HDL,13,58,50,1700.0,85000.0
2019-05-26,2019052601006194,HDL,32,58,100,1701.0,170100.0
2019-05-26,2019052601006193,HDL,25,58,10,1702.0,17020.0
2019-05-26,2019052601006184,HDL,50,58,21,1700.0,35700.0
2019-05-26,2019052601006073,HDL,50,36,25,1700.0,42500.0
2019-05-26,2019052601006047,HDL,22,58,50,1720.0,86000.0
2019-05-26,2019052601005873,HDL,50,39,50,1720.0,86000.0
2019-05-26,2019052601005844,HDL,39,39,50,1720.0,86000.0
2019-05-26,2019052601006072,HDL,58,36,30,1700.0,51000.0
2019-05-26,2019052601006071,HDL,53,36,20,1700.0,34000.0
2019-05-26,2019052601006070,HDL,52,36,50,1700.0,85000.0
2019-05-26,2019052601006069,HDL,39,36,20,1701.0,34020.0
2019-05-26,2019052601006068,HDL,22,36,50,1706.0,85300.0
2019-05-26,2019052601006067,HDL,49,36,100,1710.0,171000.0
2019-05-26,2019052601006024,HGI,7,19,34,383.0,13022.0
2019-05-26,2019052601006261,HIDCL,36,17,61,165.0,10065.0
2019-05-26,2019052601006254,HIDCL,36,29,61,165.0,10065.0
2019-05-26,2019052601006233,HIDCL,36,29,61,165.0,10065.0
2019-05-26,2019052601006208,HIDCL,36,29,61,165.0,10065.0
2019-05-26,2019052601006185,HIDCL,36,29,61,165.0,10065.0
2019-05-26,2019052601006152,HIDCL,42,42,5000,165.0,825000.0
2019-05-26,2019052601006113,HIDCL,1,32,500,165.0,82500.0
2019-05-26,2019052601006112,HIDCL,45,32,984,165.0,162360.0
2019-05-26,2019052601005862,HIDCL,38,42,1000,166.0,166000.0
2019-05-26,2019052601005861,HIDCL,45,42,49,166.0,8134.0
2019-05-26,2019052601005860,HIDCL,19,42,200,166.0,33200.0
2019-05-26,2019052601005830,HIDCL,45,58,61,166.0,10126.0
2019-05-26,2019052601006146,HIDCL,6,36,30,164.0,4920.0
2019-05-26,2019052601006118,HIDCL,48,32,2000,165.0,330000.0
2019-05-26,2019052601006117,HIDCL,41,32,500,165.0,82500.0
2019-05-26,2019052601006116,HIDCL,6,32,1000,165.0,165000.0
2019-05-26,2019052601006115,HIDCL,38,32,1000,165.0,165000.0
2019-05-26,2019052601006114,HIDCL,6,32,50,165.0,8250.0
2019-05-26,2019052601006255,HPPL,1,38,10,186.0,1860.0
2019-05-26,2019052601006098,HPPL,1,14,10,186.0,1860.0
2019-05-26,2019052601006075,HPPL,1,46,10,186.0,1860.0
2019-05-26,2019052601005953,HPPL,1,13,10,185.0,1850.0
2019-05-26,2019052601005952,HPPL,1,13,10,186.0,1860.0
2019-05-26,2019052601006282,HURJA,43,51,20,130.0,2600.0
2019-05-26,2019052601006258,HURJA,43,51,20,130.0,2600.0
2019-05-26,2019052601006256,HURJA,43,41,20,130.0,2600.0
2019-05-26,2019052601006218,HURJA,43,19,20,132.0,2640.0
2019-05-26,2019052601006217,HURJA,43,59,20,132.0,2640.0
2019-05-26,2019052601006216,HURJA,43,59,10,132.0,1320.0
2019-05-26,2019052601005916,HURJA,28,35,20,127.0,2540.0
2019-05-26,2019052601005915,HURJA,28,56,20,127.0,2540.0
2019-05-26,2019052601005914,HURJA,28,56,20,127.0,2540.0
2019-05-26,2019052601005913,HURJA,28,56,20,127.0,2540.0
2019-05-26,2019052601005912,HURJA,28,43,20,127.0,2540.0
2019-05-26,2019052601005836,HURJA,40,34,20,125.0,2500.0
2019-05-26,2019052601005922,HURJA,28,39,20,127.0,2540.0
2019-05-26,2019052601005921,HURJA,28,39,20,127.0,2540.0
2019-05-26,2019052601005920,HURJA,28,52,10,127.0,1270.0
2019-05-26,2019052601005919,HURJA,28,35,20,127.0,2540.0
2019-05-26,2019052601005918,HURJA,28,43,20,127.0,2540.0
2019-05-26,2019052601005917,HURJA,28,56,20,127.0,2540.0
2019-05-26,2019052601006129,HURJA,43,14,20,128.0,2560.0
2019-05-26,2019052601006042,HURJA,28,17,20,126.0,2520.0
2019-05-26,2019052601006034,HURJA,28,17,10,126.0,1260.0
2019-05-26,2019052601006017,HURJA,28,42,20,126.0,2520.0
2019-05-26,2019052601005998,HURJA,28,17,20,126.0,2520.0
2019-05-26,2019052601005923,HURJA,28,35,20,127.0,2540.0
2019-05-26,2019052601006215,HURJA,43,59,20,132.0,2640.0
2019-05-26,2019052601006214,HURJA,43,59,20,132.0,2640.0
2019-05-26,2019052601006213,HURJA,43,59,20,132.0,2640.0
2019-05-26,2019052601006212,HURJA,43,59,20,132.0,2640.0
2019-05-26,2019052601006162,HURJA,51,21,20,130.0,2600.0
2019-05-26,2019052601006161,HURJA,51,35,20,129.0,2580.0
2019-05-26,2019052601006273,ICFC,57,16,1555,162.0,251910.0
2019-05-26,2019052601005996,ICFC,57,17,545,162.0,88290.0
2019-05-26,2019052601005995,ICFC,6,17,14,162.0,2268.0
2019-05-26,2019052601005901,IGI,45,56,50,404.0,20200.0
2019-05-26,2019052601006187,JBBL,50,56,77,153.0,11781.0
2019-05-26,2019052601006138,JBBL,1,6,4,153.0,612.0
2019-05-26,2019052601006137,JBBL,1,33,100,153.0,15300.0
2019-05-26,2019052601005795,JBBL,1,57,500,153.0,76500.0
2019-05-26,2019052601006287,JBNL,34,19,41,209.0,8569.0
2019-05-26,2019052601006286,JBNL,57,19,25,209.0,5225.0
2019-05-26,2019052601006016,JBNL,57,38,200,209.0,41800.0
2019-05-26,2019052601005972,JBNL,57,21,250,209.0,52250.0
2019-05-26,2019052601005934,JBNL,57,55,25,209.0,5225.0
2019-05-26,2019052601005933,JBNL,38,55,748,209.0,156332.0
2019-05-26,2019052601005927,JBNL,38,48,500,209.0,104500.0
2019-05-26,2019052601005878,JBNL,38,54,752,209.0,157168.0
2019-05-26,2019052601005877,JBNL,6,54,2000,209.0,418000.0
2019-05-26,2019052601005876,JBNL,52,54,20,209.0,4180.0
2019-05-26,2019052601005875,JBNL,3,54,24,209.0,5016.0
2019-05-26,2019052601005871,KBL,26,19,76,218.0,16568.0
2019-05-26,2019052601006136,KRBL,37,14,200,109.0,21800.0
2019-05-26,2019052601006135,KRBL,41,14,100,109.0,10900.0
2019-05-26,2019052601006134,KRBL,41,14,200,109.0,21800.0
2019-05-26,2019052601005970,KRBL,35,38,200,110.0,22000.0
2019-05-26,2019052601005969,KRBL,16,38,150,110.0,16500.0
2019-05-26,2019052601005968,KRBL,58,38,24,111.0,2664.0
2019-05-26,2019052601005961,KRBL,21,19,43,112.0,4816.0
2019-05-26,2019052601005960,KRBL,21,57,57,111.0,6327.0
2019-05-26,2019052601006023,KSBBL,1,17,186,156.0,29016.0
2019-05-26,2019052601006022,KSBBL,45,17,200,156.0,31200.0
2019-05-26,2019052601006021,KSBBL,56,17,500,156.0,78000.0
2019-05-26,2019052601006004,KSBBL,49,58,2000,157.0,314000.0
2019-05-26,2019052601006003,KSBBL,49,58,1438,157.0,225766.0
2019-05-26,2019052601006283,LBBL,33,41,18,202.0,3636.0
2019-05-26,2019052601005842,LBBL,33,21,151,202.0,30502.0
2019-05-26,2019052601005834,LBBL,21,48,151,203.0,30653.0
2019-05-26,2019052601006104,LGIL,16,34,200,502.0,100400.0
2019-05-26,2019052601006103,LGIL,42,34,50,503.0,25150.0
2019-05-26,2019052601006102,LGIL,56,34,250,503.0,125750.0
2019-05-26,2019052601006057,LGIL,21,56,75,503.0,37725.0
2019-05-26,2019052601005980,LICN,28,32,100,1910.0,191000.0
2019-05-26,2019052601005979,LICN,28,1,50,1910.0,95500.0
2019-05-26,2019052601005978,LICN,28,28,20,1910.0,38200.0
2019-05-26,2019052601005977,LICN,28,7,100,1909.0,190900.0
2019-05-26,2019052601005976,LICN,28,35,200,1908.0,381600.0
2019-05-26,2019052601006239,MBL,59,58,10,268.0,2680.0
2019-05-26,2019052601006235,MBL,14,22,25,269.0,6725.0
2019-05-26,2019052601006234,MBL,34,22,140,269.0,37660.0
2019-05-26,2019052601006229,MEGA,14,42,53,195.0,10335.0
2019-05-26,2019052601006086,MEGA,14,13,200,195.0,39000.0
2019-05-26,2019052601005966,MEGA,14,43,39,195.0,7605.0
2019-05-26,2019052601005904,MEGA,53,43,100,195.0,19500.0
2019-05-26,2019052601005903,MEGA,19,43,461,195.0,89895.0
2019-05-26,2019052601005859,MEGA,19,45,39,195.0,7605.0
2019-05-26,2019052601006089,MHNL,35,35,40,102.0,4080.0
2019-05-26,2019052601006236,MNBBL,42,42,444,376.0,166944.0
2019-05-26,2019052601006046,MNBBL,14,50,99,377.0,37323.0
2019-05-26,2019052601006045,MNBBL,42,50,901,377.0,339677.0
2019-05-26,2019052601005982,MNBBL,42,51,1100,377.0,414700.0
2019-05-26,2019052601005967,MSMBS,58,58,11,490.0,5390.0
2019-05-26,2019052601006094,NABIL,11,3,840,836.0,702240.0
2019-05-26,2019052601006093,NABIL,35,3,150,836.0,125400.0
2019-05-26,2019052601006092,NABIL,39,3,20,836.0,16720.0
2019-05-26,2019052601006091,NABIL,45,3,20,837.0,16740.0
2019-05-26,2019052601006090,NABIL,50,3,11,837.0,9207.0
2019-05-26,2019052601006066,NABIL,50,55,63,837.0,52731.0
2019-05-26,2019052601006199,NADEP,41,49,33,450.0,14850.0
2019-05-26,2019052601006198,NADEP,41,49,17,450.0,7650.0
2019-05-26,2019052601006197,NADEP,41,49,100,450.0,45000.0
2019-05-26,2019052601006159,NADEP,57,36,20,450.0,9000.0
2019-05-26,2019052601005931,NADEP,57,41,20,450.0,9000.0
2019-05-26,2019052601005867,NADEP,57,41,20,450.0,9000.0
2019-05-26,2019052601006274,NBB,41,33,334,225.0,75150.0
2019-05-26,2019052601006178,NBB,45,33,40,225.0,9000.0
2019-05-26,2019052601006177,NBB,28,33,150,225.0,33750.0
2019-05-26,2019052601006176,NBB,57,33,47,225.0,10575.0
2019-05-26,2019052601006127,NBB,57,33,153,225.0,34425.0
2019-05-26,2019052601006126,NBB,6,33,61,225.0,13725.0
2019-05-26,2019052601006122,NBB,6,57,262,225.0,58950.0
2019-05-26,2019052601006289,NBL,42,52,1000,337.0,337000.0
2019-05-26,2019052601006288,NBL,42,54,183,337.0,61671.0
2019-05-26,2019052601006190,NBL,45,54,100,337.0,33700.0
2019-05-26,2019052601006189,NBL,45,54,150,337.0,50550.0
2019-05-26,2019052601006188,NBL,45,54,67,337.0,22579.0
2019-05-26,2019052601006125,NBL,45,58,133,337.0,44821.0
2019-05-26,2019052601005949,NBL,29,55,500,337.0,168500.0
2019-05-26,2019052601005948,NBL,17,55,40,337.0,13480.0
2019-05-26,2019052601005947,NBL,25,55,194,337.0,65378.0
2019-05-26,2019052601006124,NBL,59,58,500,337.0,168500.0
2019-05-26,2019052601006123,NBL,32,58,234,337.0,78858.0
2019-05-26,2019052601005958,NBL,32,17,266,337.0,89642.0
2019-05-26,2019052601005957,NBL,50,17,34,337.0,11458.0
2019-05-26,2019052601005951,NBL,50,55,66,337.0,22242.0
2019-05-26,2019052601005950,NBL,57,55,200,337.0,67400.0
2019-05-26,2019052601006265,NCCB,51,38,150,262.0,39300.0
2019-05-26,2019052601006157,NCCB,41,38,500,262.0,131000.0
2019-05-26,2019052601006020,NCCB,50,51,350,262.0,91700.0
2019-05-26,2019052601006015,NCCB,53,51,50,262.0,13100.0
2019-05-26,2019052601006000,NCCB,45,51,100,262.0,26200.0
2019-05-26,2019052601005930,NCCB,50,56,323,262.0,84626.0
2019-05-26,2019052601005850,NCCB,34,56,1000,262.0,262000.0
2019-05-26,2019052601005849,NCCB,1,56,250,262.0,65500.0
2019-05-26,2019052601005848,NCCB,22,56,27,262.0,7074.0
2019-05-26,2019052601005847,NCCB,41,56,200,262.0,52400.0
2019-05-26,2019052601005846,NCCB,57,56,100,262.0,26200.0
2019-05-26,2019052601005845,NCCB,58,56,100,262.0,26200.0
2019-05-26,2019052601006262,NHPC,52,58,1243,70.0,87010.0
2019-05-26,2019052601006228,NHPC,35,58,1000,70.0,70000.0
2019-05-26,2019052601006227,NHPC,21,58,500,70.0,35000.0
2019-05-26,2019052601006226,NHPC,48,58,200,70.0,14000.0
2019-05-26,2019052601006225,NHPC,56,58,850,70.0,59500.0
2019-05-26,2019052601006224,NHPC,6,58,40,70.0,2800.0
2019-05-26,2019052601006167,NHPC,56,35,490,71.0,34790.0
2019-05-26,2019052601006012,NHPC,56,26,1510,71.0,107210.0
2019-05-26,2019052601006011,NHPC,51,26,290,71.0,20590.0
2019-05-26,2019052601006223,NHPC,26,58,100,70.0,7000.0
2019-05-26,2019052601006222,NHPC,5,58,1000,70.0,70000.0
2019-05-26,2019052601006221,NHPC,5,58,500,70.0,35000.0
2019-05-26,2019052601006220,NHPC,33,58,990,71.0,70290.0
2019-05-26,2019052601006169,NHPC,33,35,10,71.0,710.0
2019-05-26,2019052601006168,NHPC,29,35,500,71.0,35500.0
2019-05-26,2019052601006285,NIB,21,1,20,536.0,10720.0
2019-05-26,2019052601006074,NIB,6,21,44,535.0,23540.0
2019-05-26,2019052601005866,NIB,6,17,20,535.0,10700.0
2019-05-26,2019052601005829,NIB,26,38,278,536.0,149008.0
2019-05-26,2019052601006279,NICA,47,47,1,480.0,480.0
2019-05-26,2019052601006181,NICA,59,48,42,480.0,20160.0
2019-05-26,2019052601006180,NICA,4,48,458,480.0,219840.0
2019-05-26,2019052601006050,NICA,4,42,42,480.0,20160.0
2019-05-26,2019052601006033,NICA,28,42,1000,480.0,480000.0
2019-05-26,2019052601006032,NICA,4,42,500,480.0,240000.0
2019-05-26,2019052601005888,NICA,6,16,200,481.0,96200.0
2019-05-26,2019052601005828,NICA,54,49,400,482.0,192800.0
2019-05-26,2019052601005827,NICA,49,49,92,482.0,44344.0
2019-05-26,2019052601006025,NICA,50,42,232,481.0,111592.0
2019-05-26,2019052601005940,NICA,50,22,468,481.0,225108.0
2019-05-26,2019052601005939,NICA,14,22,150,481.0,72150.0
2019-05-26,2019052601005938,NICA,4,22,500,481.0,240500.0
2019-05-26,2019052601005937,NICA,33,22,1000,481.0,481000.0
2019-05-26,2019052601005936,NICA,6,22,128,481.0,61568.0
2019-05-26,2019052601006031,NICA,6,42,2000,480.0,960000.0
2019-05-26,2019052601006030,NICA,42,42,100,480.0,48000.0
2019-05-26,2019052601006029,NICA,36,42,1000,480.0,480000.0
2019-05-26,2019052601006028,NICA,35,42,26,480.0,12480.0
2019-05-26,2019052601006027,NICA,1,42,150,480.0,72000.0
2019-05-26,2019052601006026,NICA,51,42,450,480.0,216000.0
2019-05-26,2019052601006231,NLIC,42,58,20,937.0,18740.0
2019-05-26,2019052601006179,NLIC,16,6,244,938.0,228872.0
2019-05-26,2019052601006170,NLIC,16,16,256,938.0,240128.0
2019-05-26,2019052601006156,NLIC,16,16,290,938.0,272020.0
2019-05-26,2019052601006151,NLIC,16,25,10,938.0,9380.0
2019-05-26,2019052601006263,NLICL,35,33,10,665.0,6650.0
2019-05-26,2019052601006277,NMBMF,38,38,100,1144.0,114400.0
2019-05-26,2019052601005820,NMBMF,37,49,100,1142.0,114200.0
2019-05-26,2019052601006054,NNLB,29,45,14,400.0,5600.0
2019-05-26,2019052601005911,NNLB,57,45,186,400.0,74400.0
2019-05-26,2019052601006271,NTC,43,58,39,731.0,28509.0
2019-05-26,2019052601006084,NTC,43,17,100,731.0,73100.0
2019-05-26,2019052601005826,NTC,39,44,50,734.0,36700.0
2019-05-26,2019052601006281,OHL,58,58,20,665.0,13300.0
2019-05-26,2019052601005899,OHL,14,58,100,671.0,67100.0
2019-05-26,2019052601006082,PCBL,28,56,485,313.0,151805.0
2019-05-26,2019052601006065,PCBL,16,49,136,312.0,42432.0
2019-05-26,2019052601006064,PCBL,20,49,200,312.0,62400.0
2019-05-26,2019052601006063,PCBL,11,49,1000,312.0,312000.0
2019-05-26,2019052601006062,PCBL,45,49,500,312.0,156000.0
2019-05-26,2019052601006061,PCBL,41,49,100,312.0,31200.0
2019-05-26,2019052601005880,PCBL,32,56,355,313.0,111115.0
2019-05-26,2019052601006060,PCBL,56,49,500,312.0,156000.0
2019-05-26,2019052601006059,PCBL,42,49,300,312.0,93600.0
2019-05-26,2019052601006058,PCBL,21,49,353,312.0,110136.0
2019-05-26,2019052601005999,PCBL,34,56,60,313.0,18780.0
2019-05-26,2019052601005882,PCBL,54,56,50,313.0,15650.0
2019-05-26,2019052601005881,PCBL,49,56,50,313.0,15650.0
2019-05-26,2019052601006165,PIC,39,36,11,1197.0,13167.0
2019-05-26,2019052601006096,PIC,39,42,11,1197.0,13167.0
2019-05-26,2019052601006088,PIC,33,57,50,1198.0,59900.0
2019-05-26,2019052601006087,PIC,25,57,39,1198.0,46722.0
2019-05-26,2019052601005993,PIC,25,41,11,1198.0,13178.0
2019-05-26,2019052601005945,PIC,19,58,174,1200.0,208800.0
2019-05-26,2019052601005928,PIC,19,13,11,1200.0,13200.0
2019-05-26,2019052601005997,PMHPL,56,41,10,110.0,1100.0
2019-05-26,2019052601005868,PMHPL,56,16,10,110.0,1100.0
2019-05-26,2019052601005971,PROFL,56,45,50,106.0,5300.0
2019-05-26,2019052601006259,PRVU,7,58,200,277.0,55400.0
2019-05-26,2019052601006173,PRVU,48,43,531,276.0,146556.0
2019-05-26,2019052601006172,PRVU,33,43,300,276.0,82800.0
2019-05-26,2019052601006171,PRVU,35,43,169,276.0,46644.0
2019-05-26,2019052601006141,PRVU,35,45,81,276.0,22356.0
2019-05-26,2019052601005987,PRVU,14,55,100,276.0,27600.0
2019-05-26,2019052601005986,PRVU,14,55,398,276.0,109848.0
2019-05-26,2019052601005964,PRVU,17,55,100,277.0,27700.0
2019-05-26,2019052601006140,PRVU,17,45,40,276.0,11040.0
2019-05-26,2019052601006139,PRVU,54,45,379,276.0,104604.0
2019-05-26,2019052601005989,PRVU,54,55,121,276.0,33396.0
2019-05-26,2019052601005988,PRVU,13,55,350,276.0,96600.0
2019-05-26,2019052601005946,RADHI,49,41,11,165.0,1815.0
2019-05-26,2019052601005809,RADHI,59,1,11,165.0,1815.0
2019-05-26,2019052601005808,RADHI,59,34,11,165.0,1815.0
2019-05-26,2019052601006280,RLFL,52,18,50,141.0,7050.0
2019-05-26,2019052601006049,RLFL,40,58,134,139.0,18626.0
2019-05-26,2019052601006048,RLFL,40,58,100,140.0,14000.0
2019-05-26,2019052601006044,RLFL,28,39,3160,141.0,445560.0
2019-05-26,2019052601006043,RLFL,28,28,200,141.0,28200.0
2019-05-26,2019052601006013,RLFL,17,28,50,141.0,7050.0
2019-05-26,2019052601006201,RMDC,53,16,28,656.0,18368.0
2019-05-26,2019052601006200,RMDC,37,16,20,656.0,13120.0
2019-05-26,2019052601006209,RRHP,26,40,10,95.0,950.0
2019-05-26,2019052601006175,RRHP,26,36,10,95.0,950.0
2019-05-26,2019052601006105,RRHP,40,40,10,96.0,960.0
2019-05-26,2019052601006095,RRHP,40,40,10,96.0,960.0
2019-05-26,2019052601006085,RRHP,40,40,10,96.0,960.0
2019-05-26,2019052601006038,RRHP,40,40,10,96.0,960.0
2019-05-26,2019052601005925,RRHP,40,40,10,96.0,960.0
2019-05-26,2019052601005902,RRHP,40,40,10,96.0,960.0
2019-05-26,2019052601005898,RRHP,40,40,10,96.0,960.0
2019-05-26,2019052601005883,RRHP,40,40,10,96.0,960.0
2019-05-26,2019052601005851,RRHP,40,40,10,96.0,960.0
2019-05-26,2019052601006019,RRHP,40,40,10,96.0,960.0
2019-05-26,2019052601006010,RRHP,40,40,10,96.0,960.0
2019-05-26,2019052601006001,RRHP,40,40,10,96.0,960.0
2019-05-26,2019052601005992,RRHP,40,40,10,96.0,960.0
2019-05-26,2019052601005984,RRHP,40,40,10,96.0,960.0
2019-05-26,2019052601005943,RRHP,40,40,10,96.0,960.0
2019-05-26,2019052601005872,RSDC,7,45,23,380.0,8740.0
2019-05-26,2019052601005843,SADBL,54,17,100,149.0,14900.0
2019-05-26,2019052601005981,SANIMA,17,58,367,356.0,130652.0
2019-05-26,2019052601005832,SANIMA,37,56,300,355.0,106500.0
2019-05-26,2019052601005831,SANIMA,44,56,100,355.0,35500.0
2019-05-26,2019052601005819,SANIMA,44,56,200,355.0,71000.0
2019-05-26,2019052601005811,SANIMA,47,36,500,355.0,177500.0
2019-05-26,2019052601006155,SBBLJ,25,34,1000,199.0,199000.0
2019-05-26,2019052601006018,SBBLJ,28,19,500,197.0,98500.0
2019-05-26,2019052601006252,SBI,25,42,500,472.0,236000.0
2019-05-26,2019052601006251,SBI,34,42,100,472.0,47200.0
2019-05-26,2019052601006250,SBI,21,42,10,472.0,4720.0
2019-05-26,2019052601006249,SBI,45,42,200,472.0,94400.0
2019-05-26,2019052601006248,SBI,11,42,25,472.0,11800.0
2019-05-26,2019052601006247,SBI,55,42,500,473.0,236500.0
2019-05-26,2019052601006240,SBI,25,42,158,476.0,75208.0
2019-05-26,2019052601006111,SBI,25,33,42,476.0,19992.0
2019-05-26,2019052601006246,SBI,17,42,200,473.0,94600.0
2019-05-26,2019052601006245,SBI,50,42,250,473.0,118250.0
2019-05-26,2019052601006244,SBI,40,42,500,474.0,237000.0
2019-05-26,2019052601006243,SBI,34,42,150,474.0,71100.0
2019-05-26,2019052601006242,SBI,57,42,60,475.0,28500.0
2019-05-26,2019052601006241,SBI,21,42,500,475.0,237500.0
2019-05-26,2019052601006097,SBL,58,33,112,336.0,37632.0
2019-05-26,2019052601006257,SCB,32,16,31,679.0,21049.0
2019-05-26,2019052601006237,SCB,49,38,20,678.0,13560.0
2019-05-26,2019052601006076,SCB,47,16,100,679.0,67900.0
2019-05-26,2019052601005806,SCB,49,45,40,678.0,27120.0
2019-05-26,2019052601005805,SCB,50,45,60,678.0,40680.0
2019-05-26,2019052601005965,SDESI,45,13,23,605.0,13915.0
2019-05-26,2019052601006014,SHINE,41,57,125,262.0,32750.0
2019-05-26,2019052601006207,SHIVM,25,44,100,561.0,56100.0
2019-05-26,2019052601006130,SHIVM,25,36,50,561.0,28050.0
2019-05-26,2019052601006101,SHIVM,19,58,200,563.0,112600.0
2019-05-26,2019052601006009,SHIVM,45,58,190,563.0,106970.0
2019-05-26,2019052601005814,SHIVM,36,13,50,562.0,28100.0
2019-05-26,2019052601005807,SHIVM,32,22,100,561.0,56100.0
2019-05-26,2019052601005907,SHIVM,43,43,50,563.0,28150.0
2019-05-26,2019052601005906,SHIVM,43,26,30,563.0,16890.0
2019-05-26,2019052601005905,SHIVM,43,4,280,562.0,157360.0
2019-05-26,2019052601005890,SHIVM,44,56,10,560.0,5600.0
2019-05-26,2019052601005816,SHIVM,36,4,20,562.0,11240.0
2019-05-26,2019052601005815,SHIVM,36,43,30,562.0,16860.0
2019-05-26,2019052601005963,SHIVM,6,58,200,564.0,112800.0
2019-05-26,2019052601005944,SHIVM,17,38,800,564.0,451200.0
2019-05-26,2019052601005942,SHIVM,45,36,10,563.0,5630.0
2019-05-26,2019052601005941,SHIVM,43,36,40,563.0,22520.0
2019-05-26,2019052601005929,SHIVM,43,36,50,563.0,28150.0
2019-05-26,2019052601005908,SHIVM,43,43,50,563.0,28150.0
2019-05-26,2019052601006144,SHPC,34,56,300,271.0,81300.0
2019-05-26,2019052601006143,SHPC,40,56,100,272.0,27200.0
2019-05-26,2019052601006142,SHPC,47,56,100,272.0,27200.0
2019-05-26,2019052601005879,SHPC,51,26,66,275.0,18150.0
2019-05-26,2019052601005935,SINDU,41,17,100,139.0,13900.0
2019-05-26,2019052601005835,SKBBL,46,58,24,984.0,23616.0
2019-05-26,2019052601005825,SKBBL,46,45,40,984.0,39360.0
2019-05-26,2019052601005824,SKBBL,16,45,10,984.0,9840.0
2019-05-26,2019052601005896,SLBSL,44,22,10,558.0,5580.0
2019-05-26,2019052601005817,SLICL,34,25,200,588.0,117600.0
2019-05-26,2019052601006041,SMFDB,38,50,49,566.0,27734.0
2019-05-26,2019052601005856,SRBL,38,33,97,258.0,25026.0
2019-05-26,2019052601005833,SRBL,38,55,55,258.0,14190.0
2019-05-26,2019052601006183,UIC,58,58,120,994.0,119280.0
2019-05-26,2019052601006056,UIC,7,20,80,995.0,79600.0
2019-05-26,2019052601006037,UIC,46,20,10,995.0,9950.0
2019-05-26,2019052601006036,UIC,52,20,10,996.0,9960.0
2019-05-26,2019052601005973,UIC,37,5,150,996.0,149400.0
2019-05-26,2019052601005894,UIC,21,38,60,1005.0,60300.0
2019-05-26,2019052601005893,UIC,21,6,100,1005.0,100500.0
2019-05-26,2019052601005892,UIC,21,10,400,1005.0,402000.0
2019-05-26,2019052601005858,UIC,57,58,700,997.0,697900.0
2019-05-26,2019052601005853,UIC,57,10,100,997.0,99700.0
2019-05-26,2019052601006154,UPCL,59,55,70,94.0,6580.0
2019-05-26,2019052601006153,UPCL,37,55,30,94.0,2820.0
2019-05-26,2019052601006120,UPCL,43,21,10,95.0,950.0
2019-05-26,2019052601006119,UPCL,43,49,90,95.0,8550.0
2019-05-26,2019052601006278,UPPER,47,29,40,280.0,11200.0
2019-05-26,2019052601006270,UPPER,47,38,1000,280.0,280000.0
2019-05-26,2019052601006269,UPPER,47,42,40,280.0,11200.0
2019-05-26,2019052601006211,UPPER,47,42,10,280.0,2800.0
2019-05-26,2019052601006210,UPPER,42,42,40,281.0,11240.0
2019-05-26,2019052601006150,UPPER,41,58,410,282.0,115620.0
2019-05-26,2019052601005897,UPPER,50,43,92,282.0,25944.0
2019-05-26,2019052601005884,UPPER,50,16,40,282.0,11280.0
2019-05-26,2019052601005874,UPPER,50,41,50,282.0,14100.0
2019-05-26,2019052601005863,UPPER,50,55,293,282.0,82626.0
2019-05-26,2019052601005804,UPPER,50,45,20,282.0,5640.0
2019-05-26,2019052601006078,UPPER,43,45,380,281.0,106780.0
2019-05-26,2019052601006002,UPPER,43,41,40,281.0,11240.0
2019-05-26,2019052601005985,UPPER,43,42,50,281.0,14050.0
2019-05-26,2019052601005962,UPPER,43,41,50,281.0,14050.0
2019-05-26,2019052601005932,UPPER,50,44,50,282.0,14100.0
2019-05-26,2019052601005910,UPPER,50,58,50,282.0,14100.0
2019-05-26,2019052601006149,UPPER,41,44,50,282.0,14100.0
2019-05-26,2019052601006148,UPPER,41,58,40,282.0,11280.0
2019-05-26,2019052601006121,UPPER,42,1,50,281.0,14050.0
2019-05-26,2019052601006081,UPPER,42,45,70,281.0,19670.0
2019-05-26,2019052601006080,UPPER,45,45,50,281.0,14050.0
2019-05-26,2019052601006079,UPPER,48,45,1000,281.0,281000.0
2019-05-26,2019052601005975,VLBS,55,56,409,558.0,228222.0
2019-05-26,2019052601005974,VLBS,55,34,200,558.0,111600.0
